csdata_id	e_energy	sigma
163035	0.04501252000000022	0.0
163036	0.04771614000000035	60.466313
163037	0.061321300000001244	145.21992
163038	0.07492646000000036	172.2651
163039	0.08853161000000043	119.53638000000001
163040	0.10213677000000132	86.01837900000001
163041	0.11574193000000044	70.953191
163042	0.12934709000000133	62.884409
163043	0.14295225000000045	66.31563299999999
163044	0.15655741000000134	57.950266000000006
163045	0.17016257000000046	60.366663
163046	0.18376772000000052	70.16772900000001
163047	0.19737288000000142	67.763177
163048	0.21097804000000053	65.80323800000001
163049	0.22458320000000143	64.053552
163050	0.23818836000000054	106.04401000000001
163051	0.25179352000000144	96.759408
163052	0.26539868000000055	87.171524
163053	0.2790038300000006	72.38006
163054	0.2926089900000015	66.599896
163055	0.30621415000000063	68.139723
163056	0.3198193100000015	65.78954499999999
163057	0.33342447000000064	62.928134
163058	0.34702963000000153	62.565449
163059	0.36063479000000065	95.27085100000001
163060	0.3878451000000016	63.657604000000006
163061	0.4014502600000007	66.52839499999999
163062	0.4150554200000016	67.843644
163063	0.42866058000000073	70.722025
163064	0.44226573999999985	74.125006
163065	0.45587090000000074	86.66597900000001
163066	0.4694760500000008	94.67666899999999
163067	0.4830812099999999	93.75668
163068	0.4966863700000008	91.786097
163069	0.5102915299999999	89.75680899999999
163070	0.5238966900000008	87.420165
163071	0.53750185	83.167668
163072	0.5511070100000008	79.813956
163073	0.5647121600000009	86.60561
163074	0.57831732	86.902355
163075	0.5919224800000009	87.853696
163076	0.60552764	86.115318
163077	0.6191328000000009	87.27695600000001
163078	0.63273796	86.72710500000001
163079	0.6463431200000009	86.312925
163080	0.659948270000001	85.69736999999999
163081	0.6735534300000001	85.72293
163082	0.687158590000001	87.805352
163083	0.7007637500000001	88.815674
163084	0.714368910000001	88.43249300000001
163085	0.7279740700000001	86.470937
163086	0.741579230000001	83.712438
163087	0.7551843800000011	76.633041
163088	0.7823947000000011	71.40804200000001
163089	0.7959998600000002	68.990584
163090	0.8368153400000011	63.006254000000006
163091	0.8504204900000012	58.684746
163092	0.8640256500000003	56.841915
163093	0.8776308100000012	57.057694999999995
163094	0.8912359700000003	56.128581999999994
163095	0.9048411300000012	56.63494300000001
163096	0.9184462900000003	57.542471
163097	0.9320514500000012	58.705769
163098	0.9456566000000013	58.86769399999999
163099	0.9592617600000004	60.714282999999995
163100	0.9728669200000013	60.876459999999994
163101	0.9864720800000004	60.52285
163102	1.0000772400000013	59.983579000000006
163103	1.0136824000000004	58.608236
163104	1.0272875600000013	57.909312
163105	1.0408927200000004	56.781312
163106	1.0544978700000005	55.243989
163107	1.0681030300000014	54.232224
163108	1.0817081900000005	53.879548
163109	1.0953133500000014	52.458337
163110	1.1089185100000005	51.165538
163111	1.1225236700000014	49.53626
163112	1.1361288300000005	47.715346999999994
163113	1.1497339800000006	46.096315000000004
163114	1.1633391400000015	44.87218
163115	1.1769443000000006	44.272526
163116	1.1905494600000015	43.695458
163117	1.2041546200000006	43.140536
163118	1.2177597800000015	42.824557
163119	1.2313649400000006	41.894271999999994
163120	1.2449700900000007	41.008427000000005
163121	1.2585752500000016	40.806739
163122	1.2721804100000007	40.240840000000006
163123	1.2857855700000016	39.716066
163124	1.2993907300000007	39.287267
163125	1.3129958900000016	38.676528999999995
163126	1.3266010500000007	37.991004
163127	1.3402062000000008	37.59308
163128	1.35381136	36.953254
163129	1.3674165200000008	36.604248999999996
163130	1.38102168	36.203416
163131	1.3946268400000008	35.686021000000004
163132	1.408232	35.245124
163133	1.4218371600000008	34.588949
163134	1.4354423100000009	34.114433
163135	1.44904747	33.542246
163136	1.462652630000001	33.947663
163137	1.47625779	33.062523
163138	1.489862950000001	33.085229
163139	1.50346811	33.195661
163140	1.517073270000001	33.179944
163141	1.530678420000001	33.419403
163142	1.54428358	33.247791
163143	1.557888740000001	33.215108
163144	1.5714939	33.076902000000004
163145	1.585099060000001	32.799908
163146	1.5987042200000001	32.771959
163147	1.612309380000001	32.562819
163148	1.625914530000001	32.235262
163149	1.6395196900000002	31.836396
163150	1.653124850000001	31.751198
163151	1.6667300100000002	31.583732
163152	1.680335170000001	31.499627
163153	1.6939403300000002	31.140012
163154	1.707545490000001	30.896486
163155	1.7211506400000012	30.709837
163156	1.7347558000000003	30.354513
163157	1.7483609600000012	30.144717
163158	1.7619661200000003	29.710289000000003
163159	1.7755712800000012	29.389176000000003
163160	1.7891764400000003	29.18722
163161	1.8027816000000012	28.948904
163162	1.8163867500000013	28.491201
163163	1.8299919100000004	28.238104999999997
163164	1.8435970700000013	27.952289
163165	1.8572022300000004	27.626137
163166	1.8708073900000013	27.258856
163167	1.8844125500000004	26.963515
163168	1.8980177100000013	26.782140999999996
163169	1.9116228600000014	26.521997999999996
163170	1.9252280200000005	26.287863
163171	1.9388331800000014	26.193959
163172	1.9524383400000005	26.041135999999998
163173	1.9660435000000014	25.780839999999998
163174	1.9796486600000005	25.620492000000002
163175	1.9932538200000014	25.320412
163176	2.0068589800000005	24.974853
163177	2.0204641300000006	24.932667000000002
163178	2.0340692900000015	24.861724
163179	2.0476744500000006	24.736465
163180	2.0612796100000015	24.427588
163181	2.0748847700000006	24.276663
163182	2.0884899300000015	24.100974
163183	2.1020950900000006	23.977363
163184	2.1157002400000007	23.681160000000002
163185	2.1293054000000016	23.44991
163186	2.1429105600000007	23.27356
163187	2.1565157200000016	23.128239999999998
163188	2.1701208800000007	22.974347
163189	2.1837260400000016	22.850099
163190	2.1973312000000007	22.627057999999998
163191	2.2109363500000008	22.366403
163192	2.22454151	22.19548
163193	2.238146670000001	22.065172
163194	2.25175183	21.916323000000002
163195	2.265356990000001	21.79397
163196	2.27896215	21.568698
163197	2.292567310000001	21.403347
163198	2.306172460000001	21.235369
163199	2.31977762	21.058294
163200	2.333382780000001	20.952921
163201	2.34698794	20.836163
163202	2.360593100000001	20.634311
163203	2.37419826	20.568112
163204	2.387803420000001	20.474257
163205	2.401408570000001	20.405348
163206	2.41501373	20.264170999999997
163207	2.428618890000001	20.183531
163208	2.44222405	20.066769
163209	2.455829210000001	19.929876
163210	2.46943437	19.967042000000003
163211	2.483039530000001	19.842059
163212	2.496644680000001	19.777469
163213	2.51024984	19.637376
163214	2.523855000000001	19.480083999999998
163215	2.53746016	19.367206
163216	2.551065320000001	19.177116
163217	2.56467048	19.05217
163218	2.591880790000001	18.79693
163219	2.6054859500000003	18.688647
163220	2.619091110000001	18.599319
163221	2.6326962700000003	18.557921
163222	2.646301430000001	18.510193
163223	2.6599065900000003	18.455034
163224	2.673511750000001	18.36263
163225	2.6871169000000013	18.237535
163226	2.7007220600000004	18.136451
163227	2.7143272200000013	18.055978
163228	2.7279323800000004	17.993078
163229	2.7415375400000013	17.948349
163230	2.7551427000000004	17.889354
163231	2.7687478600000013	17.804205
163232	2.7823530100000013	17.642601000000003
163233	2.7959581700000005	17.693289
163234	2.8095633300000014	17.653570000000002
163235	2.8231684900000005	17.526204
163236	2.8367736500000014	17.471373
163237	2.8503788100000005	17.432728
163238	2.8639839700000014	17.402947
163239	2.8775891200000014	17.246769
163240	2.8911942800000006	17.206679
163241	2.9047994400000015	17.174031
163242	2.9184046000000006	17.105313
163243	2.9320097600000015	17.023204999999997
163244	2.9456149200000006	16.954656
163245	2.9592200800000015	16.880666
163246	2.9728252400000006	16.896181
163247	2.9864303900000007	16.818784
163248	3.0000355500000015	16.81844
163249	3.0136407100000007	16.784142000000003
163250	3.0272458700000016	16.684188
163251	3.0408510300000007	16.66657
163252	3.0544561900000016	16.619304
163253	3.0680613500000007	16.523572
163254	3.0816665000000008	16.517854999999997
163255	3.0952716600000016	16.497485
163256	3.108876819999999	16.441589
163257	3.12248198	16.349560999999998
163258	3.1360871400000008	16.300818
163259	3.1496923000000017	16.21259
163260	3.163297459999999	16.154067
163261	3.176902609999999	16.085016
163262	3.19050777	16.049808
163263	3.204112930000001	16.008829000000002
163264	3.2177180900000018	15.950179
163265	3.231323249999999	15.888195999999999
163266	3.24492841	15.816680999999999
163267	3.258533570000001	15.75045
163268	3.272138720000001	15.666986999999999
163269	3.285743880000002	15.60166
163270	3.299349039999999	15.555360999999998
163271	3.3129542	15.504124
163272	3.326559360000001	15.449009
163273	3.340164520000002	15.370089000000002
163274	3.353769679999999	15.329267999999999
163275	3.3673748299999993	15.262742999999999
163276	3.38097999	15.213120000000002
163277	3.394585150000001	15.164329
163278	3.408190310000002	15.072689000000002
163279	3.4217954699999993	14.997482999999999
163280	3.43540063	14.957111
163281	3.449005790000001	14.922379999999999
163282	3.476216100000002	14.824615
163283	3.4898212599999994	14.82656
163284	3.5034264200000003	14.779487
163285	3.517031580000001	14.751165
163286	3.530636740000002	14.713692000000002
163287	3.5442418999999994	14.673172000000001
163288	3.5578470499999995	14.653445000000001
163289	3.5714522100000003	14.662722
163290	3.5850573700000012	14.592807999999998
163291	3.598662530000002	14.601583999999999
163292	3.6122676899999995	14.59639
163293	3.6258728500000004	14.574755
163294	3.6394780100000013	14.526770999999998
163295	3.6530831600000013	14.481766
163296	3.666688320000002	14.436411999999999
163297	3.6802934799999996	14.401839
163298	3.6938986400000005	14.377135999999998
163299	3.7075038000000013	14.307672
163300	3.7211089600000022	14.258432
163301	3.7347141199999996	14.263629000000002
163302	3.7619244300000005	14.197244
163303	3.7755295900000014	14.174249
163304	3.7891347500000023	14.121548
163305	3.8027399099999997	14.088182999999999
163306	3.8163450700000006	14.052373999999999
163307	3.8299502300000015	13.943051
163308	3.8435553800000015	13.928998000000002
163309	3.8571605400000024	13.863901
163310	3.8707656999999998	13.842820000000001
163311	3.8843708600000006	13.781942
163312	3.8979760200000015	13.788132000000001
163313	3.9115811800000024	13.709364
163314	3.9251863399999998	13.65461
163315	3.9387915000000007	13.631870999999999
163316	3.9523966500000007	13.599917999999999
163317	3.9660018100000016	13.558132
163318	3.979606969999999	13.511810999999998
163319	3.99321213	13.455854
163320	4.006817290000001	13.435426000000001
163321	4.020422450000002	13.394648000000002
163322	4.034027609999999	13.361566
163323	4.047632759999999	13.318052
163324	4.06123792	13.302403
163325	4.074843080000001	13.273514000000002
163326	4.088448240000002	13.243126
163327	4.102053399999999	13.189523000000001
163328	4.11565856	13.153541
163329	4.129263720000001	13.06852
163330	4.142868870000001	13.06826
163331	4.156474030000002	13.029113
163332	4.170079189999999	12.980203999999999
163333	4.18368435	12.970914
163334	4.197289510000001	12.964553
163335	4.210894670000002	12.934314
163336	4.224499829999999	12.879062
163337	4.238104979999999	12.839091999999999
163338	4.25171014	12.801089
163339	4.265315300000001	12.722207000000001
163340	4.278920460000002	12.710973
163341	4.292525619999999	12.666043
163342	4.30613078	12.641422
163343	4.319735940000001	12.571525999999999
163344	4.333341090000001	12.585343
163345	4.346946250000002	12.576214
163346	4.360551409999999	12.526448
163347	4.37415657	12.504808
163348	4.387761730000001	12.47531
163349	4.401366890000002	12.429139
163350	4.414972049999999	12.410249
163351	4.428577199999999	12.395997
163352	4.44218236	12.319164
163353	4.455787520000001	12.317312
163354	4.469392680000002	12.289527
163355	4.4829978399999995	12.280737
163356	4.496603	12.23846
163357	4.510208160000001	12.24345
163358	4.523813310000001	12.223249000000001
163359	4.537418470000002	12.236448
163360	4.5510236299999995	12.201682
163361	4.56462879	12.192849
163362	4.578233950000001	12.099955
163363	4.591839110000002	12.124146000000001
163364	4.60544427	12.101395
163365	4.61904942	12.069716
163366	4.6326545800000005	12.054649000000001
163367	4.646259740000001	12.018904
163368	4.659864900000002	11.984910000000001
163369	4.67347006	11.961433999999999
163370	4.6870752200000005	11.943724000000001
163371	4.700680380000001	11.919431
163372	4.7142855300000015	11.866278
163373	4.727890690000002	11.876118
163374	4.74149585	11.849956
163375	4.755101010000001	11.820394
163376	4.7687061700000015	11.795653999999999
163377	4.782311330000002	11.760710000000001
163378	4.79591649	11.749056
163379	4.80952164	11.723005
163380	4.823126800000001	11.69097
163381	4.836731960000002	11.669908
163382	4.8503371200000025	11.662002000000001
163383	4.86394228	11.635836
163384	4.877547440000001	11.611275
163385	4.891152600000002	11.593024
163386	4.904757759999999	11.583267999999999
163387	4.918362909999999	11.567042
163388	4.93196807	11.527992999999999
163389	4.945573230000001	11.516575999999999
163390	4.959178390000002	11.509845
163391	4.972783549999999	11.492317
163392	4.98638871	11.462257000000001
163393	4.999993870000001	11.443061
163394	5.013599020000001	11.41871
163395	5.027204180000002	11.38154
163396	5.040809339999999	11.364662
163397	5.0544145	11.356635
163398	5.068019660000001	11.339978
163399	5.081624820000002	11.324185
163400	5.095229979999999	11.302251
163401	5.108835129999999	11.276945
163402	5.12244029	11.256861
163403	5.136045450000001	11.212963
163404	5.149650610000002	11.212336
163405	5.163255769999999	11.198521000000001
163406	5.17686093	11.179474
163407	5.190466090000001	11.15696
163408	5.204071240000001	11.141
163409	5.217676400000002	11.108566999999999
163410	5.231281559999999	11.102241000000001
163411	5.24488672	11.081992999999999
163412	5.258491880000001	11.060442
163413	5.272097040000002	11.03403
163414	5.285702199999999	11.025863000000001
163415	5.299307349999999	11.002739
163416	5.31291251	10.968438
163417	5.326517670000001	10.964796
163418	5.340122830000002	10.941571000000001
163419	5.353727989999999	10.911946
163420	5.36733315	10.888707
163421	5.380938310000001	10.86758
163422	5.394543460000001	10.85469
163423	5.408148620000002	10.799928
163424	5.4217537799999995	10.844446000000001
163425	5.43535894	10.813373
163426	5.448964100000001	10.779166
163427	5.462569260000002	10.770484
163428	5.4761744199999995	10.730247
163429	5.48977957	10.706602
163430	5.5033847300000005	10.696032
163431	5.516989890000001	10.679182
163432	5.530595050000002	10.655324
163433	5.54420021	10.640505000000001
163434	5.5578053700000005	10.610585
163435	5.571410530000001	10.58414
163436	5.5850156800000015	10.576799000000001
163437	5.598620840000002	10.552387
163438	5.612226	10.541238
163439	5.625831160000001	10.517116
163440	5.6394363200000015	10.500909
163441	5.653041480000002	10.480739999999999
163442	5.66664664	10.465292
163443	5.68025179	10.43716
163444	5.693856950000001	10.408727
163445	5.707462110000002	10.383283
163446	5.7210672700000025	10.382762
163447	5.73467243	10.336217
163448	5.748277590000001	10.314182
163449	5.761882750000002	10.313151
163450	5.775487900000002	10.292821
163451	5.789093059999999	13.605031
163452	5.80269822	10.255627
163453	5.816303380000001	10.230644
163454	5.829908540000002	10.232669
163455	5.843513699999999	10.205817999999999
163456	5.85711886	10.174272
163457	5.870724020000001	10.160055
163458	5.884329170000001	10.152559
163459	5.897934330000002	10.122150999999999
163460	5.911539489999999	10.102143
163461	5.92514465	10.067658
163462	5.938749810000001	10.025559
163463	5.952354970000002	10.025763000000001
163464	5.965960129999999	9.9992942
163465	5.979565279999999	9.9789179
163466	5.99317044	9.9707668
163467	6.006775600000001	9.951102
163468	6.020380760000002	9.932086
163469	6.033985919999999	9.9130853
163470	6.04759108	10.460262
163471	6.061196240000001	9.893483900000001
163472	6.074801390000001	9.8671566
163473	6.088406550000002	9.8388459
163474	6.102011709999999	9.8189945
163475	6.11561687	12.128269
163476	6.129222030000001	9.801537199999999
163477	6.142827190000002	9.802144300000002
163478	6.156432349999999	9.764594500000001
163479	6.170037499999999	9.7559605
163480	6.18364266	9.730928
163481	6.197247820000001	9.720822199999999
163482	6.210852980000002	9.7112014
163483	6.224458139999999	9.693372199999999
163484	6.2380633	9.6742804
163485	6.251668460000001	9.677653900000001
163486	6.265273610000001	9.658930300000002
163487	6.278878770000002	9.6440964
163488	6.2924839299999995	9.61935
163489	6.30608909	9.6141177
163490	6.319694250000001	9.596624499999999
163491	6.333299410000002	9.5806107
163492	6.3469045699999995	9.5702287
163493	6.36050972	9.5553657
163494	6.3741148800000005	9.551561300000001
163495	6.387720040000001	9.5368322
163496	6.401325200000002	9.5270532
163497	6.41493036	9.5037839
163498	6.4285355200000005	9.493538800000001
163499	6.442140680000001	9.4845164
163500	6.4557458300000015	9.473845800000001
163501	6.469350990000002	9.445996300000001
163502	6.48295615	9.444824699999998
163503	6.496561310000001	11.389667999999999
163504	6.5101664700000015	9.430976699999999
163505	6.523771630000002	9.4119754
163506	6.53737679	9.389547199999999
163507	6.55098194	9.372830699999998
163508	6.564587100000001	9.3581457
163509	6.578192260000002	9.3561005
163510	6.5917974200000025	9.389169099999998
163511	6.60540258	9.4650795
163512	6.619007740000001	9.3103692
163513	6.632612900000002	9.298523199999998
163514	6.646218050000002	9.2771435
163515	6.659823209999999	9.2723202
163516	6.67342837	9.269991099999999
163517	7.081583130000002	10.421613
163518	12.081478910000001	5.0635174
163519	17.08137469	3.5569394999999995
163520	22.08127048	2.7402875
163521	27.081166260000003	2.2642691000000004
163522	32.08106204	2.2527725
163523	37.08095782	1.8853103999999998
163524	42.08085361	1.8309122
163525	47.08074939	1.8048857
163526	52.080645170000004	1.7150663000000002
163527	57.08054095000001	1.493895
163528	62.08043674	1.2111642
163529	67.08033252000001	0.97796348
163530	72.08022829999999	0.81450514
163531	77.08012407999999	0.69643722
163532	82.08001987	0.60830869
163533	87.07991565	0.54390423
163534	92.07981143	0.49497166
163535	97.07970721000001	0.45577466
163536	102.07960299999999	0.42466442
163537	107.07949878	0.39923907
163538	112.07939456	0.37800061
163539	117.07929034	0.36047093
163540	122.07918612999998	0.34558234
