csdata_id	e_energy	sigma
123072	1.371276090000002	0.0
123073	1.3804244700000012	0.92428083
123074	1.3940296300000021	1.530238
123075	1.4076347900000012	2.7897716
123076	1.4348451000000022	3.0868537
123077	1.4484502600000013	3.4156633000000003
123078	1.4620554200000022	3.6076365
123079	1.4756605800000013	4.0233668
123080	1.4892657400000004	4.4773489
123081	1.5028709000000013	5.0278943
123082	1.5164760500000014	5.3982547
123083	1.5300812100000005	5.7788675000000005
123084	1.5436863700000014	6.1312489999999995
123085	1.5572915300000005	5.4945311
123086	1.5708966900000014	5.7306828
123087	1.5845018500000005	5.875203099999999
123088	1.5981070100000014	6.0424472
123089	1.6117121600000015	6.2039921
123090	1.6253173200000006	6.3978282
123091	1.6389224800000015	6.6684729
123092	1.6525276400000006	6.848519199999999
123093	1.6661328000000015	7.0544734
123094	1.6797379600000006	6.9548937
123095	1.6933431200000015	6.9379002000000005
123096	1.7069482700000016	7.2429443
123097	1.7205534300000007	7.6472699
123098	1.7341585900000016	7.792516900000001
123099	1.7477637500000007	8.0745037
123100	1.7613689100000016	7.8038087
123101	1.7749740700000007	7.8093709
123102	1.7885792300000016	7.600816099999999
123103	1.8021843800000017	7.192897
123104	1.8293947000000017	7.018581200000001
123105	1.8429998600000008	7.383679400000001
123106	1.8838153400000017	5.5546226999999995
123107	1.8974204900000018	5.6000143
123108	1.911025650000001	5.6525084
123109	1.9246308100000018	5.227310500000001
123110	1.938235970000001	5.148841200000001
123111	1.9518411300000018	5.1349168
123112	1.965446290000001	5.1183526
123113	1.9790514500000018	5.0609773
123114	1.9926566000000019	5.251982099999999
123115	2.006261760000001	5.2344442
123116	2.019866920000002	5.1827237
123117	2.033472080000001	5.1159273
123118	2.047077240000002	5.4497705000000005
123119	2.060682400000001	5.5429363
123120	2.074287560000002	5.3880996
123121	2.087892720000001	5.3586349
123122	2.101497870000001	5.3398138
123123	2.115103030000002	5.8682848
123124	2.128708190000001	5.6109383
123125	2.142313350000002	6.0132858
123126	2.155918510000001	6.240805
123127	2.169523670000002	6.301947599999999
123128	2.183128830000001	6.240367900000001
123129	2.196733980000001	6.4624217
123130	2.210339140000002	6.4417828
123131	2.223944300000001	6.082228400000001
123132	2.237549460000002	6.139337599999999
123133	2.251154620000001	6.176097
123134	2.264759780000002	6.203247900000001
123135	2.2783649400000012	6.1333461
123136	2.2919700900000013	6.1881919000000005
123137	2.305575250000002	6.2185669
123138	2.3191804100000013	6.250984
123139	2.332785570000002	6.1409236
123140	2.3463907300000013	6.226233000000001
123141	2.359995890000002	6.1866235000000005
123142	2.3736010500000013	6.1564668
123143	2.3872062000000014	6.1052172
123144	2.4008113600000005	6.1605210999999995
123145	2.4144165200000014	6.1377051
123146	2.4280216800000005	6.095511
123147	2.4416268400000014	6.0631085
123148	2.4552320000000005	5.9820153
123149	2.4688371600000014	6.046802400000001
123150	2.4824423100000015	5.9201104
123151	2.4960474700000006	5.861491099999999
123152	2.5096526300000015	5.831046
123153	2.5232577900000006	5.9966303
123154	2.5368629500000015	5.9558823
123155	2.5504681100000006	5.9204885
123156	2.5640732700000015	5.9296551
123157	2.5776784200000016	5.8796349
123158	2.5912835800000007	5.7452724
123159	2.6048887400000016	5.6829108
123160	2.6184939000000007	5.7496306
123161	2.6320990600000016	5.6210825
123162	2.6457042200000007	5.538229599999999
123163	2.6593093800000016	5.751508
123164	2.6729145300000017	5.7462557
123165	2.686519690000001	5.7297542
123166	2.7001248500000017	5.8078145999999995
123167	2.713730010000001	5.721972
123168	2.7273351700000017	5.8095442
123169	2.740940330000001	5.828162
123170	2.7545454900000017	5.8096058
123171	2.7681506400000018	5.7999684
123172	2.781755800000001	5.7628786
123173	2.795360960000002	5.805815
123174	2.808966120000001	5.7573737000000005
123175	2.822571280000002	5.7027012
123176	2.836176440000001	5.6848503
123177	2.849781600000002	5.674753599999999
123178	2.863386750000002	5.6814876
123179	2.876991910000001	5.658786599999999
123180	2.890597070000002	5.6278119
123181	2.904202230000001	5.5911254
123182	2.917807390000002	5.5990154
123183	2.931412550000001	5.6051120999999995
123184	2.945017710000002	5.570011
123185	2.958622860000002	5.5447487
123186	2.972228020000001	5.5444298
123187	2.985833180000002	5.5112208
123188	2.999438340000001	5.3935569
123189	3.013043500000002	5.5686461
123190	3.026648660000001	5.5409284
123191	3.040253820000002	5.4504331
123192	3.053858980000001	5.5400356
123193	3.067464130000001	5.4898552
123194	3.081069290000002	5.535986900000001
123195	3.094674450000001	5.5375398
123196	3.108279610000002	5.4692857
123197	3.121884770000001	5.4115955
123198	3.135489930000002	5.3750828
123199	3.149095090000001	5.333126
123200	3.1627002400000013	5.3460349
123201	3.176305400000002	5.3684712999999995
123202	3.1899105600000013	5.2487736
123203	3.203515720000002	5.3052482
123204	3.2171208800000013	5.3679101
123205	3.230726040000002	5.3792461
123206	3.2443312000000013	5.3327348
123207	3.2579363500000014	5.343790900000001
123208	3.2715415100000005	5.2892175
123209	3.2851466700000014	5.2600117
123210	3.2987518300000005	5.212619200000001
123211	3.3123569900000014	5.2498846
123212	3.3259621500000005	5.189839599999999
123213	3.3395673100000014	5.166591
123214	3.3531724600000015	5.14049
123215	3.3667776200000006	5.1337380999999995
123216	3.3803827800000015	5.0840708
123217	3.3939879400000006	5.1267555
123218	3.4075931000000015	5.1056414000000006
123219	3.4211982600000006	5.090839599999999
123220	3.4348034200000015	5.131372900000001
123221	3.4484085700000016	5.128091400000001
123222	3.4620137300000007	5.0573375
123223	3.4756188900000016	5.0640770999999996
123224	3.4892240500000007	5.078869
123225	3.5028292100000016	5.1180379
123226	3.5164343700000007	5.109417700000001
123227	3.5300395300000016	5.054232099999999
123228	3.5436446800000017	5.0317263
123229	3.5572498400000008	5.0012087
123230	3.5708550000000017	4.9784821
123231	3.584460160000001	5.0486754000000005
123232	3.5980653200000017	4.960615
123233	3.611670480000001	4.9103553
123234	3.6388807900000018	4.8851227
123235	3.652485950000001	4.8424076
123236	3.6660911100000018	4.797899299999999
123237	3.679696270000001	4.818127099999999
123238	3.6933014300000018	4.749225900000001
123239	3.706906590000001	4.756106900000001
123240	3.720511750000002	4.715032
123241	3.734116900000002	4.7160173
123242	3.747722060000001	4.716707700000001
123243	3.761327220000002	4.7018248
123244	3.774932380000001	4.721669599999999
123245	3.788537540000002	4.7818733
123246	3.802142700000001	4.7525047
123247	3.815747860000002	4.7026538
123248	3.829353010000002	4.848283900000001
123249	3.842958170000001	4.7983755
123250	3.856563330000002	4.789195200000001
123251	3.870168490000001	4.7932551
123252	3.883773650000002	4.7662712
123253	3.897378810000001	4.7943317
123254	3.910983970000002	4.785761900000001
123255	3.924589120000002	4.8085512
123256	3.938194280000001	4.819357900000001
123257	3.951799440000002	4.763995400000001
123258	3.965404600000001	4.772862
123259	3.979009760000002	4.767746099999999
123260	3.992614920000001	4.7863291
123261	4.006220080000002	4.7899028
123262	4.019825240000001	4.7179135
123263	4.033430390000001	4.7342219000000005
123264	4.047035550000002	4.7286825
123265	4.060640710000001	4.7024906
123266	4.074245870000002	4.5916065999999995
123267	4.087851030000001	4.6729221
123268	4.101456190000002	4.6814554
123269	4.115061350000001	4.7011607
123270	4.128666500000001	4.6855955
123271	4.142271660000002	4.7053918
123272	4.15587682	4.6965002
123273	4.1694819800000005	4.632886599999999
123274	4.183087140000001	4.6422175
123275	4.196692300000002	4.625726599999999
123276	4.21029746	4.6402552
123277	4.22390261	4.620767
123278	4.237507770000001	4.5728406999999995
123279	4.2511129300000015	4.5490227
123280	4.264718090000002	4.5529285999999995
123281	4.27832325	4.5310787
123282	4.291928410000001	4.5167461
123283	4.3055335700000015	4.4937761
123284	4.3191387200000015	4.4691237
123285	4.332743880000002	4.4719126
123286	4.34634904	4.4437581
123287	4.359954200000001	4.4105212
123288	4.373559360000002	4.4167307000000005
123289	4.3871645200000025	4.3778358
123290	4.40076968	4.3419112
123291	4.41437483	4.3075085
123292	4.427979990000001	4.262323
123293	4.441585150000002	4.215032900000001
123294	4.4551903100000025	4.2435752
123295	4.46879547	4.228725700000001
123296	4.482400630000001	4.2063231
123297	4.496005790000002	4.2014734
123298	4.523216100000003	4.1503087999999995
123299	4.53682126	4.1429423
123300	4.550426420000001	4.1609492999999995
123301	4.564031580000002	4.1563155
123302	4.577636740000003	4.135982299999999
123303	4.5912419	4.1265201000000005
123304	4.60484705	4.1222072
123305	4.618452210000001	4.117974899999999
123306	4.632057370000002	4.1196714
123307	4.645662530000003	4.1236352
123308	4.65926769	4.1277517999999995
123309	4.672872850000001	4.1297184
123310	4.686478010000002	4.1025583
123311	4.700083160000002	4.062974
123312	4.713688320000003	4.0420583
123313	4.72729348	4.0122504999999995
123314	4.740898640000001	4.0229001
123315	4.754503800000002	4.055649
123316	4.768108960000003	4.0883402
123317	4.78171412	4.1336273
123318	4.808924430000001	4.202818499999999
123319	4.822529590000002	4.1927081
123320	4.836134750000003	4.173032
123321	4.84973991	4.1701
123322	4.863345070000001	4.1592847
123323	4.876950230000002	4.1108666
123324	4.890555380000002	4.0205724
123325	4.904160540000003	4.0664050000000005
123326	4.9177657	4.0842623
123327	4.931370860000001	4.0654471
123328	4.944976020000002	4.0780307
123329	4.958581180000003	4.0486333
123330	4.97218634	4.0482731
123331	4.985791500000001	4.0417618
123332	4.999396650000001	4.0316184
123333	5.013001810000002	3.9928932
123334	5.02660697	4.0104091
123335	5.0402121300000005	4.0082789
123336	5.053817290000001	3.9865459000000003
123337	5.067422450000002	4.0202836
123338	5.08102761	4.0086694
123339	5.09463276	4.0014035
123340	5.1082379200000005	3.9918911
123341	5.121843080000001	3.993821
123342	5.135448240000002	3.9827232000000006
123343	5.1490534	3.9871903
123344	5.162658560000001	3.9868292999999997
123345	5.1762637200000015	4.0007092
123346	5.1898688700000015	3.9954199999999997
123347	5.203474030000002	3.9925262000000004
123348	5.21707919	3.9939305
123349	5.230684350000001	3.9860537000000003
123350	5.2442895100000015	3.9902321000000005
123351	5.257894670000002	3.9926602
123352	5.27149983	4.0189094
123353	5.28510498	4.013738
123354	5.298710140000001	4.041686
123355	5.312315300000002	4.0424945
123356	5.3259204600000025	4.0211204
123357	5.33952562	4.020595200000001
123358	5.353130780000001	4.0305189
123359	5.366735940000002	4.034953
123360	5.380341090000002	4.0029782
123361	5.393946250000003	4.002499299999999
123362	5.40755141	4.0220051
123363	5.421156570000001	4.0044193
123364	5.434761730000002	3.9815457999999997
123365	5.448366890000003	3.9857574999999996
123366	5.46197205	3.9592621
123367	5.4755772	3.9515477
123368	5.489182360000001	3.927714
123369	5.502787520000002	3.9093611000000004
123370	5.516392680000003	3.9073181000000003
123371	5.52999784	3.8997695
123372	5.543603000000001	3.8521233999999995
123373	5.557208160000002	3.8611899
123374	5.570813310000002	3.8657605000000004
123375	5.584418470000003	3.8417218999999996
123376	5.59802363	3.8250224999999998
123377	5.611628790000001	3.8429558
123378	5.625233950000002	3.8271957000000003
123379	5.638839110000003	3.818125
123380	5.65244427	3.7947488
123381	5.66604942	3.7952102
123382	5.679654580000001	3.7620491
123383	5.693259740000002	3.7389025
123384	5.706864900000003	3.6966663
123385	5.72047006	3.7020032999999994
123386	5.734075220000001	3.7007489999999996
123387	5.747680380000002	3.6758316
123388	5.761285530000002	3.6510644999999995
123389	5.774890690000003	3.6244962999999997
123390	5.78849585	3.6339712
123391	5.802101010000001	3.6328970000000003
123392	5.815706170000002	3.6093867
123393	5.829311330000003	3.5820354
123394	5.84291649	3.5736625
123395	5.85652164	3.6080968
123396	5.870126800000001	3.6189869
123397	5.883731960000002	3.6327618999999998
123398	5.897337120000003	3.6341767999999997
123399	5.91094228	3.6413461000000003
123400	5.924547440000001	3.6520616
123401	5.938152600000002	3.6475288999999997
123402	5.95175776	3.6370141000000005
123403	5.96536291	3.6312683
123404	5.9789680700000005	3.6220413000000002
123405	5.992573230000001	3.6200958
123406	6.006178390000002	3.6173330999999997
123407	6.01978355	3.6198127999999996
123408	6.0333887100000005	3.6069612
123409	6.046993870000001	3.6034827000000003
123410	6.0605990200000015	3.5964343999999997
123411	6.074204180000002	3.6069388
123412	6.08780934	3.6023181000000006
123413	6.101414500000001	3.5969772000000004
123414	6.1150196600000015	3.5807515
123415	6.128624820000002	3.5873644000000002
123416	6.14222998	3.5771425000000003
123417	6.15583513	3.5613148999999997
123418	6.169440290000001	3.5420885
123419	6.183045450000002	3.5420974999999997
123420	6.1966506100000025	3.5316873999999996
123421	6.21025577	3.5203860000000002
123422	6.223860930000001	3.5089921000000004
123423	6.237466090000002	3.5002932999999996
123424	6.251071240000002	3.4948373999999998
123425	6.264676400000003	3.4904934
123426	6.27828156	3.4882222
123427	6.291886720000001	3.4849818999999997
123428	6.305491880000002	3.4841737
123429	6.319097040000003	3.4982832999999998
123430	6.3327022	3.5034224000000003
123431	6.34630735	3.5054017
123432	6.359912510000001	3.5316589999999994
123433	6.373517670000002	3.5358226000000004
123434	6.387122830000003	3.5242697999999995
123435	6.40072799	3.5462867999999994
123436	6.414333150000001	3.5576575
123437	6.427938310000002	3.5783093999999998
123438	6.441543460000002	3.5735502999999995
123439	6.455148620000003	3.5653881000000003
123440	6.46875378	3.5675
123441	6.482358940000001	3.5555782
123442	6.495964100000002	3.541435
123443	6.509569260000003	3.5250559999999997
123444	6.52317442	3.4965672
123445	6.53677957	3.4590113
123446	6.550384730000001	3.4979731
123447	6.563989890000002	3.4870745000000003
123448	6.577595050000003	3.4770605000000003
123449	6.59120021	3.4551093
123450	6.604805370000001	3.4483686000000002
123451	6.618410530000002	3.4253008
123452	6.632015680000002	3.4207178
123453	6.645620840000003	3.4039341
123454	6.659226	3.3920121
123455	6.672831160000001	3.3466110000000002
123456	6.686436320000002	3.4544782
123457	6.700041480000003	3.4158378
123458	6.71364664	3.4116251
123459	6.72725179	3.4024004999999997
123460	6.740856950000001	3.4068811
123461	6.754462110000002	3.408694
123462	6.768067270000003	3.4042760000000003
123463	6.78167243	3.4075927000000004
123464	6.795277590000001	3.4081744
123465	6.808882750000002	3.3951376000000004
123466	6.822487900000002	3.3781754
123467	6.83609306	25.566005999999998
123468	6.8496982200000005	3.3900097000000002
123469	6.863303380000001	3.376458
123470	6.876908540000002	3.3666089
123471	6.8905137	3.3897684
123472	6.9041188600000005	3.3709847
123473	6.917724020000001	3.390547
123474	6.9313291700000015	3.3469627999999996
123475	6.944934330000002	3.3363247000000005
123476	6.95853949	3.3269336000000003
123477	6.972144650000001	3.3222922999999995
123478	6.9857498100000015	3.3111547
123479	6.999354970000002	3.3152476
123480	7.01296013	3.3111704
123481	7.02656528	3.3023571000000005
123482	7.040170440000001	3.2874049
123483	7.053775600000002	3.2833284
123484	7.0673807600000025	3.2641825
123485	7.08098592	3.2586386000000003
123486	7.094591080000001	3.2563654
123487	7.108196240000002	3.2383319
123488	7.121801390000002	3.2452442
123489	7.135406550000003	3.2245633
123490	7.14901171	3.2470307999999997
123491	7.162616870000001	3.2493494
123492	7.176222030000002	3.232903
123493	7.189827190000003	3.2204919999999997
123494	7.20343235	3.2147447999999996
123495	7.2170375	3.2016744999999998
123496	7.230642660000001	3.1994523999999998
123497	7.244247820000002	3.1969475
123498	7.257852980000003	3.2101021
123499	7.27145814	3.1886609
123500	7.285063300000001	3.1834905
123501	7.298668460000002	3.1889285
123502	7.312273610000002	3.1779756
123503	7.325878770000003	3.161955
123504	7.33948393	3.1530817000000004
123505	7.353089090000001	3.1667398999999996
123506	7.366694250000002	3.1421772
123507	7.380299410000003	3.1345285
123508	7.39390457	3.1339672000000003
123509	7.40750972	3.1240933999999996
123510	7.421114880000001	3.1185654
123511	7.434720040000002	3.1167597000000002
123512	7.448325200000003	3.1180721
123513	7.46193036	3.1086228
123514	7.475535520000001	3.1075322
123515	7.489140680000002	3.1065204
123516	7.502745830000002	3.0904873
123517	7.516350990000003	3.0726875
123518	7.52995615	3.0616157999999998
123519	7.543561310000001	3.2582276
123520	7.557166470000002	3.0703644
123521	7.570771630000003	3.0700317000000004
123522	7.58437679	3.0598468
123523	7.59798194	3.0559851000000005
123524	7.611587100000001	3.661757
123525	7.625192260000002	3.0481349
123526	7.638797420000003	3.0408463
123527	7.65240258	3.1681216
123528	7.666007740000001	3.0360565
123529	7.679612900000002	3.0313377999999997
123530	7.693218050000002	3.0397225
123531	7.70682321	3.0368053
123532	7.7204283700000005	3.0348752999999995
123533	8.128583130000003	3.2849767999999995
123534	13.128478910000002	1.9105603
123535	18.12837469	1.2738786
123536	23.12827048	0.90437539
123537	28.128166260000004	0.67345536
123538	33.12806204	0.50751011
123539	38.127957820000006	0.39085072
123540	43.12785361	0.3077637
123541	48.127749390000005	0.24754167
123542	53.12764517000001	0.20244482
123543	58.12754095000001	0.16819332
123544	63.12743674000001	0.14173957
123545	68.12733252000001	0.12105066
123546	73.1272283	0.1046305
123547	78.12712408	0.09140718199999999
123548	83.12701987	0.080667004
123549	88.12691565	0.071841486
123550	93.12681143	0.064501984
123551	98.12670721	0.058339982
123552	103.126603	0.05311169
123553	108.12649878	0.048636003
123554	113.12639456000001	0.04477248
123555	118.12629034000001	0.041405656
123556	123.12618613	0.038450975
