csdata_id	e_energy	sigma
170971	13.02126328	0.0
170972	13.03374193	15.31652
170973	13.04734709	27.126472
170974	13.06095225	41.809037
170975	13.07455741	42.617816
170976	13.08816257	43.484958
170977	13.10176772	41.149133
170978	13.11537288	49.773078
170979	13.12897804	47.162504
170980	13.1425832	43.831064
170981	13.15618836	41.881181
170982	13.16979352	38.02182
170983	13.18339868	37.014622
170984	13.19700383	32.781821
170985	13.21060899	31.524064
170986	13.22421415	29.557551
170987	13.23781931	28.195011
170988	13.25142447	27.452258
170989	13.26502963	27.289058
170990	13.27863479	28.801877
170991	13.3058451	29.127296
170992	13.31945026	29.23158
170993	13.33305542	28.926604
170994	13.34666058	29.864325
170995	13.36026574	28.807798
170996	13.3738709	31.037658
170997	13.38747605	32.643538
170998	13.40108121	32.274055
170999	13.41468637	32.462334
171000	13.42829153	31.315113
171001	13.44189669	29.58118
171002	13.45550185	28.295518
171003	13.46910701	27.406881
171004	13.48271216	28.689026
171005	13.49631732	29.691156
171006	13.50992248	29.299973
171007	13.52352764	29.352639
171008	13.5371328	28.57915
171009	13.55073796	28.445987
171010	13.56434312	27.81109
171011	13.57794827	27.328361
171012	13.59155343	26.698453
171013	13.60515859	27.338058
171014	13.61876375	27.558539
171015	13.63236891	27.500673
171016	13.64597407	28.498333
171017	13.65957923	31.717889
171018	13.67318438	34.997928
171019	13.7003947	32.089433
171020	13.71399986	33.483
171021	13.75481534	29.964239
171022	13.76842049	29.909638
171023	13.78202565	27.129691
171024	13.79563081	25.855477
171025	13.80923597	26.075802
171026	13.82284113	24.063534
171027	13.83644629	22.72862
171028	13.85005145	22.106827
171029	13.8636566	21.182879
171030	13.87726176	18.129562
171031	13.89086692	15.858425
171032	13.90447208	15.482205
171033	13.91807724	14.596333
171034	13.9316824	14.467897
171035	13.94528756	13.603977
171036	13.95889272	13.197962
171037	13.97249787	12.943386
171038	13.98610303	13.159022
171039	13.99970819	13.319989
171040	14.01331335	13.839401
171041	14.02691851	14.094425
171042	14.04052367	14.319064
171043	14.05412883	14.774906
171044	14.06773398	14.131991
171045	14.08133914	13.178627
171046	14.0949443	12.51225
171047	14.10854946	11.949926
171048	14.12215462	11.377394
171049	14.13575978	11.075096
171050	14.14936494	11.03713
171051	14.16297009	11.288547
171052	14.17657525	10.685425
171053	14.19018041	10.296013
171054	14.20378557	10.224983
171055	14.21739073	9.8597861
171056	14.23099589	9.946109
171057	14.24460105	9.7728113
171058	14.2582062	9.8220772
171059	14.27181136	9.7172515
171060	14.28541652	9.6495962
171061	14.29902168	9.7127666
171062	14.31262684	9.8859422
171063	14.326232	9.8603397
171064	14.33983716	9.956425
171065	14.35344231	10.238409
171066	14.36704747	9.9480016
171067	14.38065263	9.7944302
171068	14.39425779	10.338153
171069	14.40786295	10.414025
171070	14.42146811	10.505081
171071	14.43507327	10.373316
171072	14.44867842	10.606461
171073	14.46228358	10.298956
171074	14.47588874	10.062276
171075	14.4894939	9.7477025
171076	14.50309906	9.3662274
171077	14.51670422	9.0981055
171078	14.53030938	9.1004123
171079	14.54391453	9.0706625
171080	14.55751969	8.5934508
171081	14.57112485	8.2026088
171082	14.58473001	8.3684686
171083	14.59833517	8.1375691
171084	14.61194033	8.1038792
171085	14.62554549	7.9807584
171086	14.63915064	7.8021025
171087	14.6527558	7.6729552
171088	14.66636096	7.5297222
171089	14.67996612	7.4104039
171090	14.69357128	7.3148388
171091	14.70717644	7.1832835
171092	14.7207816	7.1157731
171093	14.73438675	7.0409963
171094	14.74799191	7.1113771
171095	14.76159707	7.0520392
171096	14.77520223	6.9874719
171097	14.78880739	7.0629326
171098	14.80241255	7.1141893
171099	14.81601771	7.1301032
171100	14.82962286	7.3074361
171101	14.84322802	7.4081178
171102	14.85683318	7.2348262
171103	14.87043834	7.3495926
171104	14.8840435	7.0493229
171105	14.89764866	6.7415809
171106	14.91125382	6.4913301
171107	14.92485898	6.33747
171108	14.93846413	6.2442523
171109	14.95206929	6.0311026
171110	14.96567445	5.9338215
171111	14.97927961	5.9378892
171112	14.99288477	5.9059416
171113	15.00648993	5.8069124
171114	15.02009509	5.8247711
171115	15.03370024	5.8212807
171116	15.0473054	5.6590542
171117	15.06091056	5.7550795
171118	15.07451572	5.6981937
171119	15.08812088	5.6836741
171120	15.10172604	5.6884094
171121	15.1153312	5.6643964
171122	15.12893635	5.5369951
171123	15.14254151	5.5320775
171124	15.15614667	5.3629555
171125	15.16975183	5.445423
171126	15.18335699	5.4428672
171127	15.19696215	5.5341446
171128	15.21056731	5.3986484
171129	15.22417246	5.450208
171130	15.23777762	5.5492545
171131	15.25138278	5.5708824
171132	15.26498794	5.5475175
171133	15.2785931	5.6290031
171134	15.29219826	5.681736
171135	15.30580342	5.742485
171136	15.31940857	5.7464247
171137	15.33301373	5.8297613
171138	15.34661889	5.7163423
171139	15.36022405	5.7013136
171140	15.37382921	5.7566385
171141	15.38743437	5.7728701
171142	15.40103953	5.7108242
171143	15.41464468	5.6452817
171144	15.42824984	5.4782846
171145	15.441855	5.4188539
171146	15.45546016	5.1978007
171147	15.46906532	5.1839845
171148	15.48267048	5.1356364
171149	15.50988079	4.9770488
171150	15.52348595	4.9308423
171151	15.53709111	4.9503765
171152	15.55069627	4.9053336
171153	15.56430143	4.9084595
171154	15.57790659	4.7900157
171155	15.59151175	4.7986377
171156	15.6051169	4.7767457
171157	15.61872206	4.6892377
171158	15.63232722	4.6845437
171159	15.64593238	4.6832596
171160	15.65953754	4.6056009
171161	15.6731427	4.5858758
171162	15.68674786	4.6129813
171163	15.70035301	4.5726675
171164	15.71395817	4.5636005
171165	15.72756333	4.5410676
171166	15.74116849	4.5572846
171167	15.75477365	4.5561075
171168	15.76837881	4.5534257
171169	15.78198397	4.5397465
171170	15.79558912	4.5079507
171171	15.80919428	4.4583047
171172	15.82279944	4.4463737
171173	15.8364046	4.4180399
171174	15.85000976	4.4489939
171175	15.86361492	4.3924496
171176	15.87722008	4.327723
171177	15.89082524	4.3007878
171178	15.90443039	4.3063145
171179	15.91803555	4.3064862
171180	15.93164071	4.2950697
171181	15.94524587	4.2823838
171182	15.95885103	4.256043
171183	15.97245619	4.2377423
171184	15.98606135	4.3137998
171185	15.9996665	4.2611253
171186	16.01327166	4.2595682
171187	16.02687682	4.2095137
171188	16.04048198	4.2138568
171189	16.05408714	4.1449087
171190	16.0676923	4.1366763
171191	16.08129746	4.1588875
171192	16.09490261	4.1640772
171193	16.10850777	4.1248843
171194	16.12211293	4.0958817
171195	16.13571809	4.0833942
171196	16.14932325	4.0557438
171197	16.16292841	4.0375126
171198	16.17653357	4.0448215
171199	16.19013872	4.048258
171200	16.20374388	4.0124556
171201	16.21734904	3.9923794
171202	16.2309542	3.9798505
171203	16.24455936	3.9792942
171204	16.25816452	3.9586866
171205	16.27176968	3.9371282
171206	16.28537483	3.9842594
171207	16.29897999	3.9878268
171208	16.31258515	3.9920328
171209	16.32619031	4.0596596
171210	16.33979547	3.9911446
171211	16.35340063	4.0037855
171212	16.36700579	4.036025
171213	16.3942161	4.0210541
171214	16.40782126	4.0281397
171215	16.42142642	4.0004391
171216	16.43503158	3.9823199
171217	16.44863674	4.0006669
171218	16.4622419	4.0092644
171219	16.47584705	4.0272998
171220	16.48945221	4.0298594
171221	16.50305737	4.0261123
171222	16.51666253	4.0492925
171223	16.53026769	4.0441356
171224	16.54387285	4.0544228
171225	16.55747801	4.0382768
171226	16.57108316	4.0214831
171227	16.58468832	3.9977891
171228	16.59829348	4.0098155
171229	16.61189864	4.0384359
171230	16.6255038	4.0539343
171231	16.63910896	4.0642528
171232	16.65271412	4.0264918
171233	16.67992443	3.970229
171234	16.69352959	3.9551844
171235	16.70713475	3.9451784
171236	16.72073991	3.9644451
171237	16.73434507	3.9228749
171238	16.74795023	3.9350015
171239	16.76155538	3.914627
171240	16.77516054	3.8758837
171241	16.7887657	3.8466853
171242	16.80237086	3.827033
171243	16.81597602	3.8435803
171244	16.82958118	3.8052029
171245	16.84318634	3.7663679
171246	16.8567915	3.757417
171247	16.87039665	3.7884828
171248	16.88400181	3.7780612
171249	16.89760697	3.7806081
171250	16.91121213	3.7624898
171251	16.92481729	3.7384008
171252	16.93842245	3.7393188
171253	16.95202761	3.6928222
171254	16.96563276	3.7128102
171255	16.97923792	3.6983771
171256	16.99284308	3.6976643
171257	17.00644824	3.6859273
171258	17.0200534	3.6891307
171259	17.03365856	3.6613418
171260	17.04726372	3.6088731
171261	17.06086887	3.6285131
171262	17.07447403	3.6361327
171263	17.08807919	3.6433054
171264	17.10168435	3.6060581
171265	17.11528951	3.5841294
171266	17.12889467	3.5892479
171267	17.14249983	3.5865976
171268	17.15610498	3.5559319
171269	17.16971014	3.5701156
171270	17.1833153	3.5526171
171271	17.19692046	3.5680412
171272	17.21052562	3.4697553
171273	17.22413078	3.5242833
171274	17.23773594	3.5295493
171275	17.25134109	3.5368212
171276	17.26494625	3.478243
171277	17.27855141	3.4644584
171278	17.29215657	3.4754245
171279	17.30576173	3.4436653
171280	17.31936689	3.4242156
171281	17.33297205	3.4439765
171282	17.3465772	3.4461186
171283	17.36018236	3.4263094
171284	17.37378752	3.3975394
171285	17.38739268	3.416368
171286	17.40099784	3.3961842
171287	17.414603	3.4088366
171288	17.42820816	3.4133441
171289	17.44181331	3.4222367
171290	17.45541847	3.4514052
171291	17.46902363	3.4125812
171292	17.48262879	3.3980176
171293	17.49623395	3.3895187
171294	17.50983911	3.3704526
171295	17.52344427	3.3678935
171296	17.53704942	3.3710683
171297	17.55065458	3.3486229
171298	17.56425974	3.3463462
171299	17.5778649	3.3224308
171300	17.59147006	3.3259264
171301	17.60507522	3.3130222
171302	17.61868038	3.3073502
171303	17.63228553	3.3046121
171304	17.64589069	3.3120849
171305	17.65949585	3.3067998
171306	17.67310101	3.3216956
171307	17.68670617	3.3160532
171308	17.70031133	3.3217708
171309	17.71391649	3.3289094
171310	17.72752164	3.3215067
171311	17.7411268	3.2931384
171312	17.75473196	3.298295
171313	17.76833712	3.3078158
171314	17.78194228	3.2893852
171315	17.79554744	3.2726742
171316	17.8091526	3.2719291
171317	17.82275776	3.2566118
171318	17.83636291	3.2479917
171319	17.84996807	3.2489591
171320	17.86357323	3.2638898
171321	17.87717839	3.2567409
171322	17.89078355	3.2991945
171323	17.90438871	3.2975718
171324	17.91799387	3.2891765
171325	17.93159902	3.2910282
171326	17.94520418	3.2592111
171327	17.95880934	3.2470514
171328	17.9724145	3.2428983
171329	17.98601966	3.257175
171330	17.99962482	3.2337647
171331	18.01322998	3.2322249
171332	18.02683513	3.2085823
171333	18.04044029	3.2021476
171334	18.05404545	3.2050006
171335	18.06765061	3.1965227
171336	18.08125577	3.2063193
171337	18.09486093	3.1852198
171338	18.10846609	3.1791226
171339	18.12207124	3.1700075
171340	18.1356764	3.1595939
171341	18.14928156	3.1774142
171342	18.16288672	3.1612363
171343	18.17649188	3.1641952
171344	18.19009704	3.1668669
171345	18.2037022	3.1717241
171346	18.21730735	3.1659736
171347	18.23091251	3.1402121
171348	18.24451767	3.1637672
171349	18.25812283	3.1700872
171350	18.27172799	3.1620072
171351	18.28533315	3.1627325
171352	18.29893831	3.1737842
171353	18.31254346	3.1830147
171354	18.32614862	3.1612918
171355	18.33975378	3.1641529
171356	18.35335894	3.1218242
171357	18.3669641	3.1294714
171358	18.38056926	3.1502053
171359	18.39417442	3.1461612
171360	18.40777957	3.1395263
171361	18.42138473	3.1294093
171362	18.43498989	3.1361488
171363	18.44859505	3.125421
171364	18.46220021	3.1195151
171365	18.47580537	3.1178231
171366	18.48941053	3.1229124
171367	18.50301568	3.1167347
171368	18.51662084	3.1111663
171369	18.530226	3.101438
171370	18.54383116	3.0868678
171371	18.55743632	3.0805358
171372	18.57104148	3.0792797
171373	18.58464664	3.0996068
171374	18.59825179	3.0973883
171375	18.61185695	3.0738616
171376	18.62546211	3.0873464
171377	18.63906727	3.0855935
171378	18.65267243	3.082281
171379	18.66627759	3.0936654
171380	18.67988275	3.0896679
171381	18.6934879	3.0754487
171382	18.70709306	7.7705559
171383	18.72069822	3.0638893
171384	18.73430338	3.0553212
171385	18.74790854	3.0441454
171386	18.7615137	3.0341819
171387	18.77511886	3.0459003
171388	18.78872402	3.0501854
171389	18.80232917	3.0436366
171390	18.81593433	3.4921031
171391	18.82953949	3.0161147
171392	18.84314465	3.0161182
171393	18.85674981	3.0141641
171394	18.87035497	3.0037351
171395	18.88396013	2.9919596
171396	18.89756528	2.9742604
171397	18.91117044	2.9845808
171398	18.9247756	2.9592841
171399	18.93838076	2.9749913
171400	18.95198592	2.9685192
171401	18.96559108	3.6589059
171402	18.97919624	2.9634774
171403	18.99280139	2.9598008
171404	19.00640655	2.9502695
171405	19.02001171	2.9445478
171406	19.03361687	66.248395
171407	19.04722203	2.9375661
171408	19.06082719	2.9441531
171409	19.07443235	2.9385271
171410	19.0880375	2.9473986
171411	19.10164266	2.9483958
171412	19.11524782	2.9367532
171413	19.12885298	2.927984
171414	19.14245814	2.9357522
171415	19.1560633	2.9417344
171416	19.16966846	2.9345194
171417	19.18327361	2.9239956
171418	19.19687877	2.9232326
171419	19.21048393	2.927344
171420	19.22408909	2.9081525
171421	19.23769425	2.9010573
171422	19.25129941	2.8951513
171423	19.26490457	2.9088942
171424	19.27850972	2.8975546
171425	19.29211488	2.8978182
171426	19.30572004	2.8880571
171427	19.3193252	2.8839641
171428	19.33293036	2.8713296
171429	19.34653552	2.8729082
171430	19.36014068	2.8733181
171431	19.37374583	2.8707004
171432	19.38735099	2.8736978
171433	19.40095615	2.8602911
171434	19.41456131	8.3404595
171435	19.42816647	2.848767
171436	19.44177163	2.8422083
171437	19.45537679	2.832614
171438	19.46898194	2.8334244
171439	19.4825871	2.8236392
171440	19.49619226	2.8348183
171441	19.50979742	2.9535346
171442	19.52340258	3.4279347
171443	19.53700774	2.8244205
171444	19.5506129	2.8225223
171445	19.56421805	2.8136523
171446	19.57782321	2.821254
171447	19.59142837	2.8346142
171448	19.99958313	2.9861858
171449	24.99947891	1.8346416
171450	29.99937469	1.3107971
171451	34.99927048	1.0059166
171452	39.99916626	0.80394907
171453	44.99906204	0.65173047
171454	49.99895782	0.54878347
171455	54.99885361	0.46780222
171456	59.99874939	0.40728575
171457	64.99864517	0.36113384
171458	69.99854095	0.32533408
171459	74.99843674	0.29728561
171460	79.99833252	0.27543364
171461	84.9982283	0.25869617
171462	89.99812408	0.24567759
171463	94.99801987	0.23611596
171464	99.99791565	0.23050166
171465	104.99781143	0.22754235
171466	109.99770721	0.22780837
171467	114.997603	0.23298894
171468	119.99749878	0.24135065
171469	124.99739456	0.2573553
171470	129.99729034	0.28271108
171471	134.99718613	0.32163996
