csdata_id	e_energy	sigma
33933	1.17659747	0.0
33934	1.18715671	0.09320734300000001
33935	1.20076187	0.13796045
33936	1.21436703	0.16963883
33937	1.22797219	0.19479177
33938	1.24157734	0.2160504
33939	1.2551825	0.23462821
33940	1.26878766	0.25060799
33941	1.28239282	0.26552455
33942	1.29599798	0.27919691
33943	1.30960314	0.29184119
33944	1.3232083000000001	0.30360984
33945	1.3368134500000002	0.31462223
33946	1.3504186100000002	0.32497421
33947	1.3640237700000002	0.33393448
33948	1.3776289300000002	0.34306098
33949	1.3912340900000002	0.35171098
33950	1.4048392500000002	0.35992978
33951	1.4184444099999998	0.36775038
33952	1.4320495599999998	0.37520971
33953	1.4456547199999998	0.38233132
33954	1.4592598799999998	0.38914116
33955	1.4728650399999998	0.39565868
33956	1.4864701999999999	0.4012321
33957	1.5000753599999999	0.40715261
33958	1.5136805199999999	0.41283037
33959	1.52728567	0.41827941
33960	1.54089083	0.42351453
33961	1.55449599	0.42854712
33962	1.56810115	0.43338647
33963	1.58170631	0.43804321
33964	1.59531147	0.44252366
33965	1.60891663	0.44684108
33966	1.6225217799999996	0.45099859
33967	1.6361269399999996	0.45472934
33968	1.6497320999999996	0.45856978
33969	1.6633372599999996	0.46227151
33970	1.6769424199999996	0.46583934
33971	1.6905475799999996	0.46928156
33972	1.7041527399999996	0.47260148
33973	1.7177578899999997	0.47580352
33974	1.7313630499999997	0.47889474
33975	1.7449682099999997	0.48187766
33976	1.7585733699999997	0.48475647
33977	1.7721785299999997	0.48753579
33978	1.7857836899999997	0.4902205
33979	1.7993888499999997	0.49281075
33980	1.8129939999999998	0.49523413
33981	1.8265991599999998	0.49764731
33982	1.8402043199999998	0.499978
33983	1.8538094799999998	0.50222779
33984	1.8674146399999998	0.50440074
33985	1.8810197999999998	0.50649984
33986	1.8946249599999998	0.50852836
33987	1.9082301099999999	0.51048676
33988	1.9218352699999999	0.51237843
33989	1.9354404299999999	0.51420536
33990	1.9490455899999999	0.51597038
33991	1.9626507499999999	0.51767355
33992	1.97625591	0.51931862
33993	1.98986107	0.52090621
33994	2.00346623	0.52244096
33995	2.01707138	0.52392158
33996	2.03067654	0.52535146
33997	2.0442817	0.52672986
33998	2.05788686	0.52806104
33999	2.07149202	0.52934489
34000	2.08509718	0.53058269
34001	2.09870234	0.53177581
34002	2.11230749	0.53292977
34003	2.12591265	0.53403999
34004	2.13951781	0.53510814
34005	2.15312297	0.53613894
34006	2.16672813	0.53713104
34007	2.18033329	0.53808639
34008	2.19393845	0.53900631
34009	2.2075436	0.5398905
34010	2.22114876	0.54074093
34011	2.23475392	0.54155839
34012	2.24835908	0.54234313
34013	2.26196424	0.54309579
34014	2.2755694	0.54381751
34015	2.28917456	0.54451252
34016	2.3027797100000003	0.54517593
34017	2.3163848700000003	0.54581274
34018	2.3299900300000003	0.5464206
34019	2.3435951900000003	0.54700194
34020	2.3572003500000003	0.54755855
34021	2.3708055100000003	0.54808918
34022	2.3844106700000003	0.54859344
34023	2.3980158200000004	0.5490747
34024	2.4116209800000004	0.54953173
34025	2.4252261400000004	0.54996705
34026	2.4388313000000004	0.55038049
34027	2.4524364600000004	0.55077123
34028	2.4660416200000004	0.55113966
34029	2.4796467800000004	0.55148808
34030	2.4932519299999996	0.55181666
34031	2.5068570899999996	0.55212582
34032	2.5204622499999996	0.55241493
34033	2.5340674099999996	0.55268455
34034	2.5476725699999996	0.55293607
34035	2.5612777299999996	0.55316992
34036	2.5748828899999996	0.55338555
34037	2.5884880399999997	0.55358443
34038	2.6020931999999997	0.55376602
34039	2.6156983599999997	0.55393235
34040	2.6293035199999997	0.55408144
34041	2.6429086799999997	0.55421727
34042	2.6565138399999997	0.55433657
34043	2.6701189999999997	0.55444045
34044	2.6837241499999998	0.55453079
34045	2.6973293099999998	0.55460442
34046	2.7109344699999998	0.55466565
34047	2.7245396299999998	0.55471323
34048	2.7381447899999998	0.55474684
34049	2.75174995	0.55476745
34050	2.76535511	0.55477678
34051	2.77896026	0.55477207
34052	2.79256542	0.55475532
34053	2.80617058	0.55472657
34054	2.81977574	0.55468635
34055	2.8333809	0.55463519
34056	2.84698606	0.55457128
34057	2.86059122	0.55449744
34058	2.87419637	0.55441305
34059	2.88780153	0.55431806
34060	2.90140669	0.55421381
34061	2.91501185	0.554099
34062	2.92861701	0.55397398
34063	2.94222217	0.55383962
34064	2.95582733	0.55369767
34065	2.96943249	0.55354622
34066	2.98303764	0.55338391
34067	2.9966428	0.55321349
34068	3.01024796	0.55303583
34069	3.02385312	0.55284856
34070	3.03745828	0.55265285
34071	3.05106344	0.55244962
34072	3.0646686	0.55223879
34073	3.07827375	0.55202138
34074	3.09187891	0.5517947
34075	3.10548407	0.55156061
34076	3.11908923	0.5513208
34077	3.13269439	0.5510741
34078	3.14629955	0.55081843
34079	3.15990471	0.55055817
34080	3.1735098600000002	0.55028861
34081	3.1871150200000002	0.55001463
34082	3.2007201800000002	0.54973498
34083	3.2143253400000003	0.54944797
34084	3.2279305000000003	0.54915734
34085	3.2415356600000003	0.54886011
34086	3.2551408200000003	0.54855679
34087	3.2687459700000003	0.5482475
34088	3.2823511300000003	0.54793287
34089	3.2959562900000003	0.54761375
34090	3.3095614500000003	0.54728897
34091	3.3231666100000004	0.54695965
34092	3.3367717700000004	0.54662481
34093	3.3503769300000004	0.54628725
34094	3.3639820800000004	0.54594214
34095	3.3775872399999995	0.54559353
34096	3.3911923999999996	0.54524042
34097	3.4047975599999996	0.54488346
34098	3.4184027199999996	0.54452247
34099	3.4320078799999996	0.54415657
34100	3.4456130399999996	0.54378636
34101	3.4592181899999996	0.54341336
34102	3.4728233499999996	0.54303626
34103	3.4864285099999996	0.54265502
34104	3.5000336699999997	0.5422697
34105	3.5136388299999997	0.54188182
34106	3.5272439899999997	0.54148977
34107	3.5408491499999997	0.54109187
34108	3.5544542999999997	0.5406947
34109	3.5680594599999997	0.54029257
34110	3.5816646199999997	0.53988588
34111	3.5952697799999997	0.53947784
34112	3.6088749399999998	0.5390674
34113	3.6224800999999998	0.53865341
34114	3.6360852599999998	0.53823672
34115	3.64969041	0.53781756
34116	3.66329557	0.53739629
34117	3.67690073	0.53697163
34118	3.69050589	0.53654387
34119	3.70411105	0.53611463
34120	3.71771621	0.53568203
34121	3.73132137	0.53524761
34122	3.74492652	0.53481127
34123	3.75853168	0.53437182
34124	3.77213684	0.53393061
34125	3.785742	0.53348724
34126	3.79934716	0.53304275
34127	3.81295232	0.53259516
34128	3.82655748	0.5321449
34129	3.84016263	0.53169494
34130	3.85376779	0.53124169
34131	3.86737295	0.53078643
34132	3.88097811	0.5303307
34133	3.89458327	0.52987166
34134	3.90818843	0.52941141
34135	3.92179359	0.52895024
34136	3.93539875	0.52848467
34137	3.9490039	0.52802005
34138	3.96260906	0.5275533
34139	3.97621422	0.52708556
34140	3.98981938	0.52661575
34141	4.00342454	0.52614586
34142	4.0170297	0.52567381
34143	4.03063486	0.52520023
34144	4.04424001	0.52472599
34145	4.05784517	0.52425074
34146	4.07145033	0.52377358
34147	4.08505549	0.52329596
34148	4.09866065	0.52281687
34149	4.11226581	0.52233592
34150	4.12587097	0.52185544
34151	4.13947612	0.52137214
34152	4.15308128	0.52088938
34153	4.16668644	0.5204058
34154	4.1802916	0.51991988
34155	4.19389676	0.51943449
34156	4.20750192	0.51894708
34157	4.22110708	0.51846015
34158	4.23471223	0.51797144
34159	4.24831739	0.51748244
34160	4.26192255	0.51699235
34161	4.27552771	0.51650208
34162	4.2891328699999995	0.51601146
34163	4.3027380299999995	0.51551833
34164	4.3163431899999996	0.51502566
34165	4.32994834	0.51453264
34166	4.3435535	0.51403868
34167	4.35715866	0.51354303
34168	4.37076382	0.51304852
34169	4.38436898	0.51255304
34170	4.39797414	0.51205744
34171	4.4115793	0.51156173
34172	4.42518445	0.51106476
34173	4.43878961	0.51056717
34174	4.45239477	0.510072
34175	4.46599993	0.50957468
34176	4.47960509	0.50907658
34177	4.49321025	0.5085786
34178	4.50681541	0.50808035
34179	4.52042056	0.50758143
34180	4.53402572	0.50708275
34181	4.54763088	0.50658338
34182	4.56123604	0.5060843
34183	4.5748412	0.50558438
34184	4.58844636	0.50508496
34185	4.60205152	0.5045858
34186	4.61565667	0.5040861
34187	4.62926183	0.50358653
34188	4.64286699	0.50308745
34189	4.65647215	0.50258752
34190	4.67007731	0.50208739
34191	4.68368247	0.50158782
34192	4.69728763	0.5010883
34193	4.71089278	0.50058893
34194	4.72449794	0.50008986
34195	4.7381031	0.49959068
34196	4.75170826	0.49909166
34197	4.76531342	0.4985929
34198	4.77891858	0.49809405
34199	4.79252374	0.49759576
34200	4.80612889	0.4970962
34201	4.81973405	0.49659753
34202	4.83333921	0.49610011
34203	4.84694437	0.49560259
34204	4.86054953	0.49510645
34205	4.87415469	0.49460901
34206	4.88775985	0.49411286
34207	4.90136501	0.49361684
34208	4.91497016	0.49312134
34209	4.92857532	0.49262615
34210	4.94218048	0.49213163
34211	4.95578564	0.49163707
34212	4.9693908	0.49114406
34213	4.98299596	0.49065026
34214	4.99660112	0.49015805
34215	5.01020627	0.48966574
34216	5.02381143	0.48917333
34217	5.03741659	0.48868234
34218	5.05102175	0.48819197
34219	5.06462691	0.48770201
34220	5.07823207	0.48721335
34221	5.09183723	0.48672389
34222	5.10544238	0.4862362
34223	5.11904754	0.4857486
34224	5.1326527	0.48526182
34225	5.14625786	0.48477607
34226	5.15986302	0.48429047
34227	5.17346818	0.48380597
34228	5.18707334	0.48332057
34229	5.20067849	0.48283815
34230	5.21428365	0.48235512
34231	5.22788881	0.48187355
34232	5.24149397	0.48139321
34233	5.25509913	0.48091255
34234	5.26870429	0.48043342
34235	5.28230945	0.47995531
34236	5.2959146	0.47947626
34237	5.30951976	0.47899951
34238	5.32312492	0.47852342
34239	5.33673008	0.47804862
34240	5.35033524	0.47757497
34241	5.3639404	0.4771017
34242	5.37754556	0.47662936
34243	5.39115071	0.47615882
34244	5.40475587	0.47568771
34245	5.41836103	0.47521792
34246	5.43196619	0.47474989
34247	5.44557135	0.47428255
34248	5.45917651	0.47381658
34249	5.47278167	0.47335099
34250	5.48638682	0.47288674
34251	5.49999198	0.47242324
34252	5.51359714	0.47196061
34253	5.5272023	0.47149991
34254	5.54080746	0.47103936
34255	5.55441262	0.47057986
34256	5.56801778	0.47012209
34257	5.58162293	0.46966471
34258	5.59522809	0.46920948
34259	5.60883325	0.46875527
34260	5.622438409999999	0.46830145
34261	5.63604357	0.4678491
34262	5.649648729999999	0.46739712
34263	5.66325389	0.46694576
34264	5.67685904	0.46649664
34265	5.690464199999999	0.46604918
34266	5.70406936	0.46560216
34267	5.717674519999999	0.46515706
34268	5.73127968	0.46471246
34269	5.744884839999999	0.46426963
34270	5.75849	0.4638278
34271	5.77209515	0.46338792
34272	5.785700309999999	0.46294807
34273	5.79930547	0.46250982
34274	5.812910629999999	0.46207206
34275	5.82651579	0.46163719
34276	5.840120949999999	0.4612028
34277	5.85372611	0.46076968
34278	5.867331269999999	0.46033832
34279	5.880936419999999	0.45990937
34280	5.89454158	0.45948073
34281	5.908146739999999	0.45905307
34282	5.9217519	0.45862703
34283	5.935357059999999	0.45820325
34284	5.94896222	0.45777964
34285	5.962567379999999	0.45735848
34286	5.9761725299999995	0.45693784
34287	5.98977769	0.45651953
34288	6.0033828499999995	0.45610229
34289	6.01698801	0.45568643
34290	6.0305931699999995	0.4552718
34291	6.04419833	0.45486008
34292	6.0578034899999995	0.45444885
34293	6.07140864	0.45403946
34294	6.0850138000000005	0.45363169
34295	6.09861896	0.45322518
34296	6.1122241200000005	0.45282089
34297	6.12582928	0.45241725
34298	6.1394344400000005	0.45201608
34299	6.1530396	0.45161576
34300	6.16664475	0.45121841
34301	6.180249910000001	0.45082186
34302	6.19385507	0.45042707
34303	6.207460230000001	0.45003467
34304	6.22106539	0.44964315
34305	6.234670550000001	0.44925435
34306	6.24827571	0.44886687
34307	6.26188086	0.44848152
34308	6.275486020000001	0.44809803
34309	6.28909118	0.44771572
34310	6.302696340000001	0.44733679
34311	6.3163015	0.4469585
34312	6.329906660000001	0.44658003
34313	6.34351182	0.4462073
34314	6.35711697	0.44583365
34315	6.370722130000001	0.44546431
34316	6.38432729	0.44509637
34317	6.397932450000001	0.44473144
34318	6.41153761	0.444368
34319	6.425142770000001	0.44400781
34320	6.43874793	0.44364859
34321	6.45235308	0.44329212
34322	6.465958240000001	0.44293903
34323	6.4795634	0.44258655
34324	6.493168560000001	0.44223751
34325	6.50677372	0.44189095
34326	6.520378879999999	0.4415465
34327	6.53398404	0.44120471
34328	6.54758919	0.44086677
34329	6.561194349999999	0.44053019
34330	6.57479951	0.44019599
34331	6.588404669999999	0.4398653
34332	6.60200983	0.43953765
34333	6.615614989999999	0.4392124
34334	6.62922015	0.43889069
34335	6.6428253	0.4385716
34336	6.656430459999999	0.43825577
34337	6.67003562	0.4379428
34338	6.683640779999999	0.43763258
34339	6.69724594	0.43732616
34340	6.710851099999999	0.43702331
34341	6.72445626	0.43672372
34342	6.738061419999999	0.43642749
34343	6.751666569999999	0.4361353
34344	6.76527173	0.43584619
34345	6.778876889999999	0.43556157
34346	6.79248205	0.43528072
34347	6.806087209999999	0.43500313
34348	6.81969237	0.43472976
34349	6.833297529999999	0.43446076
34350	6.8469026799999995	0.43419631
34351	6.86050784	0.43393625
34352	6.8741129999999995	0.43367933
34353	6.88771816	0.43342799
34354	6.9013233199999995	0.43318149
34355	6.91492848	0.43293954
34356	6.9285336399999995	0.43270217
34357	6.94213879	0.4324708
34358	6.9557439500000005	0.43224411
34359	6.96934911	0.4320229
34360	6.9829542700000005	0.43180781
34361	6.99655943	0.43159805
34362	7.0101645900000005	0.43139439
34363	7.02376975	0.4311963
34364	7.0373749	0.43100538
34365	7.0509800600000005	0.43082117
34366	7.06458522	0.43064269
34367	7.078190380000001	0.43047309
34368	7.09179554	0.43030977
34369	7.105400700000001	0.43015401
34370	7.11900586	0.43000663
34371	7.13261101	0.42986613
34372	7.146216170000001	0.42973498
34373	7.15982133	0.4296125
34374	7.173426490000001	0.4294989
34375	7.18703165	0.42939496
34376	7.200636810000001	0.42930028
34377	7.21424197	0.42921619
34378	7.22784712	0.4291433
34379	7.241452280000001	0.42908103
34380	7.25505744	0.42903033
34381	7.268662600000001	0.42899167
34382	7.28226776	0.42896669
34383	7.295872920000001	0.428955
34384	7.30947808	0.42895724
34385	7.32308323	0.42897554
34386	7.336688390000001	0.42900897
34387	7.35029355	0.42906022
34388	7.363898710000001	0.42912837
34389	7.37750387	0.42921721
34390	7.391109030000001	0.42932568
34391	7.40471419	0.42945683
34392	7.41831934	0.4296123
34393	7.431924499999999	0.4297942
34394	7.44552966	0.43000485
34395	7.459134819999999	0.4302473
34396	7.47273998	0.43052614
34397	7.486345139999999	0.43084494
34398	7.4999503	0.43120907
34399	7.51355545	0.431627
34400	7.527160609999999	0.43210643
34401	7.54076577	0.43266299
34402	7.554370929999999	0.43331144
34403	7.56797609	0.43407922
34404	7.581581249999999	0.43500196
34405	7.59518641	0.43613737
34406	7.60879156	0.43758128
34407	7.622396719999999	0.43950195
34408	7.63600188	0.4422235
34409	7.649607039999999	0.44646549
34410	7.6632122	0.45411543
34411	7.676817359999999	0.47178742
34412	7.69042252	0.53621644
34413	7.704027679999999	0.64795753
34414	7.7176328299999994	0.45192091
34415	7.73123799	0.43217595
34416	7.7448431499999995	0.43017492
34417	7.75844831	0.43076981
34418	7.7720534699999995	0.43191529
34419	7.78565863	0.43319399
34420	7.7992637899999995	0.43450827
34421	7.8128689399999995	0.4358393
34422	7.8264741	0.43719086
34423	7.8400792599999996	0.43857324
34424	7.85368442	0.43999463
34425	7.86728958	0.44146993
34426	7.8808947400000005	0.44300627
34427	7.8944999	0.44461607
34428	7.90810505	0.44631006
34429	7.9217102100000005	0.44809799
34430	7.93531537	0.44999093
34431	7.9489205300000005	0.45200237
34432	7.96252569	0.45414591
34433	7.9761308500000005	0.45643644
34434	7.98973601	0.45889478
34435	8.00334116	0.46154678
34436	8.01694632	0.46443407
34437	8.04415664	0.47040161
34438	8.0577618	0.47353639
34439	8.07136696	0.4767459
34440	8.08497212	0.48002289
34441	8.09857727	0.48334799
34442	8.11218243	0.48674236
34443	8.12578759	0.49023787
34444	8.13939275	0.4938657
34445	8.15299791	0.49765324
34446	8.16660307	0.50162314
34447	8.18020823	0.50579737
34448	8.19381338	0.51019593
34449	8.20741854	0.51484442
34450	8.2210237	0.51977025
34451	8.23462886	0.52500868
34452	8.24823402	0.53059974
34453	8.26183918	0.53659414
34454	8.27544434	0.54305274
34455	8.28904949	0.55004716
34456	8.30265465	0.55767093
34457	8.31625981	0.56603149
34458	8.32986497	0.57525725
34459	8.34347013	0.58543274
34460	8.35707529	0.59650609
34461	8.37068045	0.7433464
34462	8.3842856	0.64744525
34463	8.39789076	0.67323489
34464	8.41149592	0.70851826
34465	8.42510108	0.7291234
34466	8.43870624	0.74470255
34467	8.4523114	0.75827085
34468	8.46591656	0.77033788
34469	8.47952171	0.78063547
34470	8.49312687	0.78860217
34471	8.50673203	0.79354509
34472	8.52033719	0.79477469
34473	8.53394235	0.79165205
34474	8.54754751	0.78358522
34475	8.56115267	0.77048144
34476	8.57475782	0.74208043
34477	8.58836298	0.70571295
34478	8.60196814	0.66979937
34479	8.6155733	0.63613441
34480	8.62917846	0.60586671
34481	8.64278362	0.57923886
34482	8.65638878	0.55605783
34483	8.66999394	0.53595069
34484	8.68359909	0.51851046
34485	8.69720425	0.50335123
34486	8.71080941	0.49013051
34487	8.72441457	0.47855466
34488	8.73801973	0.46837691
34489	8.75162489	0.4593907
34490	8.76523005	0.45142264
34491	8.7788352	0.44432853
34492	8.79244036	0.43798683
34493	8.80604552	0.43229622
34494	8.81965068	0.4271695
34495	8.83325584	0.42253527
34496	8.846861	0.41833149
34497	8.86046616	0.41450311
34498	8.87407131	0.41100516
34499	8.88767647	0.40779896
34500	8.90128163	0.40485148
34501	8.91488679	0.40213354
34502	8.92849195	0.39961983
34503	8.94209711	0.39728816
34504	8.95570227	0.39512037
34505	8.96930742	0.39309934
34506	8.98291258	0.39121082
34507	8.99651774	0.38944251
34508	9.0101229	0.38778316
34509	9.02372806	0.38622443
34510	9.03733322	0.38475625
34511	9.05093838	0.38337522
34512	9.06454353	0.38206356
34513	9.07814869	0.38082787
34514	9.09175385	0.37965745
34515	9.10535901	0.37855007
34516	9.11896417	0.37750003
34517	9.13256933	0.37650443
34518	9.14617449	0.37556103
34519	9.15977964	0.37466689
34520	9.1733848	0.37381948
34521	9.18698996	0.37301844
34522	9.20059512	0.37226175
34523	9.21420028	0.3715494
34524	9.22780544	0.37089084
34525	9.2414106	0.37028575
34526	9.25501575	0.36973922
34527	9.26862091	0.36923997
34528	9.28222607	0.36876067
34529	9.29583123	0.36828957
34530	9.30943639	0.36781885
34531	9.32304155	0.36737225
34532	9.33664671	0.36696466
34533	9.35025186	0.36663712
34534	9.36385702	0.36641732
34535	9.37746218	0.36632233
34536	9.39106734	0.36635269
34537	9.4046725	0.36652841
34538	9.41827766	0.36660942
34539	9.43188282	0.36684528
34540	9.44548797	0.3671735
34541	9.45909313	0.3677546
34542	9.47269829	0.36877653
34543	9.48630345	0.37075278
34544	9.49990861	0.37295745
34545	9.51351377	0.3056779
34546	9.52711893	0.36836103
34547	9.54072408	0.38062847
34548	9.55432924	0.40618943
34549	9.5679344	0.57406625
34550	9.58153956	0.30748431
34551	9.59514472	0.32615196
34552	9.60874988	0.33412125
34553	9.62235504	0.33807985
34554	9.6359602	0.34095702
34555	9.64956535	0.34228928
34556	9.66317051	0.34306642
34557	9.67677567	0.34341732
34558	9.69038083	0.34371194
34559	9.70398599	0.34385215
34560	9.71759115	0.34382777
34561	9.73119631	0.34350724
34562	9.74480146	0.34213791
34563	9.75840662	0.3436668
34564	9.77201178	0.34350581
34565	9.78561694	0.34325136
34566	9.7992221	0.34301871
34567	9.81282726	0.34276389
34568	9.82643242	0.34248297
34569	9.84003757	0.34217345
34570	9.85364273	0.34182679
34571	9.86724789	0.3414376
34572	9.88085305	0.34097952
34573	9.89445821	0.3404191
34574	9.90806337	0.3396911
34575	9.92166853	0.33866426
34576	9.93527368	0.33703251
34577	9.94887884	0.33404264
34578	9.962484	0.32603262
34579	9.97608916	0.35070036
34580	9.98969432	0.34448807
34581	10.00329948	0.34342367
34582	10.01690464	0.3427277
34583	10.03050979	0.34195319
34584	10.044114949999999	0.34129533
34585	10.05772011	0.34073679
34586	10.071325269999999	0.34024268
34587	10.08493043	0.3397961
34588	10.09853559	0.33937849
34589	10.11214075	0.33898469
34590	10.1257459	0.33860816
34591	10.13935106	0.33824574
34592	10.15295622	0.33789032
34593	10.16656138	0.33754801
34594	10.18016654	0.33721361
34595	10.1937717	0.33688641
34596	10.20737686	0.33656744
34597	10.22098201	0.33625806
34598	10.23458717	0.33596022
34599	10.24819233	0.33568407
34600	10.26179749	0.33545099
34601	10.27540265	0.33533323
34602	10.28900781	0.33543356
34603	10.30261297	0.33482933
34604	10.31621812	0.33420931
34605	10.32982328	0.33384587
34606	10.34342844	0.33355162
34607	10.3570336	0.33328316
34608	10.37063876	0.33303214
34609	10.38424392	0.33279435
34610	10.39784908	0.33256789
34611	10.41145423	0.33234234
34612	10.42505939	0.33205079
34613	10.43866455	0.33157928
34614	10.45226971	0.33068001
34615	10.46587487	0.32959164
34616	10.47948003	0.32990504
34617	10.49308519	0.32936261
34618	10.50669034	0.32933303
34619	10.5202955	0.32921825
34620	10.53390066	0.32890278
34621	10.54750582	0.32855824
34622	10.56111098	0.32836829
34623	10.57471614	0.3282776
34624	10.5883213	0.32815996
34625	10.60192646	0.32793921
34626	10.61553161	0.32748123
34627	10.62913677	0.32740529
34628	10.64274193	0.32732229
34629	10.65634709	0.32683577
34630	10.66995225	0.32633814
34631	10.68355741	0.32633011
34632	10.69716257	0.32589388
34633	10.71076772	0.32556934
34634	10.72437288	0.32518627
34635	10.73797804	0.32488894
34636	10.7515832	0.32460042
34637	10.76518836	0.32431985
34638	10.77879352	0.32406696
34639	10.79239868	0.32376527
34640	10.80600383	0.3234762
34641	10.81960899	0.32316814
34642	10.83321415	0.32293535
34643	10.84681931	0.32292005
34644	10.86042447	0.32248958
34645	10.87402963	0.32236253
34646	10.88763479	0.32220425
34647	10.9148451	0.32124921
34648	10.92845026	0.32101079
34649	10.94205542	0.32097964
34650	10.95566058	0.32062326
34651	10.969265739999999	0.32032051
34652	10.9828709	0.32006449
34653	10.99647605	0.31974503
34654	11.01008121	0.31941404
34655	11.02368637	0.31898187
34656	11.03729153	0.31875664
34657	11.05089669	0.3184729
34658	11.06450185	0.31820446
34659	11.07810701	0.31782419
34660	11.09171216	0.3174712
34661	11.10531732	0.31711422
34662	11.11892248	0.31674702
34663	11.13252764	0.31585839
34664	11.1461328	0.3160504
34665	11.15973796	0.31570454
34666	11.17334312	0.31574647
34667	11.18694827	0.31553126
34668	11.20055343	0.31478222
34669	11.21415859	0.31376585
34670	11.22776375	0.31458604
34671	11.24136891	0.31760952
34672	11.25497407	0.31822789
34673	11.26857923	0.31805958
34674	11.28218438	0.31705227
34675	11.3093947	0.31619604
34676	11.32299986	0.31548836
34677	11.36381534	0.31402304
34678	11.37742049	0.31399963
34679	11.39102565	0.31390969
34680	11.40463081	0.31382896
34681	11.41823597	0.31372405
34682	11.43184113	0.31331691
34683	11.44544629	0.31306579
34684	11.45905145	0.31288393
34685	11.4726566	0.3127866
34686	11.48626176	0.31245572
34687	11.49986692	0.31207697
34688	11.51347208	0.3118142
34689	11.52707724	0.31144268
34690	11.5406824	0.3111812
34691	11.55428756	0.31089161
34692	11.56789272	0.31070784
34693	11.58149787	0.31074818
34694	11.59510303	0.31074658
34695	11.60870819	0.3105552
34696	11.62231335	0.30996785
34697	11.63591851	0.31003504
34698	11.64952367	0.30986896
34699	11.66312883	0.30987215
34700	11.67673398	0.31026782
34701	11.69033914	0.31003282
34702	11.7039443	0.3096799
34703	11.71754946	0.3096606
34704	11.73115462	0.30968717
34705	11.74475978	0.30957433
34706	11.75836494	0.30913381
34707	11.77197009	0.30918743
34708	11.78557525	0.30887474
34709	11.79918041	0.30801503
34710	11.81278557	0.30784993
34711	11.82639073	0.30789833
34712	11.83999589	0.30768198
34713	11.85360105	0.3074193
34714	11.8672062	0.30700968
34715	11.88081136	0.30670987
34716	11.89441652	0.30679446
34717	11.90802168	0.30646297
34718	11.92162684	0.30610057
34719	11.935232	0.3059391
34720	11.94883716	0.30571755
34721	11.96244231	0.30560242
34722	11.97604747	0.30543241
34723	11.98965263	0.3051811
34724	12.00325779	0.30506689
34725	12.01686295	0.30478544
34726	12.03046811	0.30467152
34727	12.04407327	0.30455557
34728	12.05767842	0.30443135
34729	12.07128358	0.30421551
34730	12.08488874	0.30392306
34731	12.0984939	0.30353798
34732	12.11209906	0.30335942
34733	12.12570422	0.30413844
34734	12.13930938	0.30462628
34735	12.15291453	0.30463096
34736	12.16651969	0.30426473
34737	12.18012485	0.30383966
34738	12.19373001	0.30353441
34739	12.20733517	0.30325144
34740	12.22094033	0.30318838
34741	12.23454549	0.30318515
34742	12.24815064	0.30310038
34743	12.2617558	0.30292651
34744	12.27536096	0.30318794
34745	12.28896612	0.30295596
34746	12.30257128	0.30285031
34747	12.31617644	0.30313797
34748	12.3297816	0.30318674
34749	12.34338675	0.30276067
34750	12.35699191	0.30273029
34751	12.37059707	0.30264575
34752	12.38420223	0.3024143
34753	12.39780739	0.3024042
34754	12.41141255	0.30246415
34755	12.42501771	0.30236206
34756	12.43862286	0.30200864
34757	12.45222802	0.30197279
34758	12.46583318	0.30183566
34759	12.47943834	0.30185139
34760	12.4930435	0.30168268
34761	12.50664866	0.30124567
34762	12.52025382	0.30115279
34763	12.53385898	0.30113714
34764	12.54746413	0.30098361
34765	12.56106929	0.30080136
34766	12.57467445	0.30073395
34767	12.58827961	0.30076292
34768	12.60188477	0.30076124
34769	12.61548993	0.30067653
34770	12.62909509	0.30062375
34771	12.64270024	0.30069916
34772	12.6563054	0.30076714
34773	12.66991056	0.30072058
34774	12.68351572	0.30089245
34775	12.69712088	0.30099729
34776	12.71072604	0.30107841
34777	12.7243312	0.30125134
34778	12.73793635	0.30110582
34779	12.75154151	0.30124702
34780	12.76514667	0.30118156
34781	12.77875183	0.30125598
34782	12.79235699	0.30124948
34783	12.80596215	0.301311
34784	12.81956731	0.30132942
34785	12.83317246	0.3012776
34786	12.84677762	0.30134668
34787	12.86038278	0.30135012
34788	12.87398794	0.30135495
34789	12.8875931	0.30133363
34790	12.90119826	0.30170011
34791	12.91480342	0.30175129
34792	12.92840857	0.30179883
34793	12.94201373	0.30186764
34794	12.95561889	0.30173721
34795	12.96922405	0.30206268
34796	12.98282921	0.3021434
34797	12.99643437	0.30232954
34798	13.01003953	0.30248272
34799	13.02364468	0.30257219
34800	13.03724984	0.30285239
34801	13.050855	0.3029989
34802	13.06446016	0.30320401
34803	13.07806532	0.30362028
34804	13.09167048	0.30399936
34805	13.11888079	0.30369921
34806	13.13248595	0.30347626
34807	13.14609111	0.3036836
34808	13.15969627	0.30348926
34809	13.17330143	0.30390114
34810	13.18690659	0.3032226
34811	13.20051175	0.30296858
34812	13.2141169	0.30271391
34813	13.22772206	0.30226601
34814	13.24132722	0.30179398
34815	13.25493238	0.30138482
34816	13.26853754	0.30070333
34817	13.2821427	0.2996152
34818	13.29574786	0.29896224
34819	13.30935301	0.29796824
34820	13.32295817	0.2970061
34821	13.33656333	0.29588128
34822	13.35016849	0.29484293
34823	13.36377365	0.29357625
34824	13.37737881	0.2923504
34825	13.39098397	0.29139102
34826	13.40458912	0.2903805
34827	13.41819428	0.2889527
34828	13.43179944	0.28785866
34829	13.4454046	0.28673006
34830	13.45900976	0.2851078
34831	13.47261492	0.28375487
34832	13.48622008	0.28287666
34833	13.49982524	0.28173842
34834	13.51343039	0.28118663
34835	13.52703555	0.28023623
34836	13.54064071	0.27940669
34837	13.55424587	0.27857306
34838	13.56785103	0.27794947
34839	13.58145619	0.27729222
34840	13.59506135	0.27671872
34841	13.6086665	0.27638818
34842	13.622271660000001	0.27562985
34843	13.635876819999998	0.27519999
34844	13.64948198	0.27467846
34845	13.66308714	0.27428993
34846	13.676692300000001	0.2738454
34847	13.690297459999998	0.27344755
34848	13.703902609999998	0.27295585
34849	13.71750777	0.27273326
34850	13.73111293	0.27238755
34851	13.744718090000001	0.27234956
34852	13.758323249999998	0.27200017
34853	13.77192841	0.27172444
34854	13.78553357	0.27153327
34855	13.79913872	0.2712535
34856	13.812743880000001	0.27087849
34857	13.826349039999998	0.27056905
34858	13.8399542	0.27021397
34859	13.85355936	0.27003194
34860	13.867164520000001	0.26987945
34861	13.880769679999998	0.26956852
34862	13.894374829999999	0.27000085
34863	13.90797999	0.2695712
34864	13.92158515	0.26932253
34865	13.935190310000001	0.26922248
34866	13.948795469999999	0.26904399
34867	13.96240063	0.26890721
34868	13.97600579	0.26901387
34869	14.003216100000001	0.26886409
34870	14.016821259999999	0.26890162
34871	14.03042642	0.26927234
34872	14.04403158	0.2693529
34873	14.057636740000001	0.26935629
34874	14.071241899999999	0.26933393
34875	14.084847049999999	0.26960878
34876	14.09845221	0.26953446
34877	14.11205737	0.26932234
34878	14.125662530000001	0.26919895
34879	14.139267689999999	0.26917413
34880	14.15287285	0.26908615
34881	14.16647801	0.26904465
34882	14.18008316	0.2685615
34883	14.193688320000001	0.26862799
34884	14.207293479999999	0.26861875
34885	14.22089864	0.26850142
34886	14.2345038	0.26836682
34887	14.248108960000001	0.2682139
34888	14.261714119999999	0.26797396
34889	14.28892443	0.2679348
34890	14.30252959	0.26760143
34891	14.316134750000002	0.26744154
34892	14.329739909999999	0.26701483
34893	14.34334507	0.2671625
34894	14.35695023	0.26701445
34895	14.37055538	0.26669067
34896	14.384160540000002	0.26669604
34897	14.397765699999999	0.26660783
34898	14.41137086	0.26629879
34899	14.42497602	0.26621776
34900	14.438581180000002	0.26613966
34901	14.452186339999999	0.26596845
34902	14.4657915	0.26595362
34903	14.47939665	0.26589732
34904	14.49300181	0.26566398
34905	14.506606969999998	0.26539743
34906	14.520212129999999	0.26505594
34907	14.53381729	0.26505381
34908	14.547422450000001	0.26488542
34909	14.561027609999998	0.26464158
34910	14.574632759999998	0.26455866
34911	14.58823792	0.26432289
34912	14.60184308	0.26389378
34913	14.615448240000001	0.26369987
34914	14.629053399999998	0.26321861
34915	14.64265856	0.26306184
34916	14.65626372	0.26315182
34917	14.66986887	0.26306765
34918	14.683474030000001	0.26290915
34919	14.697079189999998	0.26278632
34920	14.71068435	0.26258199
34921	14.72428951	0.2623682
34922	14.737894670000001	0.26216864
34923	14.751499829999998	0.26188951
34924	14.765104979999998	0.26186269
34925	14.77871014	0.26170797
34926	14.7923153	0.26150023
34927	14.805920460000001	0.26140617
34928	14.819525619999999	0.26117419
34929	14.83313078	0.26094389
34930	14.84673594	0.26096922
34931	14.86034109	0.2607241
34932	14.873946250000001	0.26057542
34933	14.887551409999999	0.26033033
34934	14.90115657	0.26014858
34935	14.91476173	0.26004403
34936	14.928366890000001	0.2598718
34937	14.941972049999999	0.25970351
34938	14.955577199999999	0.25968265
34939	14.96918236	0.25951488
34940	14.98278752	0.25924476
34941	14.996392680000001	0.25836747
34942	15.009997839999999	0.25818089
34943	15.023603	0.25784221
34944	15.03720816	0.25769023
34945	15.05081331	0.25783171
34946	15.064418470000001	0.25771486
34947	15.078023629999999	0.2575925
34948	15.09162879	0.25742019
34949	15.10523395	0.25742811
34950	15.118839110000001	0.2568489
34951	15.132444269999999	0.25670406
34952	15.146049419999999	0.25680228
34953	15.15965458	0.25670747
34954	15.17325974	0.25656453
34955	15.186864900000002	0.2563584
34956	15.200470059999999	0.25617418
34957	15.21407522	0.25588978
34958	15.22768038	0.25577301
34959	15.24128553	0.25539668
34960	15.254890690000002	0.25520577
34961	15.268495849999999	0.25517676
34962	15.28210101	0.25491853
34963	15.29570617	0.25469239
34964	15.309311330000002	0.2544514
34965	15.322916489999999	0.2544185
34966	15.336521639999999	0.25428252
34967	15.3501268	0.25401966
34968	15.36373196	0.25383279
34969	15.377337120000002	0.25357033
34970	15.390942279999999	0.25341129
34971	15.40454744	0.25322102
34972	15.4181526	0.25314736
34973	15.431757759999998	0.25293544
34974	15.445362909999998	0.25286535
34975	15.45896807	0.25246522
34976	15.47257323	0.25218953
34977	15.486178390000001	0.25206696
34978	15.499783549999998	0.25199304
34979	15.51338871	0.25172314
34980	15.52699387	0.25151778
34981	15.54059902	0.25141074
34982	15.554204180000001	0.25139619
34983	15.567809339999998	0.25082753
34984	15.5814145	0.25094971
34985	15.59501966	0.25079508
34986	15.608624820000001	0.25094177
34987	15.622229979999998	0.25052661
34988	15.635835129999998	0.25019266
34989	15.64944029	0.25035675
34990	15.66304545	0.25024721
34991	15.676650610000001	0.24968283
34992	15.690255769999998	0.24967208
34993	15.70386093	0.24905351
34994	15.71746609	0.24898593
34995	15.73107124	0.24862
34996	15.744676400000001	0.24882663
34997	15.758281559999999	0.24856562
34998	15.77188672	0.2481416
34999	15.78549188	0.24798093
35000	15.799097040000001	0.24785744
35001	15.812702199999999	0.24773015
35002	15.826307349999999	0.24778154
35003	15.83991251	0.24739478
35004	15.85351767	0.24708627
35005	15.867122830000001	0.24669871
35006	15.880727989999999	0.24671826
35007	15.89433315	0.24630796
35008	15.90793831	0.24617746
35009	15.92154346	0.24615569
35010	15.935148620000001	0.24586961
35011	15.948753779999999	0.24574862
35012	15.96235894	0.24565571
35013	15.9759641	0.24555036
35014	15.989569260000001	0.24526888
35015	16.00317442	0.2450975
35016	16.016779569999997	0.24504599
35017	16.03038473	0.24503432
35018	16.04398989	0.24495841
35019	16.057595050000003	0.2448709
35020	16.07120021	0.24469041
35021	16.084805369999998	0.24472016
35022	16.098410530000002	0.24470107
35023	16.11201568	0.24459381
35024	16.125620840000003	0.2445054
35025	16.139226	0.24427282
35026	16.152831159999998	0.24433625
35027	16.166436320000003	0.24407711
35028	16.18004148	0.2440804
35029	16.193646639999997	0.24393888
35030	16.20725179	0.2437421
35031	16.220856949999998	0.24368489
35032	16.234462110000003	0.24356446
35033	16.24806727	0.24356441
35034	16.261672429999997	0.24347016
35035	16.27527759	0.24333793
35036	16.28888275	0.24320391
35037	16.302487900000003	0.24296341
35038	16.31609306	0.24281719
35039	16.329698219999997	0.24266795
35040	16.343303380000002	0.24236714
35041	16.35690854	0.24229987
35042	16.370513699999997	0.24217179
35043	16.38411886	0.24196543
35044	16.39772402	0.24177311
35045	16.411329170000002	0.24167353
35046	16.42493433	0.24141669
35047	16.438539489999997	0.24128655
35048	16.45214465	0.2410367
35049	16.46574981	0.24098923
35050	16.479354970000003	0.24094362
35051	16.49296013	0.24058869
35052	16.506565279999997	0.24034805
35053	16.52017044	0.24020958
35054	16.5337756	0.23999857
35055	16.547380760000003	0.23990227
35056	16.56098592	0.23975626
35057	16.574591079999998	0.23956126
35058	16.588196240000002	0.23940658
35059	16.60180139	0.23912413
35060	16.615406550000003	0.23902337
35061	16.62901171	0.23883317
35062	16.642616869999998	0.23874307
35063	16.656222030000002	0.23868615
35064	16.66982719	0.23829757
35065	16.683432349999997	0.23816852
35066	16.6970375	0.23804875
35067	16.710642659999998	0.23793838
35068	16.724247820000002	0.23774858
35069	16.73785298	0.23761788
35070	16.751458139999997	0.23751846
35071	16.7650633	0.23729643
35072	16.77866846	0.23710108
35073	16.792273610000002	0.23704764
35074	16.80587877	0.23690552
35075	16.819483929999997	0.23660009
35076	16.83308909	0.23661416
35077	16.84669425	0.23656307
35078	16.860299410000003	0.23627808
35079	16.87390457	0.23610738
35080	16.887509719999997	0.23595531
35081	16.90111488	0.23577317
35082	16.91472004	0.2356605
35083	16.928325200000003	0.2355279
35084	16.94193036	0.23536621
35085	16.955535519999998	0.23517834
35086	16.969140680000002	0.23503594
35087	16.98274583	0.23485805
35088	16.996350990000003	0.23463095
35089	17.00995615	0.23456383
35090	17.023561309999998	0.23426243
35091	17.037166470000003	0.2341811
35092	17.05077163	0.23400499
35093	17.064376789999997	0.23381867
35094	17.07798194	0.23373517
35095	17.091587099999998	0.23363473
35096	17.105192260000003	0.23344433
35097	17.11879742	0.23330574
35098	17.132402579999997	0.2332856
35099	17.14600774	0.23314933
35100	17.1596129	0.23296822
35101	17.173218050000003	0.23286597
35102	17.18682321	0.23278255
35103	17.200428369999997	0.23245638
35104	17.60858313	0.22982844
35105	22.608478910000002	0.1901958
35106	27.608374689999998	0.16278415
35107	32.60827048	0.14052949
35108	37.608166260000004	0.12246778
35109	42.60806204	0.10861949
35110	47.60795782	0.096190687
35111	52.60785361	0.08510686699999999
35112	57.60774939	0.079196885
35113	62.607645170000005	0.074282049
35114	67.60754095	0.070122116
35115	72.60743674	0.066408651
35116	77.60733252	0.063121147
35117	82.60722829999999	0.060134675
35118	87.60712407999999	0.057439459000000005
35119	92.60701986999999	0.054970008
35120	97.60691564999999	0.052735893
35121	102.60681143	0.050715450999999995
35122	107.60670721	0.049997850999999996
35123	112.60660299999999	0.048267133
35124	117.60649878	0.046678667
35125	122.60639456	0.045192694000000005
35126	127.60629034	0.043806711
35127	132.60618613	0.042518842
