csdata_id	e_energy	sigma
59215	9.69977923	0.0
59216	9.71063479	0.0014345010000000001
59217	9.737845100000001	0.0026591995000000003
59218	9.75145026	0.0026030984
59219	9.765055420000001	0.0025581564
59220	9.77866058	0.0023083941
59221	9.79226574	0.0024771248
59222	9.8058709	0.0022908745
59223	9.81947605	0.002148894
59224	9.83308121	0.0021386927
59225	9.84668637	0.0024992216
59226	9.86029153	0.0028829177000000003
59227	9.87389669	0.0031328102000000003
59228	9.88750185	0.0028882415000000003
59229	9.90110701	0.0031774519
59230	9.91471216	0.0034102563
59231	9.92831732	0.0036576861
59232	9.94192248	0.0039115382
59233	9.95552764	0.0044883978
59234	9.9691328	0.0045764522
59235	9.98273796	0.0048515224
59236	9.99634312	0.0051523040999999995
59237	10.00994827	0.0054833645
59238	10.02355343	0.005881216
59239	10.03715859	0.0059576037
59240	10.05076375	0.0047277277
59241	10.06436891	0.0028998759000000004
59242	10.07797407	0.0025935301
59243	10.09157923	0.0029655945
59244	10.10518438	0.0029839913
59245	10.1323947	0.0032568893
59246	10.14599986	0.0037197586
59247	10.18681534	0.0022722909
59248	10.20042049	0.002301954
59249	10.21402565	0.0023676366
59250	10.22763081	0.0024334607
59251	10.24123597	0.0022439852
59252	10.25484113	0.0025501235000000002
59253	10.26844629	0.0026070414
59254	10.28205145	0.0024354608
59255	10.295656600000001	0.0026193207
59256	10.30926176	0.0026893261999999998
59257	10.322866920000001	0.0025059363
59258	10.33647208	0.0027428635999999997
59259	10.350077240000001	0.0030396735
59260	10.3636824	0.0031172508
59261	10.377287560000001	0.0030307570000000002
59262	10.39089272	0.0031855907
59263	10.40449787	0.0030433172
59264	10.418103030000001	0.003278998
59265	10.43170819	0.0033624986
59266	10.445313350000001	0.0033898491
59267	10.45891851	0.0034203971999999996
59268	10.472523670000001	0.0029801985999999996
59269	10.48612883	0.002891882
59270	10.49973398	0.0026847611
59271	10.513339140000001	0.0025563285000000002
59272	10.5269443	0.0028356647999999997
59273	10.540549460000001	0.0028473929999999997
59274	10.55415462	0.0030445068
59275	10.567759780000001	0.0027655714000000002
59276	10.58136494	0.0025684495
59277	10.59497009	0.0027111971000000003
59278	10.608575250000001	0.0028161252
59279	10.62218041	0.0034222023999999998
59280	10.635785570000001	0.0038278119
59281	10.64939073	0.0030187469
59282	10.662995890000001	0.0034094234999999997
59283	10.67660105	0.0035549406
59284	10.6902062	0.0040100414
59285	10.70381136	0.0038370488
59286	10.71741652	0.0038519369
59287	10.73102168	0.0039256405
59288	10.74462684	0.0037521771000000002
59289	10.758232	0.0036069208000000003
59290	10.77183716	0.0036012371000000002
59291	10.78544231	0.003786392
59292	10.79904747	0.0035288279
59293	10.81265263	0.0038876328
59294	10.82625779	0.0040138621000000005
59295	10.83986295	0.0037964825
59296	10.85346811	0.0036703123
59297	10.86707327	0.0038569192
59298	10.88067842	0.0039776456
59299	10.89428358	0.0041588334
59300	10.90788874	0.004178292
59301	10.9214939	0.00422822
59302	10.93509906	0.004385954
59303	10.94870422	0.0046188548
59304	10.96230938	0.0047578213
59305	10.97591453	0.0044949513
59306	10.98951969	0.0047605999
59307	11.00312485	0.0048566114
59308	11.01673001	0.0046947372
59309	11.03033517	0.0045757156
59310	11.04394033	0.0044521751000000005
59311	11.05754549	0.0043049284000000005
59312	11.07115064	0.0041232731
59313	11.0847558	0.0041465786
59314	11.09836096	0.0041284953999999995
59315	11.11196612	0.0038865278
59316	11.12557128	0.0041156790000000006
59317	11.13917644	0.0039544126
59318	11.1527816	0.0040694839
59319	11.166386750000001	0.0036431241
59320	11.17999191	0.0036949667
59321	11.193597070000001	0.0036718218
59322	11.20720223	0.0038155999
59323	11.220807390000001	0.0037256429
59324	11.23441255	0.0032128688
59325	11.248017710000001	0.0032299512
59326	11.261622860000001	0.0031639521000000003
59327	11.27522802	0.003192993
59328	11.288833180000001	0.0031183731
59329	11.30243834	0.0031612613
59330	11.316043500000001	0.0030207885999999997
59331	11.32964866	0.0029463211
59332	11.343253820000001	0.0031383588000000002
59333	11.35685898	0.0034906240000000003
59334	11.37046413	0.0034025906
59335	11.384069290000001	0.0038857998
59336	11.39767445	0.0035356797999999997
59337	11.411279610000001	0.0033329771999999996
59338	11.42488477	0.003331498
59339	11.438489930000001	0.0032611396000000003
59340	11.45209509	0.003283286
59341	11.46570024	0.0033009291
59342	11.479305400000001	0.0034111433000000003
59343	11.49291056	0.0034047324
59344	11.506515720000001	0.003141288
59345	11.52012088	0.0030437271999999996
59346	11.533726040000001	0.003029318
59347	11.5473312	0.0029910631
59348	11.56093635	0.0032253764
59349	11.57454151	0.0031360549
59350	11.58814667	0.0031906307
59351	11.60175183	0.0033152198999999998
59352	11.61535699	0.003305168
59353	11.62896215	0.0032533145
59354	11.64256731	0.0031418551000000003
59355	11.65617246	0.0031001043
59356	11.66977762	0.0031291302
59357	11.68338278	0.0030662529999999997
59358	11.69698794	0.0031747838
59359	11.7105931	0.0032732028999999997
59360	11.72419826	0.0033329173
59361	11.73780342	0.0036079866
59362	11.75140857	0.0038581079
59363	11.76501373	0.0031145975
59364	11.77861889	0.0035717230999999998
59365	11.79222405	0.0038426726000000003
59366	11.80582921	0.0037075395000000003
59367	11.81943437	0.0036102340000000004
59368	11.83303953	0.0037126434000000004
59369	11.84664468	0.0037966649
59370	11.86024984	0.0040592397999999995
59371	11.873855	0.0041866316999999995
59372	11.88746016	0.0041250142
59373	11.90106532	0.0040255447
59374	11.91467048	0.0039880603
59375	11.94188079	0.0038884919
59376	11.95548595	0.0039080333000000005
59377	11.96909111	0.0038517854999999997
59378	11.98269627	0.0041180834
59379	11.99630143	0.004139247800000001
59380	12.00990659	0.0037849326
59381	12.02351175	0.0039533529
59382	12.037116900000001	0.0042287462
59383	12.05072206	0.0042510197
59384	12.064327220000001	0.0041602362
59385	12.07793238	0.0042501629999999995
59386	12.091537540000001	0.0043241108
59387	12.1051427	0.0042493691999999994
59388	12.118747860000001	0.0045641044
59389	12.132353010000001	0.0042216871000000005
59390	12.14595817	0.0040209488
59391	12.159563330000001	0.0040060216
59392	12.17316849	0.004081099699999999
59393	12.186773650000001	0.0039796657
59394	12.20037881	0.0041513564
59395	12.213983970000001	0.0040689608
59396	12.227589120000001	0.0041720818
59397	12.24119428	0.0041164091
59398	12.254799440000001	0.0040401262
59399	12.2684046	0.0040054023
59400	12.282009760000001	0.0038998595
59401	12.29561492	0.0037959099
59402	12.309220080000001	0.0038938413
59403	12.32282524	0.0038246671999999995
59404	12.33643039	0.0035184209000000003
59405	12.350035550000001	0.0035626576
59406	12.36364071	0.0035503059000000004
59407	12.377245870000001	0.0034216203000000003
59408	12.39085103	0.0034091346
59409	12.404456190000001	0.0035856483
59410	12.41806135	0.0036698824
59411	12.4316665	0.0033108497999999997
59412	12.445271660000001	0.0031970182
59413	12.458876819999999	0.0031090760999999997
59414	12.47248198	0.0032512494
59415	12.48608714	0.0030412699
59416	12.499692300000001	0.0030599789
59417	12.513297459999999	0.0031387207
59418	12.526902609999999	0.0031373199
59419	12.54050777	0.0030201303000000003
59420	12.55411293	0.0030858286
59421	12.567718090000001	0.0030811014000000003
59422	12.581323249999999	0.002966864
59423	12.59492841	0.0029850357000000003
59424	12.60853357	0.0029082222
59425	12.62213872	0.0030411446999999998
59426	12.635743880000001	0.0031293415999999997
59427	12.649349039999999	0.0032513090000000004
59428	12.6629542	0.0031687499
59429	12.67655936	0.0030846586
59430	12.690164520000002	0.0029782107
59431	12.703769679999999	0.0028994325
59432	12.717374829999999	0.0029976695000000003
59433	12.73097999	0.0031005240000000003
59434	12.74458515	0.0029622819
59435	12.758190310000002	0.0029569811
59436	12.771795469999999	0.003109839
59437	12.78540063	0.0029238866
59438	12.79900579	0.0028809972
59439	12.826216100000002	0.0030164958
59440	12.839821259999999	0.0029962857000000002
59441	12.85342642	0.0029343828000000004
59442	12.86703158	0.0028338392
59443	12.880636740000002	0.0028544517
59444	12.894241899999999	0.0028269476
59445	12.907847049999999	0.0029222791
59446	12.92145221	0.0029399784000000003
59447	12.93505737	0.0031420447
59448	12.948662530000002	0.0031823945
59449	12.96226769	0.0032128443
59450	12.97587285	0.0032282314
59451	12.989478010000001	0.0033454888
59452	13.003083160000001	0.0034841613
59453	13.016688320000002	0.0034587701
59454	13.03029348	0.0034842998
59455	13.04389864	0.0034052814
59456	13.057503800000001	0.0037042424
59457	13.071108960000002	0.0036911640000000003
59458	13.08471412	0.0039753936
59459	13.11192443	0.0044587983000000005
59460	13.125529590000001	0.0043312617
59461	13.139134750000002	0.0044213155
59462	13.15273991	0.0045453418
59463	13.16634507	0.0046231256
59464	13.179950230000001	0.0047491561
59465	13.193555380000001	0.0046370046
59466	13.207160540000002	0.0047595529
59467	13.2207657	0.0043876951
59468	13.23437086	0.0051269187
59469	13.247976020000001	0.0043809882
59470	13.261581180000002	0.0043481762
59471	13.27518634	0.0043885821
59472	13.2887915	0.0044148334
59473	13.30239665	0.0042696615999999995
59474	13.316001810000001	0.0042269628
59475	13.329606969999999	0.0041307569
59476	13.34321213	0.0039699704
59477	13.35681729	0.003931635399999999
59478	13.370422450000001	0.0039131022
59479	13.384027609999999	0.0038688441
59480	13.397632759999999	0.0038285997999999996
59481	13.41123792	0.0035164557
59482	13.42484308	0.0037326855
59483	13.438448240000001	0.0036901768
59484	13.452053399999999	0.0037575206
59485	13.46565856	0.0037371634999999997
59486	13.47926372	0.0037333277
59487	13.49286887	0.0037078134999999996
59488	13.506474030000001	0.0037432314
59489	13.520079189999999	0.0036408878999999996
59490	13.53368435	0.0036413290999999996
59491	13.54728951	0.0036508865
59492	13.560894670000001	0.0036930541
59493	13.574499829999999	0.0034305351
59494	13.588104979999999	0.003400502
59495	13.60171014	0.0034843190999999996
59496	13.6153153	0.0033956092
59497	13.628920460000002	0.003420849
59498	13.642525619999999	0.0033557993
59499	13.65613078	0.0032586902000000004
59500	13.66973594	0.0033127653
59501	13.68334109	0.00327839
59502	13.696946250000002	0.00345009
59503	13.710551409999999	0.0033461093
59504	13.72415657	0.0032266277000000004
59505	13.73776173	0.0032726036
59506	13.751366890000002	0.003190772
59507	13.764972049999999	0.0032023638
59508	13.778577199999999	0.0031510272
59509	13.79218236	0.0032952911999999997
59510	13.80578752	0.0030840103000000004
59511	13.819392680000002	0.0029367296
59512	13.832997839999999	0.0026890594
59513	13.846603	0.0026335997999999998
59514	13.86020816	0.0027306490000000004
59515	13.873813310000001	0.0028401412
59516	13.887418470000002	0.0027127571
59517	13.90102363	0.0026848605
59518	13.91462879	0.0028272671999999997
59519	13.928233950000001	0.0027984179
59520	13.941839110000002	0.002718789
59521	13.95544427	0.0027211949
59522	13.96904942	0.0027772088
59523	13.98265458	0.0027613714
59524	13.996259740000001	0.0027671731
59525	14.009864900000002	0.0027333971000000003
59526	14.02347006	0.0026733552
59527	14.03707522	0.0026559658
59528	14.050680380000001	0.0024570964000000003
59529	14.064285530000001	0.0025502005
59530	14.077890690000002	0.0025585245
59531	14.09149585	0.0025552861
59532	14.10510101	0.0025580694
59533	14.118706170000001	0.0025583407
59534	14.132311330000002	0.0024897714
59535	14.14591649	0.0024789738
59536	14.15952164	0.0024807748999999997
59537	14.1731268	0.0025164761999999998
59538	14.186731960000001	0.0025482913
59539	14.200337120000002	0.0025463732000000003
59540	14.21394228	0.0025739394
59541	14.22754744	0.0025801623
59542	14.241152600000001	0.0026061591
59543	14.254757759999999	0.0027185816999999997
59544	14.268362909999999	0.0025204082
59545	14.28196807	0.002686785
59546	14.29557323	0.0026579028999999996
59547	14.309178390000001	0.0026734779
59548	14.322783549999999	0.002823383
59549	14.33638871	0.0024597101
59550	14.34999387	0.0025999921
59551	14.36359902	0.0025492482999999997
59552	14.377204180000001	0.0027437484999999996
59553	14.390809339999999	0.0025678649
59554	14.4044145	0.0026330331
59555	14.41801966	0.0026215005
59556	14.431624820000001	0.0025779692000000003
59557	14.445229979999999	0.0027324111999999998
59558	14.458835129999999	0.0027762545000000003
59559	14.47244029	0.0026481484999999996
59560	14.48604545	0.0024117874
59561	14.499650610000002	0.0027619196999999996
59562	14.513255769999999	0.0026010118
59563	14.52686093	0.0028203053000000005
59564	14.54046609	0.0027812703000000003
59565	14.55407124	0.0027615137
59566	14.567676400000002	0.0029268682
59567	14.581281559999999	0.0028877078000000005
59568	14.59488672	0.0030234418
59569	14.60849188	0.0030216134000000004
59570	14.622097040000002	0.0030674483
59571	14.635702199999999	0.0032118457
59572	14.649307349999999	0.0030957269
59573	14.66291251	0.0030141557
59574	14.67651767	0.0031794010999999997
59575	14.690122830000002	0.0033204064000000003
59576	14.703727989999999	0.0032687548
59577	14.71733315	0.0032532615
59578	14.73093831	0.0033705689000000003
59579	14.744543460000001	0.0034207042999999998
59580	14.758148620000002	0.0033771595
59581	14.77175378	0.0033612995
59582	14.78535894	0.0034547478000000005
59583	14.798964100000001	0.0033538132000000003
59584	14.812569260000002	0.0034251684000000003
59585	14.82617442	0.0032472509000000004
59586	14.83977957	0.0032224925
59587	14.85338473	0.0031103775
59588	14.866989890000001	0.0032810023
59589	14.880595050000002	0.0031666813
59590	14.89420021	0.0030084587
59591	14.90780537	0.0031080517
59592	14.921410530000001	0.0031279216
59593	14.935015680000001	0.0031119572
59594	14.948620840000002	0.0029917801
59595	14.962226	0.0030794571000000003
59596	14.97583116	0.0030213457
59597	14.989436320000001	0.0030004111999999998
59598	15.003041480000002	0.0030318207
59599	15.01664664	0.0030281638000000002
59600	15.03025179	0.0029541914000000002
59601	15.04385695	0.0029443394
59602	15.057462110000001	0.002991442
59603	15.071067270000002	0.0030216185
59604	15.08467243	0.0029269742
59605	15.09827759	0.0029303659
59606	15.111882750000001	0.00297644
59607	15.125487900000001	0.0030437056
59608	15.139093059999999	0.0065129565
59609	15.15269822	0.0029899512
59610	15.16630338	0.0030476
59611	15.179908540000001	0.0028793074
59612	15.193513699999999	0.0028104649
59613	15.20711886	0.0026006467
59614	15.22072402	0.0024923981
59615	15.23432917	0.00254657
59616	15.247934330000001	0.0026522335999999997
59617	15.261539489999999	0.0023641824
59618	15.27514465	0.0023600556
59619	15.28874981	0.0023217458
59620	15.302354970000001	0.0023173827
59621	15.315960129999999	0.0023401148999999998
59622	15.329565279999999	0.0023083475
59623	15.34317044	0.002171657
59624	15.3567756	0.0022899436
59625	15.370380760000002	0.0023879120000000003
59626	15.383985919999999	0.0022686673
59627	15.39759108	0.0022314319
59628	15.41119624	0.0022391604999999998
59629	15.42480139	0.0023003635
59630	15.438406550000002	0.0022410209
59631	15.452011709999999	0.0022347558
59632	15.46561687	0.0022330929
59633	15.47922203	0.0022638343
59634	15.492827190000002	0.0022220676999999997
59635	15.506432349999999	0.0021765098
59636	15.520037499999999	0.0021467997
59637	15.53364266	0.0021240037
59638	15.54724782	0.0020752768
59639	15.560852980000002	0.0020234371
59640	15.574458139999999	0.0020359696
59641	15.5880633	0.0019752088
59642	15.60166846	0.0019288113
59643	15.615273610000001	0.0019751302
59644	15.628878770000002	0.0019614393
59645	15.64248393	0.0018983291
59646	15.65608909	0.0019488707000000001
59647	15.669694250000001	0.0019065235999999998
59648	15.683299410000002	0.0019570682000000002
59649	15.69690457	0.0019231021
59650	15.71050972	0.0019714451999999997
59651	15.72411488	0.0019180135
59652	15.737720040000001	0.001892635
59653	15.751325200000002	0.0018627662
59654	15.76493036	0.0019831196
59655	15.77853552	0.0019763915
59656	15.792140680000001	0.0019528842
59657	15.805745830000001	0.0019679505999999998
59658	15.819350990000002	0.0019943108
59659	15.83295615	0.0019687626
59660	15.84656131	0.0019804533999999998
59661	15.860166470000001	0.0019128867000000002
59662	15.873771630000002	0.0020255182
59663	15.88737679	0.001981375
59664	15.90098194	0.0019801660000000002
59665	15.9145871	0.0019288746
59666	15.928192260000001	0.0020605922
59667	15.941797420000002	0.0020467417
59668	15.95540258	0.0020247209
59669	15.96900774	0.0020467003
59670	15.982612900000001	0.0019508961
59671	15.996218050000001	0.0021078039
59672	16.009823209999997	0.0021690306
59673	16.023428369999998	0.0022459984
59674	16.43158313	0.0024133986
59675	21.43147891	0.0015261760999999998
59676	26.43137469	0.0014567656
59677	31.43127048	0.0010902105
59678	36.431166260000005	0.0009533771800000001
59679	41.43106204	0.0008767483
59680	46.43095782	0.00073761396
59681	51.43085361	0.00066393517
59682	56.43074939	0.0005886929799999999
59683	61.430645170000005	0.0004996581
59684	66.43054095000001	0.0004247807900000001
59685	71.43043674	0.00036220512
59686	76.43033252000001	0.00030928490000000004
59687	81.4302283	0.00027182375
59688	86.43012408	0.00023180565
59689	91.43001987	0.000203377
59690	96.42991565	0.00017886568999999998
59691	101.42981143	0.00015829146999999998
59692	106.42970721	0.00014098411
59693	111.429603	0.00012543878000000001
59694	116.42949878	0.00011241738000000002
59695	121.42939456	0.00010105459000000001
59696	126.42929034000001	9.1124159e-05
59697	131.42918612999998	8.2498107e-05
