csdata_id	e_energy	sigma
74105	11.61793852	0.0
74106	11.61880544	0.12770238
74107	11.6324106	0.58890034
74108	11.64601575	1.0849607
74109	11.65962091	2.5868564
74110	11.67322607	3.6318375
74111	11.68683123	4.7114577
74112	11.70043639	5.7563874
74113	11.71404155	6.3672298
74114	11.72764671	7.1988161
74115	11.74125186	7.9136484
74116	11.75485702	8.4977352
74117	11.76846218	8.9433307
74118	11.78206734	9.2432109
74119	11.7956725	9.2895045
74120	11.80927766	7.9420407
74121	11.82288282	7.7597629
74122	11.83648797	7.8131409
74123	11.85009313	8.021636
74124	11.86369829	8.3480163
74125	11.87730345	8.7666401
74126	11.89090861	9.2072189
74127	11.90451377	9.6822222
74128	11.91811893	10.200206
74129	11.93172408	9.5757966
74130	11.94532924	10.03353
74131	11.9589344	10.517263
74132	11.97253956	11.022235
74133	11.98614472	11.537792
74134	11.99974988	11.984038
74135	12.01335504	12.432908
74136	12.0269602	12.164512
74137	12.04056535	12.872921
74138	12.05417051	13.43099
74139	12.06777567	13.865153
74140	12.08138083	13.524433
74141	12.09498599	13.806111
74142	12.10859115	14.069975
74143	12.12219631	14.330648
74144	12.13580146	14.563301
74145	12.14940662	14.796316
74146	12.16301178	14.99156
74147	12.17661694	15.105605
74148	12.1902221	15.215239
74149	12.20382726	15.28411
74150	12.21743242	15.351745
74151	12.23103757	15.341372
74152	12.24464273	15.127998
74153	12.25824789	15.023592
74154	12.27185305	14.910893
74155	12.28545821	14.799877
74156	12.29906337	14.710664
74157	12.31266853	14.600757
74158	12.32627368	14.532681
74159	12.33987884	14.619838
74160	12.353484	14.823739
74161	12.36708916	14.92173
74162	12.38069432	14.910341
74163	12.39429948	14.902062
74164	12.40790464	14.912168
74165	12.42150979	14.950488
74166	12.43511495	15.001705
74167	12.44872011	15.075591
74168	12.46232527	15.145683
74169	12.47593043	15.223572
74170	12.48953559	15.30521
74171	12.50314075	15.395233
74172	12.5167459	15.489169
74173	12.53035106	15.58615
74174	12.54395622	15.685673
74175	12.55756138	15.786758
74176	12.57116654	15.88886
74177	12.5847717	15.991575
74178	12.59837686	16.09477
74179	12.61198201	16.204556
74180	12.62558717	16.307923
74181	12.63919233	16.412232
74182	12.65279749	16.520973
74183	12.66640265	16.659193
74184	12.68000781	16.837386
74185	12.69361297	16.901744
74186	12.70721812	16.925804
74187	12.72082328	16.990312
74188	12.73442844	17.064496
74189	12.7480336	17.137728
74190	12.76163876	17.200465
74191	12.77524392	17.223162
74192	12.78884908	17.088633
74193	12.80245423	17.254303
74194	12.81605939	17.414136
74195	12.82966455	17.474072
74196	12.84326971	17.465363
74197	12.85687487	17.401599
74198	12.87048003	17.336514
74199	12.88408519	17.358819
74200	12.89769034	17.447889
74201	12.9112955	17.618076
74202	12.92490066	17.547472
74203	12.93850582	17.577238
74204	12.95211098	17.593029
74205	12.96571614	17.51081
74206	12.9793213	16.957606
74207	12.99292646	17.178403
74208	13.00653161	17.129619
74209	13.02013677	16.946198
74210	13.03374193	16.999818
74211	13.04734709	17.321263
74212	13.06095225	17.44045
74213	13.07455741	17.645719
74214	13.08816257	17.725166
74215	13.10176772	17.823047
74216	13.11537288	17.827551
74217	13.12897804	17.851205
74218	13.1425832	17.861202
74219	13.15618836	17.852154
74220	13.16979352	17.87008
74221	13.18339868	17.872037
74222	13.19700383	17.908584
74223	13.21060899	17.889282
74224	13.22421415	17.871846
74225	13.23781931	17.862131
74226	13.25142447	17.87111
74227	13.26502963	17.857732
74228	13.27863479	17.9439
74229	13.3058451	17.920538
74230	13.31945026	17.912417
74231	13.33305542	17.872343
74232	13.34666058	17.842617
74233	13.36026574	17.819549
74234	13.3738709	17.804308
74235	13.38747605	17.781981
74236	13.40108121	17.786629
74237	13.41468637	17.807071
74238	13.42829153	17.81633
74239	13.44189669	17.825015
74240	13.45550185	17.774721
74241	13.46910701	17.840889
74242	13.48271216	17.841457
74243	13.49631732	17.688379
74244	13.50992248	17.846832
74245	13.52352764	17.869863
74246	13.5371328	17.906466
74247	13.55073796	17.942314
74248	13.56434312	17.960986
74249	13.57794827	18.010218
74250	13.59155343	18.031228
74251	13.60515859	17.936985
74252	13.61876375	18.10304
74253	13.63236891	18.20212
74254	13.64597407	18.457253
74255	13.65957923	18.654001
74256	13.67318438	18.699197
74257	13.7003947	18.529847
74258	13.71399986	18.598086
74259	13.75481534	18.062794
74260	13.76842049	17.873924
74261	13.78202565	17.922657
74262	13.79563081	18.090794
74263	13.80923597	18.167721
74264	13.82284113	18.153032
74265	13.83644629	18.190368
74266	13.85005145	18.201691
74267	13.8636566	18.222943
74268	13.87726176	18.229229
74269	13.89086692	18.286289
74270	13.90447208	18.227078
74271	13.91807724	17.988967
74272	13.9316824	17.920263
74273	13.94528756	17.96019
74274	13.95889272	17.948838
74275	13.97249787	17.981019
74276	13.98610303	18.010684
74277	13.99970819	17.999791
74278	14.01331335	17.959679
74279	14.02691851	17.95307
74280	14.04052367	18.017468
74281	14.05412883	17.999771
74282	14.06773398	17.869215
74283	14.08133914	17.893499
74284	14.0949443	17.933949
74285	14.10854946	17.937394
74286	14.12215462	17.968471
74287	14.13575978	18.015351
74288	14.14936494	18.046278
74289	14.16297009	18.043952
74290	14.17657525	18.060016
74291	14.19018041	18.083921
74292	14.20378557	18.090756
74293	14.21739073	18.075419
74294	14.23099589	18.113566
74295	14.24460105	18.101008
74296	14.2582062	18.103935
74297	14.27181136	18.108025
74298	14.28541652	18.085706
74299	14.29902168	18.054973
74300	14.31262684	18.037582
74301	14.326232	18.009464
74302	14.33983716	17.981617
74303	14.35344231	17.962118
74304	14.36704747	17.859707
74305	14.38065263	17.760546
74306	14.39425779	17.775692
74307	14.40786295	17.780103
74308	14.42146811	17.815063
74309	14.43507327	17.830167
74310	14.44867842	17.9271
74311	14.46228358	17.8828
74312	14.47588874	17.899438
74313	14.4894939	17.885035
74314	14.50309906	17.891983
74315	14.51670422	17.871488
74316	14.53030938	17.900238
74317	14.54391453	17.881361
74318	14.55751969	17.907533
74319	14.57112485	17.879226
74320	14.58473001	17.828974
74321	14.59833517	17.836707
74322	14.61194033	17.816719
74323	14.62554549	17.825345
74324	14.63915064	17.850085
74325	14.6527558	17.874169
74326	14.66636096	17.869521
74327	14.67996612	17.867512
74328	14.69357128	17.825122
74329	14.70717644	17.799091
74330	14.7207816	17.78292
74331	14.73438675	17.792292
74332	14.74799191	17.801068
74333	14.76159707	17.799245
74334	14.77520223	17.781025
74335	14.78880739	17.770717
74336	14.80241255	17.757964
74337	14.81601771	17.705469
74338	14.82962286	17.630648
74339	14.84322802	17.682121
74340	14.85683318	17.691286
74341	14.87043834	17.660869
74342	14.8840435	17.652671
74343	14.89764866	17.647689
74344	14.91125382	17.612181
74345	14.92485898	17.630793
74346	14.93846413	17.676123
74347	14.95206929	17.680819
74348	14.96567445	17.64987
74349	14.97927961	17.634931
74350	14.99288477	17.651389
74351	15.00648993	17.642504
74352	15.02009509	17.651495
74353	15.03370024	17.634063
74354	15.0473054	17.619513
74355	15.06091056	17.610241
74356	15.07451572	17.629089
74357	15.08812088	17.631307
74358	15.10172604	17.60578
74359	15.1153312	17.600896
74360	15.12893635	17.567935
74361	15.14254151	17.540596
74362	15.15614667	17.496557
74363	15.16975183	17.445569
74364	15.18335699	17.45545
74365	15.19696215	17.391362
74366	15.21056731	17.427125
74367	15.22417246	17.425599
74368	15.23777762	17.419909
74369	15.25138278	17.406944
74370	15.26498794	17.614162
74371	15.2785931	17.600769
74372	15.29219826	17.598823
74373	15.30580342	17.570621
74374	15.31940857	17.569253
74375	15.33301373	17.553884
74376	15.34661889	17.553254
74377	15.36022405	17.559264
74378	15.37382921	17.553109
74379	15.38743437	17.544419
74380	15.40103953	17.540312
74381	15.41464468	17.538576
74382	15.42824984	17.551857
74383	15.441855	17.553125
74384	15.45546016	17.544784
74385	15.46906532	17.540008
74386	15.48267048	17.52696
74387	15.50988079	17.520718
74388	15.52348595	17.528037
74389	15.53709111	17.53058
74390	15.55069627	17.515765
74391	15.56430143	17.522704
74392	15.57790659	17.492236
74393	15.59151175	17.489042
74394	15.6051169	17.486792
74395	15.61872206	17.474939
74396	15.63232722	17.452756
74397	15.64593238	17.445015
74398	15.65953754	17.450967
74399	15.6731427	17.445062
74400	15.68674786	17.436637
74401	15.70035301	17.421736
74402	15.71395817	17.434653
74403	15.72756333	17.40507
74404	15.74116849	17.404726
74405	15.75477365	17.392871
74406	15.76837881	17.377867
74407	15.78198397	17.371375
74408	15.79558912	17.337714
74409	15.80919428	17.353416
74410	15.82279944	17.343659
74411	15.8364046	17.327678
74412	15.85000976	17.317132
74413	15.86361492	17.293383
74414	15.87722008	17.302218
74415	15.89082524	17.29877
74416	15.90443039	17.27775
74417	15.91803555	17.273671
74418	15.93164071	17.253986
74419	15.94524587	17.251059
74420	15.95885103	17.248619
74421	15.97245619	17.232117
74422	15.98606135	17.230613
74423	15.9996665	17.200956
74424	16.01327166	17.184132
74425	16.02687682	17.181268
74426	16.04048198	17.191453
74427	16.05408714	17.16626
74428	16.0676923	17.162268
74429	16.08129746	17.157897
74430	16.09490261	17.138765
74431	16.10850777	17.129975
74432	16.12211293	17.116672
74433	16.13571809	17.109069
74434	16.14932325	17.108268
74435	16.16292841	17.108016
74436	16.17653357	17.093638
74437	16.19013872	17.077653
74438	16.20374388	17.055354
74439	16.21734904	17.045255
74440	16.2309542	17.045484
74441	16.24455936	17.029557
74442	16.25816452	17.027315
74443	16.27176968	17.015175
74444	16.28537483	17.020366
74445	16.29897999	17.010131
74446	16.31258515	16.998287
74447	16.32619031	17.002946
74448	16.33979547	16.99953
74449	16.35340063	16.990182
74450	16.36700579	16.981444
74451	16.3942161	16.975126
74452	16.40782126	16.964898
74453	16.42142642	16.962677
74454	16.43503158	16.951144
74455	16.44863674	16.933584
74456	16.4622419	16.923909
74457	16.47584705	16.919112
74458	16.48945221	16.912285
74459	16.50305737	16.899354
74460	16.51666253	16.892997
74461	16.53026769	16.887752
74462	16.54387285	16.882681
74463	16.55747801	16.865961
74464	16.57108316	16.861931
74465	16.58468832	16.850846
74466	16.59829348	16.853253
74467	16.61189864	16.833496
74468	16.6255038	16.835275
74469	16.63910896	16.832117
74470	16.65271412	16.822836
74471	16.67992443	16.797347
74472	16.69352959	16.798291
74473	16.70713475	16.783484
74474	16.72073991	16.788386
74475	16.73434507	16.766924
74476	16.74795023	16.771862
74477	16.76155538	16.758316
74478	16.77516054	16.758174
74479	16.7887657	16.731365
74480	16.80237086	16.714499
74481	16.81597602	16.706025
74482	16.82958118	16.695216
74483	16.84318634	16.685717
74484	16.8567915	16.672883
74485	16.87039665	16.658557
74486	16.88400181	16.653006
74487	16.89760697	16.641119
74488	16.91121213	16.63435
74489	16.92481729	16.622093
74490	16.93842245	16.611187
74491	16.95202761	16.594243
74492	16.96563276	16.582833
74493	16.97923792	16.574001
74494	16.99284308	16.55984
74495	17.00644824	16.550408
74496	17.0200534	16.54163
74497	17.03365856	16.531264
74498	17.04726372	16.523209
74499	17.06086887	16.509563
74500	17.07447403	16.503486
74501	17.08807919	16.500373
74502	17.10168435	16.489682
74503	17.11528951	16.482299
74504	17.12889467	16.465834
74505	17.14249983	16.455568
74506	17.15610498	16.446962
74507	17.16971014	16.437714
74508	17.1833153	16.433426
74509	17.19692046	16.421566
74510	17.21052562	16.410565
74511	17.22413078	16.403465
74512	17.23773594	16.400278
74513	17.25134109	16.387911
74514	17.26494625	16.382966
74515	17.27855141	16.381439
74516	17.29215657	16.373614
74517	17.30576173	16.362969
74518	17.31936689	16.357681
74519	17.33297205	16.346118
74520	17.3465772	16.335174
74521	17.36018236	16.32447
74522	17.37378752	16.318322
74523	17.38739268	16.319886
74524	17.40099784	16.307163
74525	17.414603	16.300755
74526	17.42820816	16.292442
74527	17.44181331	16.281556
74528	17.45541847	16.276774
74529	17.46902363	16.262203
74530	17.48262879	16.252596
74531	17.49623395	16.241852
74532	17.50983911	16.234586
74533	17.52344427	16.215542
74534	17.53704942	16.216356
74535	17.55065458	16.216158
74536	17.56425974	16.201236
74537	17.5778649	16.19548
74538	17.59147006	16.192022
74539	17.60507522	16.183453
74540	17.61868038	16.17561
74541	17.63228553	16.16934
74542	17.64589069	16.152257
74543	17.65949585	16.155292
74544	17.67310101	16.141043
74545	17.68670617	16.14825
74546	17.70031133	16.134837
74547	17.71391649	16.132451
74548	17.72752164	16.131926
74549	17.7411268	16.123085
74550	17.75473196	16.112509
74551	17.76833712	16.102105
74552	17.78194228	16.083743
74553	17.79554744	16.076929
74554	17.8091526	16.059158
74555	17.82275776	16.059216
74556	17.83636291	16.04854
74557	17.84996807	16.049015
74558	17.86357323	16.042485
74559	17.87717839	16.025074
74560	17.89078355	16.027715
74561	17.90438871	16.032086
74562	17.91799387	16.039758
74563	17.93159902	16.022078
74564	17.94520418	16.014201
74565	17.95880934	15.994702
74566	17.9724145	15.983376
74567	17.98601966	15.966682
74568	17.99962482	15.953033
74569	18.01322998	15.944952
74570	18.02683513	15.929987
74571	18.04044029	15.918261
74572	18.05404545	15.905807
74573	18.06765061	15.897328
74574	18.08125577	15.891777
74575	18.09486093	15.882479
74576	18.10846609	15.869578
74577	18.12207124	15.858482
74578	18.1356764	15.853871
74579	18.14928156	15.845908
74580	18.16288672	15.834702
74581	18.17649188	15.82893
74582	18.19009704	15.820748
74583	18.2037022	15.809941
74584	18.21730735	15.800911
74585	18.23091251	15.794407
74586	18.24451767	15.780396
74587	18.25812283	15.773217
74588	18.27172799	15.759935
74589	18.28533315	15.7499
74590	18.29893831	15.739467
74591	18.31254346	15.733194
74592	18.32614862	15.722259
74593	18.33975378	15.714054
74594	18.35335894	15.705831
74595	18.3669641	15.694529
74596	18.38056926	15.681982
74597	18.39417442	15.674285
74598	18.40777957	15.667023
74599	18.42138473	15.660939
74600	18.43498989	15.65183
74601	18.44859505	15.641915
74602	18.46220021	15.637851
74603	18.47580537	15.630796
74604	18.48941053	15.625181
74605	18.50301568	15.617285
74606	18.51662084	15.605447
74607	18.530226	15.589665
74608	18.54383116	15.579632
74609	18.55743632	15.577105
74610	18.57104148	15.562759
74611	18.58464664	15.555908
74612	18.59825179	15.551483
74613	18.61185695	15.546117
74614	18.62546211	15.536019
74615	18.63906727	15.528942
74616	18.65267243	15.519772
74617	18.66627759	15.51713
74618	18.67988275	15.508961
74619	18.6934879	15.500378
74620	18.70709306	15.497
74621	18.72069822	15.489134
74622	18.73430338	15.483337
74623	18.74790854	15.466572
74624	18.7615137	15.464976
74625	18.77511886	15.458462
74626	18.78872402	15.44787
74627	18.80232917	15.443944
74628	18.81593433	15.436537
74629	18.82953949	15.428331
74630	18.84314465	15.419088
74631	18.85674981	15.412249
74632	18.87035497	15.407017
74633	18.88396013	15.40004
74634	18.89756528	15.389636
74635	18.91117044	15.387144
74636	18.9247756	15.381681
74637	18.93838076	15.372356
74638	18.95198592	15.369149
74639	18.96559108	15.361318
74640	18.97919624	15.358947
74641	18.99280139	15.346187
74642	19.00640655	15.329785
74643	19.02001171	15.3273
74644	19.03361687	15.329184
74645	19.04722203	15.315984
74646	19.06082719	15.307428
74647	19.07443235	15.299214
74648	19.0880375	15.295735
74649	19.10164266	15.289511
74650	19.11524782	15.281715
74651	19.12885298	15.273648
74652	19.14245814	15.267418
74653	19.1560633	15.263286
74654	19.16966846	15.257855
74655	19.18327361	15.252702
74656	19.19687877	15.242031
74657	19.21048393	15.236176
74658	19.22408909	15.229948
74659	19.23769425	15.219898
74660	19.25129941	15.217814
74661	19.26490457	15.206956
74662	19.27850972	15.199943
74663	19.29211488	15.193505
74664	19.30572004	15.184503
74665	19.3193252	15.179608
74666	19.33293036	15.174502
74667	19.34653552	15.165299
74668	19.36014068	15.158939
74669	19.37374583	15.150144
74670	19.38735099	15.143588
74671	19.40095615	15.136681
74672	19.41456131	15.126787
74673	19.42816647	15.123698
74674	19.44177163	15.113164
74675	19.45537679	15.103306
74676	19.46898194	15.100122
74677	19.4825871	15.097566
74678	19.49619226	15.089291
74679	19.50979742	15.084382
74680	19.52340258	15.077257
74681	19.53700774	15.070403
74682	19.5506129	15.062686
74683	19.56421805	15.057859
74684	19.57782321	15.050985
74685	19.59142837	15.043873
74686	19.99958313	14.865746
74687	24.99947891	12.560759
74688	29.99937469	10.744342
74689	34.99927048	9.3071209
74690	39.99916626	8.149768
74691	44.99906204	7.2140888
74692	49.99895782	6.4272888
74693	54.99885361	5.773781
74694	59.99874939	5.228109
74695	64.99864517	4.7749831
74696	69.99854095	4.4007412
74697	74.99843674	4.0919858
74698	79.99833252	3.8311061
74699	84.9982283	3.6120284
74700	89.99812408	3.436851
74701	94.99801987	3.2963517
74702	99.99791565	3.1827128
74703	104.99781143	3.1010754
74704	109.99770721	3.0482022
74705	114.997603	3.0194215
74706	119.99749878	3.0253351
74707	124.99739456	3.0595789
74708	129.99729034	3.1332411
74709	134.99718613	3.2565167
