csdata_id	e_energy	sigma
167032	13.26777923	0.0
167033	13.27863479	3.1721653
167034	13.3058451	7.2415874
167035	13.31945026	6.9672395
167036	13.33305542	4.3135803
167037	13.34666058	3.5711498
167038	13.36026574	4.3144658
167039	13.3738709	4.1080307
167040	13.38747605	3.5064526
167041	13.40108121	3.6318907
167042	13.41468637	3.7684288
167043	13.42829153	3.5461599
167044	13.44189669	3.8105702
167045	13.45550185	3.9439962
167046	13.46910701	4.1149748
167047	13.48271216	3.9284343
167048	13.49631732	4.0684455
167049	13.50992248	4.1489032
167050	13.52352764	4.4624545
167051	13.5371328	3.8765868
167052	13.55073796	4.1681289
167053	13.56434312	4.3297241
167054	13.57794827	4.2947218
167055	13.59155343	4.2187065
167056	13.60515859	4.619038
167057	13.61876375	3.9461231
167058	13.63236891	3.9238621
167059	13.64597407	3.7142573
167060	13.65957923	3.5509802
167061	13.67318438	3.3424503
167062	13.7003947	4.4723581
167063	13.71399986	3.4985947
167064	13.75481534	7.3297184
167065	13.76842049	6.5448869
167066	13.78202565	5.657985
167067	13.79563081	7.0886972
167068	13.80923597	4.5616417
167069	13.82284113	3.9754253
167070	13.83644629	3.3528527
167071	13.85005145	4.7426558
167072	13.8636566	5.2650746
167073	13.87726176	5.4809587
167074	13.89086692	5.3649071
167075	13.90447208	4.8788151
167076	13.91807724	4.4731365
167077	13.9316824	3.7182242
167078	13.94528756	3.2710588
167079	13.95889272	3.2865049
167080	13.97249787	3.3319969
167081	13.98610303	3.217853
167082	13.99970819	3.0585833
167083	14.01331335	3.1855034
167084	14.02691851	3.0835223
167085	14.04052367	2.8660981
167086	14.05412883	2.7692775
167087	14.06773398	2.5720734
167088	14.08133914	2.7267926
167089	14.0949443	2.6065128
167090	14.10854946	2.4716419
167091	14.12215462	2.2461535
167092	14.13575978	2.3651969
167093	14.14936494	2.3443339
167094	14.16297009	2.1340657
167095	14.17657525	2.1152544
167096	14.19018041	2.1628442
167097	14.20378557	2.2288045
167098	14.21739073	2.2731398
167099	14.23099589	2.166328
167100	14.24460105	2.1911764
167101	14.2582062	2.1759046
167102	14.27181136	2.1613205
167103	14.28541652	2.2229813
167104	14.29902168	2.0115899
167105	14.31262684	1.8776493
167106	14.326232	1.8554535
167107	14.33983716	1.793158
167108	14.35344231	1.8165263
167109	14.36704747	1.7410431
167110	14.38065263	1.7599117
167111	14.39425779	1.7613523
167112	14.40786295	1.7853952
167113	14.42146811	1.7747387
167114	14.43507327	1.8707698
167115	14.44867842	1.8888639
167116	14.46228358	1.9883402
167117	14.47588874	1.9978627
167118	14.4894939	1.9981677
167119	14.50309906	2.0642224
167120	14.51670422	2.19404
167121	14.53030938	2.3316579
167122	14.54391453	2.34067
167123	14.55751969	2.2529317
167124	14.57112485	2.3237365
167125	14.58473001	2.4197107
167126	14.59833517	2.383296
167127	14.61194033	2.2645665
167128	14.62554549	2.2228544
167129	14.63915064	2.1843889
167130	14.6527558	2.1565679
167131	14.66636096	2.2277492
167132	14.67996612	2.1823912
167133	14.69357128	2.2274435
167134	14.70717644	2.1954512
167135	14.7207816	2.228236
167136	14.73438675	2.1874771
167137	14.74799191	2.1485551
167138	14.76159707	2.1393745
167139	14.77520223	2.1798687
167140	14.78880739	2.1711833
167141	14.80241255	2.0668689
167142	14.81601771	1.9922531
167143	14.82962286	1.8806425
167144	14.84322802	1.824678
167145	14.85683318	1.7504096
167146	14.87043834	1.7258986
167147	14.8840435	1.6181157
167148	14.89764866	1.5819265
167149	14.91125382	1.5161532
167150	14.92485898	1.4741169
167151	14.93846413	1.4631293
167152	14.95206929	1.4363789
167153	14.96567445	1.4414109
167154	14.97927961	1.4514666
167155	14.99288477	1.3910835
167156	15.00648993	1.3650664
167157	15.02009509	1.4302633
167158	15.03370024	1.4068993
167159	15.0473054	1.3811967
167160	15.06091056	1.3771845
167161	15.07451572	1.3442636
167162	15.08812088	1.325365
167163	15.10172604	1.2908606
167164	15.1153312	1.294205
167165	15.12893635	1.2426671
167166	15.14254151	1.284453
167167	15.15614667	1.253063
167168	15.16975183	1.1911527
167169	15.18335699	1.1630712
167170	15.19696215	1.1548061
167171	15.21056731	1.1713818
167172	15.22417246	1.1597747
167173	15.23777762	1.143543
167174	15.25138278	1.1329147
167175	15.26498794	1.1338037
167176	15.2785931	1.1818511
167177	15.29219826	1.2279175
167178	15.30580342	1.2038523
167179	15.31940857	1.1715353
167180	15.33301373	1.149692
167181	15.34661889	1.1232853
167182	15.36022405	1.1013386
167183	15.37382921	1.0878504
167184	15.38743437	1.0924756
167185	15.40103953	1.0989623
167186	15.41464468	1.091026
167187	15.42824984	1.0592892
167188	15.441855	1.0150046
167189	15.45546016	1.0054549
167190	15.46906532	0.99548903
167191	15.48267048	0.97430548
167192	15.50988079	1.0086062
167193	15.52348595	1.0320573
167194	15.53709111	1.0380642
167195	15.55069627	1.0343424
167196	15.56430143	1.0495762
167197	15.57790659	1.0188674
167198	15.59151175	1.0079495
167199	15.6051169	1.022845
167200	15.61872206	1.019475
167201	15.63232722	1.0075874
167202	15.64593238	1.0229087
167203	15.65953754	1.0237991
167204	15.6731427	1.0184618
167205	15.68674786	1.0101782
167206	15.70035301	1.0271118
167207	15.71395817	1.0222808
167208	15.72756333	1.0019602
167209	15.74116849	1.0122881
167210	15.75477365	1.0169299
167211	15.76837881	1.0288793
167212	15.78198397	1.0105419
167213	15.79558912	0.98947694
167214	15.80919428	0.97068086
167215	15.82279944	0.97365096
167216	15.8364046	0.95037816
167217	15.85000976	0.92814114
167218	15.86361492	0.92356186
167219	15.87722008	0.91435591
167220	15.89082524	0.90836559
167221	15.90443039	0.88791941
167222	15.91803555	0.88658762
167223	15.93164071	0.87845013
167224	15.94524587	0.88052028
167225	15.95885103	0.89133763
167226	15.97245619	0.84601782
167227	15.98606135	0.86536392
167228	15.9996665	0.84299703
167229	16.01327166	0.83912932
167230	16.02687682	0.82370125
167231	16.04048198	0.82449602
167232	16.05408714	0.81699679
167233	16.0676923	0.78783586
167234	16.08129746	0.79052905
167235	16.09490261	0.77831501
167236	16.10850777	0.77524512
167237	16.12211293	0.74887224
167238	16.13571809	0.73826932
167239	16.14932325	0.71405354
167240	16.16292841	0.68889894
167241	16.17653357	0.6856344
167242	16.19013872	0.67742158
167243	16.20374388	0.66843806
167244	16.21734904	0.6586937
167245	16.2309542	0.64036328
167246	16.24455936	0.65027836
167247	16.25816452	0.66122024
167248	16.27176968	0.63587134
167249	16.28537483	0.62493554
167250	16.29897999	0.64472997
167251	16.31258515	0.6560335
167252	16.32619031	0.6574208
167253	16.33979547	0.652125
167254	16.35340063	0.65746041
167255	16.36700579	0.67101901
167256	16.3942161	0.68222256
167257	16.40782126	0.67898616
167258	16.42142642	0.70667176
167259	16.43503158	0.68970715
167260	16.44863674	0.71349778
167261	16.4622419	0.7054949
167262	16.47584705	0.72551873
167263	16.48945221	0.73427035
167264	16.50305737	0.73779265
167265	16.51666253	0.74026673
167266	16.53026769	0.74381678
167267	16.54387285	0.77620757
167268	16.55747801	0.80102235
167269	16.57108316	0.78990112
167270	16.58468832	0.79007881
167271	16.59829348	0.79447017
167272	16.61189864	0.79727476
167273	16.6255038	0.79564949
167274	16.63910896	0.82177664
167275	16.65271412	0.83223809
167276	16.67992443	0.83629229
167277	16.69352959	0.82786631
167278	16.70713475	0.82004408
167279	16.72073991	0.80529726
167280	16.73434507	0.77602164
167281	16.74795023	0.76683875
167282	16.76155538	0.72755608
167283	16.77516054	0.73272073
167284	16.7887657	0.73769252
167285	16.80237086	0.73107876
167286	16.81597602	0.73952629
167287	16.82958118	0.70872732
167288	16.84318634	0.73220858
167289	16.8567915	0.70172802
167290	16.87039665	0.69946793
167291	16.88400181	0.7093879
167292	16.89760697	0.70505029
167293	16.91121213	0.69630719
167294	16.92481729	0.69372112
167295	16.93842245	0.66514069
167296	16.95202761	0.66654469
167297	16.96563276	0.65577566
167298	16.97923792	0.65964186
167299	16.99284308	0.67192155
167300	17.00644824	0.65799354
167301	17.0200534	0.64338949
167302	17.03365856	0.64263929
167303	17.04726372	0.660047
167304	17.06086887	0.64567263
167305	17.07447403	0.63680351
167306	17.08807919	0.64254706
167307	17.10168435	0.63552267
167308	17.11528951	0.63114405
167309	17.12889467	0.61723624
167310	17.14249983	0.63291422
167311	17.15610498	0.62592415
167312	17.16971014	0.61839461
167313	17.1833153	0.60990396
167314	17.19692046	0.61573725
167315	17.21052562	0.61595354
167316	17.22413078	0.61009662
167317	17.23773594	0.60023436
167318	17.25134109	0.60212585
167319	17.26494625	0.59783046
167320	17.27855141	0.59488072
167321	17.29215657	0.57947683
167322	17.30576173	0.59007542
167323	17.31936689	0.59238305
167324	17.33297205	0.58932899
167325	17.3465772	0.57970066
167326	17.36018236	0.57535197
167327	17.37378752	0.56571417
167328	17.38739268	0.56259763
167329	17.40099784	0.54736391
167330	17.414603	0.54674323
167331	17.42820816	0.54554705
167332	17.44181331	0.55057751
167333	17.45541847	0.55072124
167334	17.46902363	0.55597537
167335	17.48262879	0.54494143
167336	17.49623395	0.54194058
167337	17.50983911	0.55387575
167338	17.52344427	0.55910902
167339	17.53704942	0.55392219
167340	17.55065458	0.56436265
167341	17.56425974	0.56323319
167342	17.5778649	0.56040265
167343	17.59147006	0.57050878
167344	17.60507522	0.56198546
167345	17.61868038	0.56647001
167346	17.63228553	0.56456264
167347	17.64589069	0.56299997
167348	17.65949585	0.55879517
167349	17.67310101	0.56089851
167350	17.68670617	0.56103528
167351	17.70031133	0.54807683
167352	17.71391649	0.54983364
167353	17.72752164	0.54668612
167354	17.7411268	0.55061807
167355	17.75473196	0.5373319
167356	17.76833712	0.54459138
167357	17.78194228	0.54103519
167358	17.79554744	0.54349696
167359	17.8091526	0.54987471
167360	17.82275776	0.5434259
167361	17.83636291	0.54179339
167362	17.84996807	0.53866092
167363	17.86357323	0.53572043
167364	17.87717839	0.53126293
167365	17.89078355	0.5194317
167366	17.90438871	0.52111928
167367	17.91799387	0.51373388
167368	17.93159902	0.51395197
167369	17.94520418	0.49949365
167370	17.95880934	0.49615343
167371	17.9724145	0.49437401
167372	17.98601966	0.50221641
167373	17.99962482	0.50292291
167374	18.01322998	0.50436557
167375	18.02683513	0.50885586
167376	18.04044029	0.50726657
167377	18.05404545	0.49824531
167378	18.06765061	0.50351934
167379	18.08125577	0.50337937
167380	18.09486093	0.49625757
167381	18.10846609	0.48951039
167382	18.12207124	0.48569604
167383	18.1356764	0.48996617
167384	18.14928156	0.48000675
167385	18.16288672	0.47827834
167386	18.17649188	0.47081336
167387	18.19009704	0.47029249
167388	18.2037022	0.46625474
167389	18.21730735	0.45926418
167390	18.23091251	0.45411628
167391	18.24451767	0.44974458
167392	18.25812283	0.44263285
167393	18.27172799	0.45127278
167394	18.28533315	0.4528276
167395	18.29893831	0.45308162
167396	18.31254346	0.45035917
167397	18.32614862	0.44282535
167398	18.33975378	0.43470905
167399	18.35335894	0.43757709
167400	18.3669641	0.42758725
167401	18.38056926	0.42398693
167402	18.39417442	0.4215951
167403	18.40777957	0.41072603
167404	18.42138473	0.40879481
167405	18.43498989	0.39653788
167406	18.44859505	0.40174017
167407	18.46220021	0.39991085
167408	18.47580537	0.39645924
167409	18.48941053	0.3905565
167410	18.50301568	0.3886442
167411	18.51662084	0.38314843
167412	18.530226	0.38280104
167413	18.54383116	0.37951658
167414	18.55743632	0.37901654
167415	18.57104148	0.37080819
167416	18.58464664	0.37087349
167417	18.59825179	0.37123692
167418	18.61185695	0.37239962
167419	18.62546211	0.37282673
167420	18.63906727	0.36971348
167421	18.65267243	0.36573722
167422	18.66627759	0.36040487
167423	18.67988275	0.3591965
167424	18.6934879	0.36230765
167425	18.70709306	3.1033795
167426	18.72069822	0.35427385
167427	18.73430338	0.35994819
167428	18.74790854	0.35173294
167429	18.7615137	0.35452181
167430	18.77511886	0.3595169
167431	18.78872402	0.35167991
167432	18.80232917	0.3485151
167433	18.81593433	0.56512797
167434	18.82953949	0.33862639
167435	18.84314465	0.32943265
167436	18.85674981	0.3266275
167437	18.87035497	0.31917747
167438	18.88396013	0.31732278
167439	18.89756528	0.31415441
167440	18.91117044	0.31191029
167441	18.9247756	0.30961562
167442	18.93838076	0.30339691
167443	18.95198592	0.30153795
167444	18.96559108	0.30570515
167445	18.97919624	0.29831929
167446	18.99280139	0.29549061
167447	19.00640655	0.2924311
167448	19.02001171	0.28862121
167449	19.03361687	0.29086124
167450	19.04722203	0.28997
167451	19.06082719	0.28358755
167452	19.07443235	0.28255995
167453	19.0880375	0.28302481
167454	19.10164266	0.28093913
167455	19.11524782	0.27536175
167456	19.12885298	0.27411913
167457	19.14245814	0.27404294
167458	19.1560633	0.27361738
167459	19.16966846	0.26714499
167460	19.18327361	0.27163711
167461	19.19687877	0.27013477
167462	19.21048393	0.25509077
167463	19.22408909	0.26695048
167464	19.23769425	0.26941691
167465	19.25129941	0.26415438
167466	19.26490457	0.26626938
167467	19.27850972	0.26244019
167468	19.29211488	0.26735915
167469	19.30572004	0.26307969
167470	19.3193252	0.2603304
167471	19.33293036	0.26405211
167472	19.34653552	0.26881063
167473	19.36014068	0.25966591
167474	19.37374583	0.26059999
167475	19.38735099	0.25147486
167476	19.40095615	0.25496989
167477	19.41456131	0.71355288
167478	19.42816647	0.25403653
167479	19.44177163	0.25207292
167480	19.45537679	0.25606371
167481	19.46898194	0.25655744
167482	19.4825871	0.25026375
167483	19.49619226	0.25553991
167484	19.50979742	0.25326604
167485	19.52340258	0.70764584
167486	19.53700774	0.24691612
167487	19.5506129	0.24687192
167488	19.56421805	0.24480628
167489	19.57782321	0.24237261
167490	19.59142837	0.24087198
167491	19.99958313	2.5584864
167492	24.99947891	0.033814791
167493	29.99937469	0.016053386
167494	34.99927048	0.010802063
167495	39.99916626	0.0076085755
167496	44.99906204	0.0056306724
167497	49.99895782	0.0043331521
167498	54.99885361	0.0033435999
167499	59.99874939	0.0026092623
167500	64.99864517	0.0020887786
167501	69.99854095	0.0016376294
167502	74.99843674	0.0013074256
167503	79.99833252	0.0010409411
167504	84.9982283	0.00081908192
167505	89.99812408	0.00067793134
167506	94.99801987	0.00055089178
167507	99.99791565	0.00045084242
167508	104.99781143	0.00037164675
167509	109.99770721	0.00030753042
167510	114.997603	0.00025591994
167511	119.99749878	0.00021341526
167512	124.99739456	0.00018031852
167513	129.99729034	0.00015255592
167514	134.99718613	0.00012915193
