csdata_id	e_energy	sigma
198209	13.2921058	0.0
198210	13.3058451	13.573273
198211	13.31945026	18.498795
198212	13.33305542	36.256249
198213	13.34666058	30.371627
198214	13.36026574	28.213095
198215	13.3738709	25.955159
198216	13.38747605	23.097746
198217	13.40108121	22.535463
198218	13.41468637	22.04259
198219	13.42829153	22.610807
198220	13.44189669	20.723667
198221	13.45550185	19.461036
198222	13.46910701	18.50143
198223	13.48271216	18.223511
198224	13.49631732	17.476825
198225	13.50992248	16.99787
198226	13.52352764	17.448519
198227	13.5371328	16.907489
198228	13.55073796	16.202817
198229	13.56434312	16.112704
198230	13.57794827	15.525187
198231	13.59155343	15.31273
198232	13.60515859	15.931568
198233	13.61876375	14.204556
198234	13.63236891	12.605815
198235	13.64597407	11.485158
198236	13.65957923	11.304532
198237	13.67318438	11.998913
198238	13.7003947	12.797915
198239	13.71399986	11.924379
198240	13.75481534	8.0576241
198241	13.76842049	9.1759652
198242	13.78202565	10.049703
198243	13.79563081	8.4974881
198244	13.80923597	9.508386
198245	13.82284113	9.4912886
198246	13.83644629	10.065704
198247	13.85005145	8.5978452
198248	13.8636566	7.1943624
198249	13.87726176	5.582021
198250	13.89086692	4.9669
198251	13.90447208	5.2266226
198252	13.91807724	5.0860567
198253	13.9316824	4.5814523
198254	13.94528756	4.9697289
198255	13.95889272	5.0841922
198256	13.97249787	4.5850058
198257	13.98610303	4.2457102
198258	13.99970819	4.0977462
198259	14.01331335	3.4980473
198260	14.02691851	3.7651261
198261	14.04052367	4.1444047
198262	14.05412883	4.1178661
198263	14.06773398	3.4830724
198264	14.08133914	3.9108419
198265	14.0949443	3.7296654
198266	14.10854946	3.5560765
198267	14.12215462	4.0044063
198268	14.13575978	3.7955221
198269	14.14936494	3.6586304
198270	14.16297009	3.3741366
198271	14.17657525	3.1932733
198272	14.19018041	3.023917
198273	14.20378557	2.9372258
198274	14.21739073	2.7625827
198275	14.23099589	2.7024464
198276	14.24460105	2.6081408
198277	14.2582062	2.6591451
198278	14.27181136	2.4795077
198279	14.28541652	2.4682844
198280	14.29902168	2.6327121
198281	14.31262684	2.4900965
198282	14.326232	2.508077
198283	14.33983716	2.4773844
198284	14.35344231	2.520061
198285	14.36704747	2.4264578
198286	14.38065263	2.5432369
198287	14.39425779	2.4488242
198288	14.40786295	2.4330829
198289	14.42146811	2.3302122
198290	14.43507327	2.3447435
198291	14.44867842	2.476018
198292	14.46228358	2.648117
198293	14.47588874	2.2178319
198294	14.4894939	2.2888554
198295	14.50309906	2.2951676
198296	14.51670422	2.2462602
198297	14.53030938	2.2330904
198298	14.54391453	2.1190343
198299	14.55751969	1.932391
198300	14.57112485	2.1864412
198301	14.58473001	2.1472009
198302	14.59833517	2.3797294
198303	14.61194033	2.2061348
198304	14.62554549	2.2965446
198305	14.63915064	2.1328447
198306	14.6527558	2.0880312
198307	14.66636096	2.0778033
198308	14.67996612	1.8840593
198309	14.69357128	1.8240496
198310	14.70717644	1.709385
198311	14.7207816	1.7563882
198312	14.73438675	1.7849835
198313	14.74799191	1.7538653
198314	14.76159707	1.6921293
198315	14.77520223	1.5574529
198316	14.78880739	1.537167
198317	14.80241255	1.5828477
198318	14.81601771	1.5318903
198319	14.82962286	1.382961
198320	14.84322802	1.3798486
198321	14.85683318	1.3284942
198322	14.87043834	1.2879445
198323	14.8840435	1.3071062
198324	14.89764866	1.2708713
198325	14.91125382	1.2581799
198326	14.92485898	1.1444337
198327	14.93846413	1.1244615
198328	14.95206929	1.0454674
198329	14.96567445	1.0193961
198330	14.97927961	1.0444423
198331	14.99288477	1.0066124
198332	15.00648993	1.0072548
198333	15.02009509	0.964458
198334	15.03370024	0.91703
198335	15.0473054	0.91244501
198336	15.06091056	0.91849026
198337	15.07451572	0.89660899
198338	15.08812088	0.94673666
198339	15.10172604	0.96794503
198340	15.1153312	1.0364129
198341	15.12893635	1.1015965
198342	15.14254151	1.1107649
198343	15.15614667	1.0825013
198344	15.16975183	1.0312508
198345	15.18335699	1.0113081
198346	15.19696215	0.97105806
198347	15.21056731	0.97417611
198348	15.22417246	0.98895687
198349	15.23777762	0.97510478
198350	15.25138278	0.97105608
198351	15.26498794	0.9516006
198352	15.2785931	0.95818922
198353	15.29219826	0.93122468
198354	15.30580342	0.92406756
198355	15.31940857	0.89819574
198356	15.33301373	0.90513458
198357	15.34661889	0.95843934
198358	15.36022405	0.9096376
198359	15.37382921	0.90533517
198360	15.38743437	0.94389169
198361	15.40103953	0.91368792
198362	15.41464468	0.87512758
198363	15.42824984	0.87065607
198364	15.441855	0.86010171
198365	15.45546016	0.85732608
198366	15.46906532	0.78539965
198367	15.48267048	0.81264882
198368	15.50988079	0.7914855
198369	15.52348595	0.78048787
198370	15.53709111	0.78438906
198371	15.55069627	0.73428091
198372	15.56430143	0.7393652
198373	15.57790659	0.80685927
198374	15.59151175	0.74992468
198375	15.6051169	0.72982663
198376	15.61872206	0.73764727
198377	15.63232722	0.74239297
198378	15.64593238	0.69004896
198379	15.65953754	0.69909763
198380	15.6731427	0.69991279
198381	15.68674786	0.7094986
198382	15.70035301	0.72640991
198383	15.71395817	0.71336032
198384	15.72756333	0.68998728
198385	15.74116849	0.6265419
198386	15.75477365	0.60724788
198387	15.76837881	0.5845853
198388	15.78198397	0.60515149
198389	15.79558912	0.60640388
198390	15.80919428	0.59115434
198391	15.82279944	0.58270568
198392	15.8364046	0.57055168
198393	15.85000976	0.56090508
198394	15.86361492	0.56370791
198395	15.87722008	0.53742611
198396	15.89082524	0.53506559
198397	15.90443039	0.52137617
198398	15.91803555	0.49818937
198399	15.93164071	0.4799822
198400	15.94524587	0.47036473
198401	15.95885103	0.49284176
198402	15.97245619	0.48588705
198403	15.98606135	0.49023476
198404	15.9996665	0.49535294
198405	16.01327166	0.50311603
198406	16.02687682	0.49697213
198407	16.04048198	0.48341995
198408	16.05408714	0.47618183
198409	16.0676923	0.47926762
198410	16.08129746	0.47838074
198411	16.09490261	0.47013218
198412	16.10850777	0.46320096
198413	16.12211293	0.45375483
198414	16.13571809	0.45646377
198415	16.14932325	0.45666788
198416	16.16292841	0.443529
198417	16.17653357	0.43868537
198418	16.19013872	0.43962418
198419	16.20374388	0.43343623
198420	16.21734904	0.43758179
198421	16.2309542	0.43205091
198422	16.24455936	0.43101957
198423	16.25816452	0.42977496
198424	16.27176968	0.42997777
198425	16.28537483	0.44133413
198426	16.29897999	0.44745147
198427	16.31258515	0.46019462
198428	16.32619031	0.45432688
198429	16.33979547	0.45936193
198430	16.35340063	0.47230687
198431	16.36700579	0.45770517
198432	16.3942161	0.46217995
198433	16.40782126	0.46722144
198434	16.42142642	0.47554376
198435	16.43503158	0.4732126
198436	16.44863674	0.48047196
198437	16.4622419	0.49392886
198438	16.47584705	0.47234404
198439	16.48945221	0.47107167
198440	16.50305737	0.47845214
198441	16.51666253	0.49517737
198442	16.53026769	0.49918946
198443	16.54387285	0.50945496
198444	16.55747801	0.51113919
198445	16.57108316	0.50521187
198446	16.58468832	0.50651198
198447	16.59829348	0.48418466
198448	16.61189864	0.46865839
198449	16.6255038	0.47149871
198450	16.63910896	0.47313213
198451	16.65271412	0.46125583
198452	16.67992443	0.46861144
198453	16.69352959	0.45473065
198454	16.70713475	0.43202063
198455	16.72073991	0.42074861
198456	16.73434507	0.41789629
198457	16.74795023	0.42090428
198458	16.76155538	0.39850949
198459	16.77516054	0.39914509
198460	16.7887657	0.39268163
198461	16.80237086	0.38450386
198462	16.81597602	0.38368166
198463	16.82958118	0.3860718
198464	16.84318634	0.38287145
198465	16.8567915	0.3817403
198466	16.87039665	0.38219685
198467	16.88400181	0.37655263
198468	16.89760697	0.37520035
198469	16.91121213	0.38167483
198470	16.92481729	0.38522593
198471	16.93842245	0.38473591
198472	16.95202761	0.37753151
198473	16.96563276	0.37767102
198474	16.97923792	0.37077529
198475	16.99284308	0.37040297
198476	17.00644824	0.36958636
198477	17.0200534	0.37148524
198478	17.03365856	0.36657963
198479	17.04726372	0.36593093
198480	17.06086887	0.36130841
198481	17.07447403	0.35844564
198482	17.08807919	0.35919782
198483	17.10168435	0.35511065
198484	17.11528951	0.353242
198485	17.12889467	0.36121476
198486	17.14249983	0.34971372
198487	17.15610498	0.34654374
198488	17.16971014	0.33673578
198489	17.1833153	0.34477133
198490	17.19692046	0.335243
198491	17.21052562	0.31173656
198492	17.22413078	0.29762524
198493	17.23773594	0.28364293
198494	17.25134109	0.27956774
198495	17.26494625	0.27535915
198496	17.27855141	0.27133518
198497	17.29215657	0.27586871
198498	17.30576173	0.26448579
198499	17.31936689	0.26073245
198500	17.33297205	0.26719298
198501	17.3465772	0.2645497
198502	17.36018236	0.25644676
198503	17.37378752	0.25688702
198504	17.38739268	0.25745513
198505	17.40099784	0.24718614
198506	17.414603	0.24223056
198507	17.42820816	0.23492746
198508	17.44181331	0.23252928
198509	17.45541847	0.23416882
198510	17.46902363	0.22634773
198511	17.48262879	0.2220232
198512	17.49623395	0.22349837
198513	17.50983911	0.21394966
198514	17.52344427	0.21431004
198515	17.53704942	0.21567152
198516	17.55065458	0.21217093
198517	17.56425974	0.20795007
198518	17.5778649	0.19770965
198519	17.59147006	0.19599809
198520	17.60507522	0.19078803
198521	17.61868038	0.18864247
198522	17.63228553	0.18525031
198523	17.64589069	0.18234858
198524	17.65949585	0.18173585
198525	17.67310101	0.18078318
198526	17.68670617	0.1801594
198527	17.70031133	0.18046425
198528	17.71391649	0.17622816
198529	17.72752164	0.17709592
198530	17.7411268	0.1755163
198531	17.75473196	0.17823925
198532	17.76833712	0.17782105
198533	17.78194228	0.1771933
198534	17.79554744	0.17805191
198535	17.8091526	0.17531642
198536	17.82275776	0.17239194
198537	17.83636291	0.17279945
198538	17.84996807	0.17352144
198539	17.86357323	0.18056031
198540	17.87717839	0.1780468
198541	17.89078355	0.17527231
198542	17.90438871	0.17653113
198543	17.91799387	0.18098914
198544	17.93159902	0.18072726
198545	17.94520418	0.18614415
198546	17.95880934	0.1926689
198547	17.9724145	0.19694762
198548	17.98601966	0.20832206
198549	17.99962482	0.214489
198550	18.01322998	0.21726575
198551	18.02683513	0.22121407
198552	18.04044029	0.22334021
198553	18.05404545	0.22191118
198554	18.06765061	0.22583821
198555	18.08125577	0.22267091
198556	18.09486093	0.2185708
198557	18.10846609	0.21958996
198558	18.12207124	0.2199198
198559	18.1356764	0.21885991
198560	18.14928156	0.21907794
198561	18.16288672	0.21704755
198562	18.17649188	0.22057001
198563	18.19009704	0.22001571
198564	18.2037022	0.21195041
198565	18.21730735	0.2105885
198566	18.23091251	0.21252162
198567	18.24451767	0.21472095
198568	18.25812283	0.20983107
198569	18.27172799	0.21533586
198570	18.28533315	0.21354415
198571	18.29893831	0.21702481
198572	18.31254346	0.21206272
198573	18.32614862	0.2101731
198574	18.33975378	0.20770144
198575	18.35335894	0.20437962
198576	18.3669641	0.1977528
198577	18.38056926	0.19532425
198578	18.39417442	0.18862083
198579	18.40777957	0.18331432
198580	18.42138473	0.18406713
198581	18.43498989	0.18343295
198582	18.44859505	0.18222211
198583	18.46220021	0.17619463
198584	18.47580537	0.17346479
198585	18.48941053	0.16867895
198586	18.50301568	0.16930764
198587	18.51662084	0.16511864
198588	18.530226	0.16273973
198589	18.54383116	0.16135703
198590	18.55743632	0.15741952
198591	18.57104148	0.15735342
198592	18.58464664	0.15665872
198593	18.59825179	0.15282141
198594	18.61185695	0.14996132
198595	18.62546211	0.15191011
198596	18.63906727	0.15189201
198597	18.65267243	0.15091759
198598	18.66627759	0.1483169
198599	18.67988275	0.14557222
198600	18.6934879	0.14365854
198601	18.70709306	3.1182617
198602	18.72069822	0.14099439
198603	18.73430338	0.13941481
198604	18.74790854	0.13808114
198605	18.7615137	0.13528253
198606	18.77511886	0.13215912
198607	18.78872402	0.13018321
198608	18.80232917	0.12916124
198609	18.81593433	1.6523718
198610	18.82953949	0.12584499
198611	18.84314465	0.12652963
198612	18.85674981	0.12537204
198613	18.87035497	0.12586945
198614	18.88396013	0.1239616
198615	18.89756528	0.12028161
198616	18.91117044	0.1228107
198617	18.9247756	0.12011691
198618	18.93838076	0.12144795
198619	18.95198592	0.12367927
198620	18.96559108	0.11993825
198621	18.97919624	0.1195089
198622	18.99280139	0.11942861
198623	19.00640655	0.11883537
198624	19.02001171	0.11838271
198625	19.03361687	0.11607371
198626	19.04722203	0.11729005
198627	19.06082719	0.11279896
198628	19.07443235	0.11049571
198629	19.0880375	0.11028834
198630	19.10164266	0.11106241
198631	19.11524782	0.11026688
198632	19.12885298	0.10833473
198633	19.14245814	0.1071145
198634	19.1560633	0.10303326
198635	19.16966846	0.10464985
198636	19.18327361	0.10174059
198637	19.19687877	0.099587074
198638	19.21048393	0.096816271
198639	19.22408909	0.098882941
198640	19.23769425	0.1001018
198641	19.25129941	0.096952641
198642	19.26490457	0.096648447
198643	19.27850972	0.096214077
198644	19.29211488	0.095023191
198645	19.30572004	0.095837114
198646	19.3193252	0.096076456
198647	19.33293036	0.097443224
198648	19.34653552	0.096213762
198649	19.36014068	0.096774319
198650	19.37374583	0.095863057
198651	19.38735099	0.094138903
198652	19.40095615	0.094680363
198653	19.41456131	0.23990384
198654	19.42816647	0.093893879
198655	19.44177163	0.092315365
198656	19.45537679	0.090402602
198657	19.46898194	0.089263159
198658	19.4825871	0.091519486
198659	19.49619226	0.091698485
198660	19.50979742	0.091270653
198661	19.52340258	0.85227423
198662	19.53700774	0.090477077
198663	19.5506129	0.092339303
198664	19.56421805	0.088574898
198665	19.57782321	0.089668332
198666	19.59142837	0.089193039
198667	19.99958313	0.92991838
198668	24.99947891	0.0097185852
198669	29.99937469	0.0062422453
198670	34.99927048	0.0041618398
198671	39.99916626	0.0035611289
198672	44.99906204	0.0031550273
198673	49.99895782	0.0027761033
198674	54.99885361	0.0024336013
198675	59.99874939	0.0021395815
198676	64.99864517	0.0018585945
198677	69.99854095	0.0016127211
198678	74.99843674	0.0014096658
198679	79.99833252	0.0012309114
198680	84.9982283	0.0011103774
198681	89.99812408	0.0009350074
198682	94.99801987	0.00083342047
198683	99.99791565	0.00073786872
198684	104.99781143	0.00065423624
198685	109.99770721	0.00058202719
198686	114.997603	0.00052138395
198687	119.99749878	0.0004698177
198688	124.99739456	0.0004187504
198689	129.99729034	0.00037891793
198690	134.99718613	0.00034025708
