csdata_id	e_energy	sigma
161112	13.26777923	0.0
161113	13.27863479	4.7636328
161114	13.3058451	6.7242183
161115	13.31945026	9.0561355
161116	13.33305542	11.61574
161117	13.34666058	15.895156
161118	13.36026574	25.288197
161119	13.3738709	29.819679
161120	13.38747605	36.694666
161121	13.40108121	42.839328
161122	13.41468637	49.417168
161123	13.42829153	54.221625
161124	13.44189669	56.659747
161125	13.45550185	37.33507
161126	13.46910701	41.641473
161127	13.48271216	45.395412
161128	13.49631732	50.431155
161129	13.50992248	55.362504
161130	13.52352764	60.930188
161131	13.5371328	66.700031
161132	13.55073796	70.506993
161133	13.56434312	76.501342
161134	13.57794827	74.470105
161135	13.59155343	89.719887
161136	13.60515859	89.649517
161137	13.61876375	90.132093
161138	13.63236891	99.421967
161139	13.64597407	103.25193
161140	13.65957923	106.41538
161141	13.67318438	107.60964
161142	13.7003947	111.3983
161143	13.71399986	114.82649
161144	13.75481534	110.44857
161145	13.76842049	111.15481
161146	13.78202565	111.18853
161147	13.79563081	110.44449
161148	13.80923597	113.68982
161149	13.82284113	117.59668
161150	13.83644629	120.91955
161151	13.85005145	121.69279
161152	13.8636566	124.92694
161153	13.87726176	130.49596
161154	13.89086692	133.11838
161155	13.90447208	135.4428
161156	13.91807724	137.99609
161157	13.9316824	140.486
161158	13.94528756	142.80391
161159	13.95889272	144.80329
161160	13.97249787	146.74124
161161	13.98610303	148.62875
161162	13.99970819	150.00392
161163	14.01331335	150.46986
161164	14.02691851	151.62956
161165	14.04052367	146.66671
161166	14.05412883	149.42968
161167	14.06773398	153.2082
161168	14.08133914	155.34617
161169	14.0949443	154.91699
161170	14.10854946	154.72819
161171	14.12215462	156.62229
161172	14.13575978	158.60505
161173	14.14936494	159.12296
161174	14.16297009	158.86871
161175	14.17657525	158.89805
161176	14.19018041	159.74937
161177	14.20378557	160.62008
161178	14.21739073	161.11549
161179	14.23099589	161.37906
161180	14.24460105	162.50783
161181	14.2582062	163.30921
161182	14.27181136	164.23426
161183	14.28541652	164.75304
161184	14.29902168	165.09711
161185	14.31262684	165.22455
161186	14.326232	165.38488
161187	14.33983716	164.95883
161188	14.35344231	165.74765
161189	14.36704747	165.57497
161190	14.38065263	166.30057
161191	14.39425779	166.44553
161192	14.40786295	168.07296
161193	14.42146811	169.74219
161194	14.43507327	171.42543
161195	14.44867842	173.11076
161196	14.46228358	174.42778
161197	14.47588874	175.30361
161198	14.4894939	175.60665
161199	14.50309906	176.31414
161200	14.51670422	177.06558
161201	14.53030938	177.07587
161202	14.54391453	177.8321
161203	14.55751969	178.4622
161204	14.57112485	179.2724
161205	14.58473001	179.6022
161206	14.59833517	180.14893
161207	14.61194033	179.72546
161208	14.62554549	180.21437
161209	14.63915064	180.3532
161210	14.6527558	180.48663
161211	14.66636096	180.80855
161212	14.67996612	181.06204
161213	14.69357128	181.05453
161214	14.70717644	180.90824
161215	14.7207816	180.60713
161216	14.73438675	181.02571
161217	14.74799191	181.072
161218	14.76159707	180.84133
161219	14.77520223	181.04882
161220	14.78880739	181.01825
161221	14.80241255	181.05473
161222	14.81601771	180.76403
161223	14.82962286	180.87532
161224	14.84322802	180.85673
161225	14.85683318	180.53828
161226	14.87043834	180.64072
161227	14.8840435	180.51711
161228	14.89764866	180.33622
161229	14.91125382	180.14856
161230	14.92485898	180.28611
161231	14.93846413	180.1228
161232	14.95206929	179.87384
161233	14.96567445	179.58921
161234	14.97927961	179.31741
161235	14.99288477	179.2575
161236	15.00648993	179.25546
161237	15.02009509	179.004
161238	15.03370024	179.06559
161239	15.0473054	178.83194
161240	15.06091056	179.42582
161241	15.07451572	179.22572
161242	15.08812088	179.16077
161243	15.10172604	179.08823
161244	15.1153312	179.02694
161245	15.12893635	178.77551
161246	15.14254151	178.92793
161247	15.15614667	178.75087
161248	15.16975183	178.54156
161249	15.18335699	178.11957
161250	15.19696215	177.98133
161251	15.21056731	177.75183
161252	15.22417246	177.59896
161253	15.23777762	177.42185
161254	15.25138278	177.12654
161255	15.26498794	176.78595
161256	15.2785931	176.46034
161257	15.29219826	176.18457
161258	15.30580342	176.09874
161259	15.31940857	176.44274
161260	15.33301373	176.07309
161261	15.34661889	175.79145
161262	15.36022405	175.46874
161263	15.37382921	175.29336
161264	15.38743437	175.04938
161265	15.40103953	174.80535
161266	15.41464468	174.54669
161267	15.42824984	174.11706
161268	15.441855	173.80443
161269	15.45546016	173.18622
161270	15.46906532	173.0377
161271	15.48267048	172.86695
161272	15.50988079	172.07543
161273	15.52348595	171.62496
161274	15.53709111	171.2119
161275	15.55069627	170.94508
161276	15.56430143	170.62495
161277	15.57790659	170.46576
161278	15.59151175	170.13462
161279	15.6051169	169.92936
161280	15.61872206	169.78995
161281	15.63232722	169.69026
161282	15.64593238	169.69772
161283	15.65953754	169.59846
161284	15.6731427	169.43918
161285	15.68674786	169.25963
161286	15.70035301	169.19202
161287	15.71395817	169.10325
161288	15.72756333	168.9927
161289	15.74116849	168.78274
161290	15.75477365	168.65863
161291	15.76837881	168.52975
161292	15.78198397	168.38701
161293	15.79558912	168.21669
161294	15.80919428	168.13247
161295	15.82279944	167.87742
161296	15.8364046	167.73889
161297	15.85000976	167.73437
161298	15.86361492	167.5267
161299	15.87722008	167.30732
161300	15.89082524	167.05425
161301	15.90443039	166.99946
161302	15.91803555	166.69482
161303	15.93164071	166.42712
161304	15.94524587	166.16815
161305	15.95885103	166.03047
161306	15.97245619	165.73465
161307	15.98606135	165.43804
161308	15.9996665	165.15839
161309	16.01327166	164.86959
161310	16.02687682	164.52273
161311	16.04048198	164.23284
161312	16.05408714	163.92466
161313	16.0676923	163.53502
161314	16.08129746	163.14563
161315	16.09490261	162.80098
161316	16.10850777	162.46474
161317	16.12211293	162.11837
161318	16.13571809	161.80745
161319	16.14932325	161.41915
161320	16.16292841	161.0187
161321	16.17653357	160.59978
161322	16.19013872	160.1093
161323	16.20374388	159.69547
161324	16.21734904	159.26454
161325	16.2309542	158.8398
161326	16.24455936	158.40346
161327	16.25816452	157.91197
161328	16.27176968	157.48723
161329	16.28537483	157.09271
161330	16.29897999	156.67085
161331	16.31258515	156.27558
161332	16.32619031	155.79921
161333	16.33979547	155.46199
161334	16.35340063	155.14537
161335	16.36700579	154.74112
161336	16.3942161	154.01985
161337	16.40782126	153.71365
161338	16.42142642	153.36439
161339	16.43503158	153.07405
161340	16.44863674	152.77883
161341	16.4622419	152.44394
161342	16.47584705	152.16202
161343	16.48945221	151.90015
161344	16.50305737	151.59849
161345	16.51666253	151.36067
161346	16.53026769	151.0806
161347	16.54387285	150.82377
161348	16.55747801	150.57728
161349	16.57108316	150.16392
161350	16.58468832	149.77104
161351	16.59829348	149.5608
161352	16.61189864	149.322
161353	16.6255038	149.07253
161354	16.63910896	148.83612
161355	16.65271412	148.53648
161356	16.67992443	148.30282
161357	16.69352959	148.12236
161358	16.70713475	147.855
161359	16.72073991	147.57583
161360	16.73434507	147.32649
161361	16.74795023	147.04514
161362	16.76155538	146.78299
161363	16.77516054	146.52775
161364	16.7887657	146.20385
161365	16.80237086	146.01903
161366	16.81597602	145.74589
161367	16.82958118	145.50206
161368	16.84318634	145.18063
161369	16.8567915	144.94211
161370	16.87039665	144.63741
161371	16.88400181	144.38992
161372	16.89760697	144.13571
161373	16.91121213	143.87797
161374	16.92481729	143.58597
161375	16.93842245	143.29106
161376	16.95202761	143.02991
161377	16.96563276	142.77643
161378	16.97923792	142.4986
161379	16.99284308	142.2164
161380	17.00644824	141.93166
161381	17.0200534	141.69673
161382	17.03365856	141.42555
161383	17.04726372	141.13905
161384	17.06086887	140.86887
161385	17.07447403	140.6528
161386	17.08807919	140.37906
161387	17.10168435	140.11611
161388	17.11528951	139.84261
161389	17.12889467	139.54318
161390	17.14249983	139.30548
161391	17.15610498	139.08582
161392	17.16971014	138.94155
161393	17.1833153	138.64859
161394	17.19692046	138.45045
161395	17.21052562	138.19005
161396	17.22413078	137.98345
161397	17.23773594	137.77265
161398	17.25134109	137.5952
161399	17.26494625	137.36619
161400	17.27855141	137.17329
161401	17.29215657	136.95586
161402	17.30576173	136.73481
161403	17.31936689	136.50571
161404	17.33297205	136.30835
161405	17.3465772	136.06773
161406	17.36018236	135.81472
161407	17.37378752	135.56615
161408	17.38739268	135.32725
161409	17.40099784	135.07895
161410	17.414603	134.78612
161411	17.42820816	134.63771
161412	17.44181331	134.3404
161413	17.45541847	134.02109
161414	17.46902363	133.76541
161415	17.48262879	133.5688
161416	17.49623395	133.28631
161417	17.50983911	132.86283
161418	17.52344427	132.68246
161419	17.53704942	132.43106
161420	17.55065458	132.10386
161421	17.56425974	131.80365
161422	17.5778649	131.51313
161423	17.59147006	131.20838
161424	17.60507522	130.93311
161425	17.61868038	130.64597
161426	17.63228553	130.36119
161427	17.64589069	130.0538
161428	17.65949585	129.7093
161429	17.67310101	127.93034
161430	17.68670617	129.19345
161431	17.70031133	128.87655
161432	17.71391649	128.57716
161433	17.72752164	128.29412
161434	17.7411268	128.03406
161435	17.75473196	127.76849
161436	17.76833712	127.47001
161437	17.78194228	127.2378
161438	17.79554744	126.94885
161439	17.8091526	126.6673
161440	17.82275776	126.38828
161441	17.83636291	126.07906
161442	17.84996807	125.81442
161443	17.86357323	125.57802
161444	17.87717839	125.33022
161445	17.89078355	125.07349
161446	17.90438871	124.77908
161447	17.91799387	124.50938
161448	17.93159902	124.18802
161449	17.94520418	123.88365
161450	17.95880934	123.58535
161451	17.9724145	123.29407
161452	17.98601966	123.00762
161453	17.99962482	122.80086
161454	18.01322998	122.5889
161455	18.02683513	122.42323
161456	18.04044029	122.24536
161457	18.05404545	122.04751
161458	18.06765061	121.81746
161459	18.08125577	121.6301
161460	18.09486093	121.44745
161461	18.10846609	121.25644
161462	18.12207124	121.00377
161463	18.1356764	120.80337
161464	18.14928156	120.55981
161465	18.16288672	120.32714
161466	18.17649188	120.09595
161467	18.19009704	119.88948
161468	18.2037022	119.59007
161469	18.21730735	119.38083
161470	18.23091251	119.11768
161471	18.24451767	118.9145
161472	18.25812283	118.70109
161473	18.27172799	118.49471
161474	18.28533315	118.29513
161475	18.29893831	118.07127
161476	18.31254346	117.88441
161477	18.32614862	117.69524
161478	18.33975378	117.49995
161479	18.35335894	117.25034
161480	18.3669641	117.04666
161481	18.38056926	116.82135
161482	18.39417442	116.5953
161483	18.40777957	116.39771
161484	18.42138473	116.18582
161485	18.43498989	115.96253
161486	18.44859505	115.76553
161487	18.46220021	115.55607
161488	18.47580537	115.35233
161489	18.48941053	115.15231
161490	18.50301568	114.91147
161491	18.51662084	114.70565
161492	18.530226	114.43165
161493	18.54383116	114.22345
161494	18.55743632	114.0072
161495	18.57104148	113.81229
161496	18.58464664	113.56976
161497	18.59825179	113.35252
161498	18.61185695	113.13648
161499	18.62546211	112.90998
161500	18.63906727	112.71434
161501	18.65267243	112.46174
161502	18.66627759	112.29778
161503	18.67988275	112.1229
161504	18.6934879	111.91714
161505	18.70709306	111.78786
161506	18.72069822	111.4633
161507	18.73430338	111.28203
161508	18.74790854	111.0884
161509	18.7615137	110.92105
161510	18.77511886	110.68259
161511	18.78872402	110.49596
161512	18.80232917	110.3105
161513	18.81593433	110.1503
161514	18.82953949	109.8879
161515	18.84314465	109.67884
161516	18.85674981	109.43602
161517	18.87035497	109.19897
161518	18.88396013	108.97247
161519	18.89756528	108.75392
161520	18.91117044	108.50206
161521	18.9247756	108.2989
161522	18.93838076	108.09671
161523	18.95198592	107.86344
161524	18.96559108	107.61777
161525	18.97919624	107.39607
161526	18.99280139	107.20262
161527	19.00640655	106.99596
161528	19.02001171	106.77314
161529	19.03361687	106.56514
161530	19.04722203	106.39056
161531	19.06082719	106.18833
161532	19.07443235	105.98984
161533	19.0880375	105.80406
161534	19.10164266	105.62255
161535	19.11524782	105.43445
161536	19.12885298	105.17872
161537	19.14245814	104.9997
161538	19.1560633	104.77253
161539	19.16966846	104.58482
161540	19.18327361	104.41049
161541	19.19687877	104.22665
161542	19.21048393	104.02088
161543	19.22408909	103.81486
161544	19.23769425	103.64207
161545	19.25129941	103.43699
161546	19.26490457	103.23973
161547	19.27850972	103.05169
161548	19.29211488	102.85793
161549	19.30572004	102.66656
161550	19.3193252	102.47247
161551	19.33293036	102.28909
161552	19.34653552	102.12892
161553	19.36014068	101.95236
161554	19.37374583	101.77326
161555	19.38735099	101.57237
161556	19.40095615	101.34277
161557	19.41456131	101.43081
161558	19.42816647	100.98865
161559	19.44177163	100.82849
161560	19.45537679	100.65681
161561	19.46898194	100.46974
161562	19.4825871	105.58558
161563	19.49619226	100.11289
161564	19.50979742	99.951226
161565	19.52340258	101.55943
161566	19.53700774	99.603499
161567	19.5506129	99.435812
161568	19.56421805	99.232951
161569	19.57782321	99.077155
161570	19.59142837	98.931123
161571	19.99958313	94.503349
161572	24.99947891	54.582866
161573	29.99937469	36.655067
161574	34.99927048	26.369614
161575	39.99916626	19.848489
161576	44.99906204	15.363718
161577	49.99895782	12.050529
161578	54.99885361	9.6091229
161579	59.99874939	7.7723882
161580	64.99864517	6.3655451
161581	69.99854095	5.2714
161582	74.99843674	4.4092039
161583	79.99833252	3.7214978
161584	84.9982283	3.1670609
161585	89.99812408	2.7159369
161586	94.99801987	2.3454281
161587	99.99791565	2.0385995
161588	104.99781143	1.7825872
161589	109.99770721	1.5674352
161590	114.997603	1.3854436
161591	119.99749878	1.230522
161592	124.99739456	1.097845
161593	129.99729034	0.98363765
161594	134.99718613	0.8847433
