csdata_id	e_energy	sigma
102071	12.98593721	0.0
102072	12.99292646	1.0490192
102073	13.00653161	4.1492949
102074	13.02013677	6.9104589
102075	13.03374193	6.4294675
102076	13.04734709	6.3647929
102077	13.06095225	5.9344896
102078	13.07455741	6.41542
102079	13.08816257	6.9630663
102080	13.10176772	6.1653487
102081	13.11537288	5.7581517
102082	13.12897804	5.6891033
102083	13.1425832	5.6546379
102084	13.15618836	5.4248394
102085	13.16979352	5.7543262
102086	13.18339868	5.627605
102087	13.19700383	5.5113156
102088	13.21060899	5.4592874
102089	13.22421415	5.5281166
102090	13.23781931	5.6132099
102091	13.25142447	5.3415156
102092	13.26502963	5.1321827
102093	13.27863479	4.7797997
102094	13.3058451	4.346396
102095	13.31945026	4.2900634
102096	13.33305542	4.3934248
102097	13.34666058	4.2920395
102098	13.36026574	4.1509042
102099	13.3738709	4.3077681
102100	13.38747605	4.6651543
102101	13.40108121	4.5342617
102102	13.41468637	4.3709579
102103	13.42829153	4.6142121
102104	13.44189669	4.7112855
102105	13.45550185	4.4954098
102106	13.46910701	4.5001628
102107	13.48271216	4.6151002
102108	13.49631732	4.6388277
102109	13.50992248	4.6095685
102110	13.52352764	4.5848412
102111	13.5371328	4.6539377
102112	13.55073796	4.6614252
102113	13.56434312	4.8833529
102114	13.57794827	4.9804735
102115	13.59155343	5.1113698
102116	13.60515859	5.0316412
102117	13.61876375	4.9273512
102118	13.63236891	4.867556
102119	13.64597407	4.8204741
102120	13.65957923	4.7219327
102121	13.67318438	4.3487539
102122	13.7003947	4.8297968
102123	13.71399986	4.66716
102124	13.75481534	3.3859236
102125	13.76842049	3.214273
102126	13.78202565	3.2304771
102127	13.79563081	3.5469735
102128	13.80923597	3.7138852
102129	13.82284113	3.7967672
102130	13.83644629	3.5036604
102131	13.85005145	3.1762526
102132	13.8636566	2.947695
102133	13.87726176	2.7892408
102134	13.89086692	2.7000866
102135	13.90447208	2.7005421
102136	13.91807724	2.6920545
102137	13.9316824	2.7293929
102138	13.94528756	2.9388726
102139	13.95889272	3.2155054
102140	13.97249787	3.254985
102141	13.98610303	3.1470923
102142	13.99970819	3.0593652
102143	14.01331335	3.1117711
102144	14.02691851	2.989056
102145	14.04052367	2.8604103
102146	14.05412883	2.7512782
102147	14.06773398	2.8562538
102148	14.08133914	2.8587793
102149	14.0949443	2.8368606
102150	14.10854946	2.8853515
102151	14.12215462	2.9277098
102152	14.13575978	2.8545443
102153	14.14936494	2.9014992
102154	14.16297009	2.9970745
102155	14.17657525	2.99488
102156	14.19018041	3.0678663
102157	14.20378557	3.0644596
102158	14.21739073	3.0204377
102159	14.23099589	3.0120145
102160	14.24460105	3.0566502
102161	14.2582062	3.0711755
102162	14.27181136	3.1499799
102163	14.28541652	3.1250853
102164	14.29902168	3.0439815
102165	14.31262684	2.9761121
102166	14.326232	2.8888228
102167	14.33983716	2.8120839
102168	14.35344231	2.8741295
102169	14.36704747	2.8538099
102170	14.38065263	2.6588718
102171	14.39425779	2.6394999
102172	14.40786295	2.4880713
102173	14.42146811	2.3846824
102174	14.43507327	2.2897705
102175	14.44867842	2.0803469
102176	14.46228358	2.1600814
102177	14.47588874	2.1214048
102178	14.4894939	2.1307908
102179	14.50309906	2.1173161
102180	14.51670422	2.1621593
102181	14.53030938	2.2065104
102182	14.54391453	2.1052766
102183	14.55751969	2.1188674
102184	14.57112485	2.115211
102185	14.58473001	2.2002945
102186	14.59833517	2.2608889
102187	14.61194033	2.2842594
102188	14.62554549	2.3101903
102189	14.63915064	2.359666
102190	14.6527558	2.2992549
102191	14.66636096	2.2980713
102192	14.67996612	2.2902083
102193	14.69357128	2.3086305
102194	14.70717644	2.2794258
102195	14.7207816	2.250749
102196	14.73438675	2.2786132
102197	14.74799191	2.2702004
102198	14.76159707	2.2661529
102199	14.77520223	2.277779
102200	14.78880739	2.2012491
102201	14.80241255	2.1936893
102202	14.81601771	2.1826188
102203	14.82962286	2.1799792
102204	14.84322802	2.2053879
102205	14.85683318	2.1760748
102206	14.87043834	2.2075242
102207	14.8840435	2.2525956
102208	14.89764866	2.2953943
102209	14.91125382	2.3109412
102210	14.92485898	2.4397005
102211	14.93846413	2.3212555
102212	14.95206929	2.268549
102213	14.96567445	2.2695361
102214	14.97927961	2.2497241
102215	14.99288477	2.1926243
102216	15.00648993	2.158325
102217	15.02009509	2.0724683
102218	15.03370024	2.093386
102219	15.0473054	2.0996978
102220	15.06091056	2.0983666
102221	15.07451572	2.0735606
102222	15.08812088	2.0732098
102223	15.10172604	2.0727623
102224	15.1153312	2.061945
102225	15.12893635	2.0456421
102226	15.14254151	2.0208273
102227	15.15614667	1.9548523
102228	15.16975183	1.904317
102229	15.18335699	1.8742348
102230	15.19696215	1.8937658
102231	15.21056731	1.8525684
102232	15.22417246	1.8539645
102233	15.23777762	1.8518689
102234	15.25138278	1.8804631
102235	15.26498794	1.8428647
102236	15.2785931	1.8328098
102237	15.29219826	1.8282577
102238	15.30580342	1.8043689
102239	15.31940857	1.7800233
102240	15.33301373	1.7754818
102241	15.34661889	1.7623686
102242	15.36022405	1.7179703
102243	15.37382921	1.6868915
102244	15.38743437	1.6470399
102245	15.40103953	1.6520183
102246	15.41464468	1.6664724
102247	15.42824984	1.6427959
102248	15.441855	1.6547343
102249	15.45546016	1.6786034
102250	15.46906532	1.7175348
102251	15.48267048	1.7062744
102252	15.50988079	1.7130362
102253	15.52348595	1.6949027
102254	15.53709111	1.6785211
102255	15.55069627	1.6585228
102256	15.56430143	1.6732564
102257	15.57790659	1.71744
102258	15.59151175	1.7204178
102259	15.6051169	1.6929272
102260	15.61872206	1.6978196
102261	15.63232722	1.6835448
102262	15.64593238	1.6851327
102263	15.65953754	1.6570002
102264	15.6731427	1.6409373
102265	15.68674786	1.6285554
102266	15.70035301	1.623882
102267	15.71395817	1.6416625
102268	15.72756333	1.6544582
102269	15.74116849	1.6521517
102270	15.75477365	1.6948924
102271	15.76837881	1.7210664
102272	15.78198397	1.6899815
102273	15.79558912	1.7087758
102274	15.80919428	1.6842136
102275	15.82279944	1.6788037
102276	15.8364046	1.6874293
102277	15.85000976	1.710967
102278	15.86361492	1.6566009
102279	15.87722008	1.6368446
102280	15.89082524	1.6260293
102281	15.90443039	1.6552777
102282	15.91803555	1.6734521
102283	15.93164071	1.7033102
102284	15.94524587	1.6696028
102285	15.95885103	1.6799729
102286	15.97245619	1.6922922
102287	15.98606135	1.6646428
102288	15.9996665	1.6093699
102289	16.01327166	1.5928394
102290	16.02687682	1.5937094
102291	16.04048198	1.5886049
102292	16.05408714	1.6188248
102293	16.0676923	1.5700401
102294	16.08129746	1.5734137
102295	16.09490261	1.5657545
102296	16.10850777	1.5557133
102297	16.12211293	1.5525312
102298	16.13571809	1.5496039
102299	16.14932325	1.5338319
102300	16.16292841	1.5594548
102301	16.17653357	1.5386195
102302	16.19013872	1.5419173
102303	16.20374388	1.5552513
102304	16.21734904	1.568206
102305	16.2309542	1.592883
102306	16.24455936	1.5761061
102307	16.25816452	1.5327358
102308	16.27176968	1.5074266
102309	16.28537483	1.4682184
102310	16.29897999	1.462351
102311	16.31258515	1.4365293
102312	16.32619031	1.4515885
102313	16.33979547	1.4490905
102314	16.35340063	1.4567994
102315	16.36700579	1.4951444
102316	16.3942161	1.474807
102317	16.40782126	1.4613724
102318	16.42142642	1.4416691
102319	16.43503158	1.4720735
102320	16.44863674	1.4673077
102321	16.4622419	1.4383849
102322	16.47584705	1.4272291
102323	16.48945221	1.4528842
102324	16.50305737	1.4321285
102325	16.51666253	1.4276159
102326	16.53026769	1.4177056
102327	16.54387285	1.4106692
102328	16.55747801	1.4344751
102329	16.57108316	1.4315676
102330	16.58468832	1.4328573
102331	16.59829348	1.4212882
102332	16.61189864	1.4269449
102333	16.6255038	1.4171033
102334	16.63910896	1.4362505
102335	16.65271412	1.4435068
102336	16.67992443	1.4696053
102337	16.69352959	1.4418055
102338	16.70713475	1.4588423
102339	16.72073991	1.450424
102340	16.73434507	1.4759573
102341	16.74795023	1.4457236
102342	16.76155538	1.4453803
102343	16.77516054	1.462756
102344	16.7887657	1.474031
102345	16.80237086	1.4783027
102346	16.81597602	1.4623439
102347	16.82958118	1.4672005
102348	16.84318634	1.4595766
102349	16.8567915	1.463153
102350	16.87039665	1.4250131
102351	16.88400181	1.4242493
102352	16.89760697	1.4355882
102353	16.91121213	1.4338035
102354	16.92481729	1.4247188
102355	16.93842245	1.4094149
102356	16.95202761	1.4164649
102357	16.96563276	1.4070537
102358	16.97923792	1.405157
102359	16.99284308	1.4305633
102360	17.00644824	1.4441083
102361	17.0200534	1.4398364
102362	17.03365856	1.4664705
102363	17.04726372	1.4509322
102364	17.06086887	1.4753662
102365	17.07447403	1.477305
102366	17.08807919	1.44651
102367	17.10168435	1.4273078
102368	17.11528951	1.4346252
102369	17.12889467	1.4532319
102370	17.14249983	1.4484147
102371	17.15610498	1.4569472
102372	17.16971014	1.4477482
102373	17.1833153	1.4154714
102374	17.19692046	1.4266787
102375	17.21052562	1.4338962
102376	17.22413078	1.4273263
102377	17.23773594	1.4264548
102378	17.25134109	1.4184069
102379	17.26494625	1.4252276
102380	17.27855141	1.4079376
102381	17.29215657	1.3972163
102382	17.30576173	1.3890413
102383	17.31936689	1.3825403
102384	17.33297205	1.3656339
102385	17.3465772	1.3748228
102386	17.36018236	1.3885522
102387	17.37378752	1.3746562
102388	17.38739268	1.3695763
102389	17.40099784	1.3635783
102390	17.414603	1.3704379
102391	17.42820816	1.3553218
102392	17.44181331	1.3323005
102393	17.45541847	1.3064766
102394	17.46902363	1.3411698
102395	17.48262879	1.3386255
102396	17.49623395	1.3584977
102397	17.50983911	1.3378615
102398	17.52344427	1.3266705
102399	17.53704942	1.3572556
102400	17.55065458	1.3615113
102401	17.56425974	1.3634223
102402	17.5778649	1.3763671
102403	17.59147006	1.3730353
102404	17.60507522	1.3911429
102405	17.61868038	1.379799
102406	17.63228553	1.3844373
102407	17.64589069	1.4050761
102408	17.65949585	1.4033895
102409	17.67310101	1.3853985
102410	17.68670617	1.3747357
102411	17.70031133	1.4055165
102412	17.71391649	1.3719822
102413	17.72752164	1.3805951
102414	17.7411268	1.4204062
102415	17.75473196	1.4095085
102416	17.76833712	1.4081701
102417	17.78194228	1.3835114
102418	17.79554744	1.3700163
102419	17.8091526	1.3673151
102420	17.82275776	1.3690025
102421	17.83636291	1.3750465
102422	17.84996807	1.3591868
102423	17.86357323	1.3953557
102424	17.87717839	1.3632931
102425	17.89078355	1.3669357
102426	17.90438871	1.3798839
102427	17.91799387	1.354681
102428	17.93159902	1.3423826
102429	17.94520418	1.3475084
102430	17.95880934	1.3596046
102431	17.9724145	1.3687364
102432	17.98601966	1.373026
102433	17.99962482	1.3712679
102434	18.01322998	1.3711565
102435	18.02683513	1.3639203
102436	18.04044029	1.3600678
102437	18.05404545	1.3591501
102438	18.06765061	1.3647162
102439	18.08125577	1.3678209
102440	18.09486093	1.366069
102441	18.10846609	1.3634916
102442	18.12207124	1.3656394
102443	18.1356764	1.3648175
102444	18.14928156	1.3691165
102445	18.16288672	1.3712408
102446	18.17649188	1.3826558
102447	18.19009704	1.3851733
102448	18.2037022	1.3777763
102449	18.21730735	1.3782379
102450	18.23091251	1.3762057
102451	18.24451767	1.374606
102452	18.25812283	1.3870492
102453	18.27172799	1.3903206
102454	18.28533315	1.3835164
102455	18.29893831	1.3796812
102456	18.31254346	1.3839106
102457	18.32614862	1.4597669
102458	18.33975378	1.3860394
102459	18.35335894	1.3928925
102460	18.3669641	1.3919249
102461	18.38056926	1.3762831
102462	18.39417442	1.3778457
102463	18.40777957	1.3706724
102464	18.42138473	1.3821677
102465	18.43498989	1.3675879
102466	18.44859505	1.35677
102467	18.46220021	1.3515192
102468	18.47580537	1.3455091
102469	18.48941053	1.3427265
102470	18.50301568	1.3597046
102471	18.51662084	1.3575428
102472	18.530226	1.3709266
102473	18.54383116	1.3755454
102474	18.55743632	1.3821124
102475	18.57104148	1.4203412
102476	18.58464664	1.3844924
102477	18.59825179	1.3619149
102478	18.61185695	1.3745289
102479	18.62546211	1.3737242
102480	18.63906727	1.3687453
102481	18.65267243	1.3603476
102482	18.66627759	1.3572547
102483	18.67988275	1.3580778
102484	18.6934879	1.3664591
102485	18.70709306	1.3616871
102486	18.72069822	1.3559009
102487	18.73430338	1.3600326
102488	18.74790854	1.3695379
102489	18.7615137	1.3644165
102490	18.77511886	1.3629899
102491	18.78872402	1.346085
102492	18.80232917	1.3613199
102493	18.81593433	1.3640244
102494	18.82953949	1.3838754
102495	18.84314465	1.3697767
102496	18.85674981	1.3628978
102497	18.87035497	1.3614484
102498	18.88396013	1.3638972
102499	18.89756528	1.3582374
102500	18.91117044	1.3525369
102501	18.9247756	1.3673782
102502	18.93838076	1.3678503
102503	18.95198592	1.3712514
102504	18.96559108	1.4242236
102505	18.97919624	1.3783314
102506	18.99280139	1.3702316
102507	19.00640655	1.3669145
102508	19.02001171	1.3615005
102509	19.03361687	13.508549
102510	19.04722203	1.3645451
102511	19.06082719	1.3392801
102512	19.07443235	1.3526258
102513	19.0880375	1.3483187
102514	19.10164266	1.3506711
102515	19.11524782	1.3562627
102516	19.12885298	1.3520196
102517	19.14245814	1.3414913
102518	19.1560633	1.3336553
102519	19.16966846	1.3410113
102520	19.18327361	1.3416485
102521	19.19687877	1.3445704
102522	19.21048393	1.3459138
102523	19.22408909	1.343614
102524	19.23769425	1.3491796
102525	19.25129941	1.3465043
102526	19.26490457	1.3464041
102527	19.27850972	1.3389842
102528	19.29211488	1.3464793
102529	19.30572004	1.3538472
102530	19.3193252	1.3502659
102531	19.33293036	1.3545846
102532	19.34653552	1.3516178
102533	19.36014068	1.3374221
102534	19.37374583	1.3333296
102535	19.38735099	1.3303568
102536	19.40095615	1.3255677
102537	19.41456131	2.3873544
102538	19.42816647	1.3337212
102539	19.44177163	1.3323786
102540	19.45537679	1.3389107
102541	19.46898194	1.3332262
102542	19.4825871	1.3369979
102543	19.49619226	1.3399264
102544	19.50979742	1.3430866
102545	19.52340258	1.350067
102546	19.53700774	1.3454426
102547	19.5506129	1.3475793
102548	19.56421805	1.3586533
102549	19.57782321	1.3331328
102550	19.59142837	1.3385824
102551	19.99958313	2.5901762
102552	24.99947891	1.2243339
102553	29.99937469	1.0677664
102554	34.99927048	0.93596429
102555	39.99916626	0.81984522
102556	44.99906204	0.71879355
102557	49.99895782	0.63666476
102558	54.99885361	0.5706663
102559	59.99874939	0.51678951
102560	64.99864517	0.4727264
102561	69.99854095	0.43667532
102562	74.99843674	0.4069755
102563	79.99833252	0.38163339
102564	84.9982283	0.35989946
102565	89.99812408	0.34239172
102566	94.99801987	0.32770207
102567	99.99791565	0.31422907
102568	104.99781143	0.30387823
102569	109.99770721	0.2950705
102570	114.997603	0.28657404
102571	119.99749878	0.28114014
102572	124.99739456	0.27504944
102573	129.99729034	0.27088517
102574	134.99718613	0.26758849
