csdata_id	e_energy	sigma
140731	13.2921058	0.0
140732	13.3058451	1.1624342
140733	13.31945026	1.6265587
140734	13.33305542	2.3393253
140735	13.34666058	2.6287811
140736	13.36026574	2.9347536
140737	13.3738709	3.4711658
140738	13.38747605	3.7971102
140739	13.40108121	4.1584913
140740	13.41468637	4.6132201
140741	13.42829153	4.8640943
140742	13.44189669	5.0364838
140743	13.45550185	5.4936765
140744	13.46910701	5.9730469
140745	13.48271216	5.2463739
140746	13.49631732	5.6899919
140747	13.50992248	5.8997635
140748	13.52352764	6.0831541
140749	13.5371328	6.5531394
140750	13.55073796	6.7865291
140751	13.56434312	6.9841929
140752	13.57794827	7.2884743
140753	13.59155343	7.4836182
140754	13.60515859	7.7256315
140755	13.61876375	7.5797319
140756	13.63236891	7.6958702
140757	13.64597407	7.6009966
140758	13.65957923	7.4455932
140759	13.67318438	7.1118228
140760	13.7003947	7.0381768
140761	13.71399986	7.7536077
140762	13.75481534	5.57302
140763	13.76842049	5.1529962
140764	13.78202565	5.5640714
140765	13.79563081	4.9465739
140766	13.80923597	4.5636597
140767	13.82284113	4.4609699
140768	13.83644629	4.3850428
140769	13.85005145	4.5379977
140770	13.8636566	5.0848032
140771	13.87726176	5.2418963
140772	13.89086692	5.6086217
140773	13.90447208	5.4422768
140774	13.91807724	5.3878287
140775	13.9316824	4.9980647
140776	13.94528756	5.0929666
140777	13.95889272	5.1320075
140778	13.97249787	5.176578
140779	13.98610303	5.1579113
140780	13.99970819	5.2711502
140781	14.01331335	5.137138
140782	14.02691851	5.214729
140783	14.04052367	5.398618
140784	14.05412883	5.6019955
140785	14.06773398	5.644901
140786	14.08133914	5.8322931
140787	14.0949443	5.8651161
140788	14.10854946	5.9963248
140789	14.12215462	6.0476861
140790	14.13575978	6.2387404
140791	14.14936494	6.3232551
140792	14.16297009	6.1840848
140793	14.17657525	6.1828821
140794	14.19018041	6.3474393
140795	14.20378557	6.4729442
140796	14.21739073	6.5578585
140797	14.23099589	6.4275686
140798	14.24460105	6.3212608
140799	14.2582062	6.0802154
140800	14.27181136	6.0204176
140801	14.28541652	5.8807507
140802	14.29902168	5.730007
140803	14.31262684	5.6080664
140804	14.326232	5.5001758
140805	14.33983716	5.3846254
140806	14.35344231	5.7202211
140807	14.36704747	5.7732223
140808	14.38065263	5.6656938
140809	14.39425779	5.7107625
140810	14.40786295	5.6741048
140811	14.42146811	5.6235428
140812	14.43507327	5.5675047
140813	14.44867842	5.5631217
140814	14.46228358	5.5733937
140815	14.47588874	5.5856905
140816	14.4894939	5.4750343
140817	14.50309906	5.36922
140818	14.51670422	5.2848537
140819	14.53030938	5.2892053
140820	14.54391453	5.3130365
140821	14.55751969	5.2611412
140822	14.57112485	5.2447735
140823	14.58473001	5.2185576
140824	14.59833517	5.4112433
140825	14.61194033	5.470309
140826	14.62554549	5.5594792
140827	14.63915064	5.5464059
140828	14.6527558	5.5483565
140829	14.66636096	5.4911597
140830	14.67996612	5.4028689
140831	14.69357128	5.4031398
140832	14.70717644	5.4049867
140833	14.7207816	5.459426
140834	14.73438675	5.4288373
140835	14.74799191	5.4763367
140836	14.76159707	5.6178769
140837	14.77520223	5.6729192
140838	14.78880739	5.7191696
140839	14.80241255	5.6449714
140840	14.81601771	5.6872915
140841	14.82962286	5.6907415
140842	14.84322802	5.6499192
140843	14.85683318	5.6529169
140844	14.87043834	5.6815355
140845	14.8840435	5.6551442
140846	14.89764866	5.632938
140847	14.91125382	5.6119586
140848	14.92485898	5.6131289
140849	14.93846413	5.6302586
140850	14.95206929	5.7374995
140851	14.96567445	5.7683255
140852	14.97927961	5.7174272
140853	14.99288477	5.7049064
140854	15.00648993	5.6617997
140855	15.02009509	5.5248681
140856	15.03370024	5.5006985
140857	15.0473054	5.5551376
140858	15.06091056	5.5442748
140859	15.07451572	5.5721381
140860	15.08812088	5.5268191
140861	15.10172604	5.5414736
140862	15.1153312	5.5063481
140863	15.12893635	5.4857296
140864	15.14254151	5.4324025
140865	15.15614667	5.4753862
140866	15.16975183	5.5260812
140867	15.18335699	5.5260084
140868	15.19696215	5.5073985
140869	15.21056731	5.4742135
140870	15.22417246	5.4628411
140871	15.23777762	5.4408769
140872	15.25138278	5.4011388
140873	15.26498794	5.3216871
140874	15.2785931	5.2594398
140875	15.29219826	5.2391553
140876	15.30580342	5.1389578
140877	15.31940857	5.092523
140878	15.33301373	5.0179407
140879	15.34661889	4.9716546
140880	15.36022405	5.0744766
140881	15.37382921	5.1694743
140882	15.38743437	5.2362781
140883	15.40103953	5.2876118
140884	15.41464468	5.3011467
140885	15.42824984	5.298626
140886	15.441855	5.298314
140887	15.45546016	5.3133309
140888	15.46906532	5.3308201
140889	15.48267048	5.3228898
140890	15.50988079	5.3492794
140891	15.52348595	5.3387527
140892	15.53709111	5.2935181
140893	15.55069627	5.3129247
140894	15.56430143	5.3136741
140895	15.57790659	5.3571094
140896	15.59151175	5.3015982
140897	15.6051169	5.2785031
140898	15.61872206	5.3011726
140899	15.63232722	5.3024564
140900	15.64593238	5.3123176
140901	15.65953754	5.3651223
140902	15.6731427	5.3847956
140903	15.68674786	5.3936849
140904	15.70035301	5.4058767
140905	15.71395817	5.4493993
140906	15.72756333	5.4866416
140907	15.74116849	5.5523142
140908	15.75477365	5.5790906
140909	15.76837881	5.5710828
140910	15.78198397	5.5571662
140911	15.79558912	5.5788091
140912	15.80919428	5.6137821
140913	15.82279944	5.6287673
140914	15.8364046	5.6387035
140915	15.85000976	5.6554264
140916	15.86361492	5.6981222
140917	15.87722008	5.6797104
140918	15.89082524	5.6916763
140919	15.90443039	5.6858029
140920	15.91803555	5.7052131
140921	15.93164071	5.6586685
140922	15.94524587	5.648044
140923	15.95885103	5.6808158
140924	15.97245619	5.6713411
140925	15.98606135	5.6558073
140926	15.9996665	5.6433833
140927	16.01327166	5.6380828
140928	16.02687682	5.6529731
140929	16.04048198	5.6332304
140930	16.05408714	5.651512
140931	16.0676923	5.6922375
140932	16.08129746	5.722597
140933	16.09490261	5.7455492
140934	16.10850777	5.7026567
140935	16.12211293	5.7134998
140936	16.13571809	5.7660486
140937	16.14932325	5.7670027
140938	16.16292841	5.765368
140939	16.17653357	5.7321281
140940	16.19013872	5.7238108
140941	16.20374388	5.7376444
140942	16.21734904	5.7330054
140943	16.2309542	5.760446
140944	16.24455936	5.7384437
140945	16.25816452	5.7136216
140946	16.27176968	5.7033729
140947	16.28537483	5.6640998
140948	16.29897999	5.6466749
140949	16.31258515	5.6226274
140950	16.32619031	5.6267225
140951	16.33979547	5.5877504
140952	16.35340063	5.5312625
140953	16.36700579	5.5371849
140954	16.3942161	5.4960323
140955	16.40782126	5.4824019
140956	16.42142642	5.4542026
140957	16.43503158	5.4376985
140958	16.44863674	5.4011667
140959	16.4622419	5.3698058
140960	16.47584705	5.3561788
140961	16.48945221	5.3545161
140962	16.50305737	5.3493871
140963	16.51666253	5.365102
140964	16.53026769	5.4050478
140965	16.54387285	5.3578694
140966	16.55747801	5.3444368
140967	16.57108316	5.3506581
140968	16.58468832	5.3364021
140969	16.59829348	5.3382408
140970	16.61189864	5.360165
140971	16.6255038	5.3495667
140972	16.63910896	5.3783421
140973	16.65271412	5.4035334
140974	16.67992443	5.4836968
140975	16.69352959	5.5317496
140976	16.70713475	5.5834926
140977	16.72073991	5.6008157
140978	16.73434507	5.6564117
140979	16.74795023	5.6915183
140980	16.76155538	5.7282411
140981	16.77516054	5.7293224
140982	16.7887657	5.7403269
140983	16.80237086	5.7736065
140984	16.81597602	5.7924631
140985	16.82958118	5.8019583
140986	16.84318634	5.8023619
140987	16.8567915	5.8185444
140988	16.87039665	5.8086407
140989	16.88400181	5.8133852
140990	16.89760697	5.8166337
140991	16.91121213	5.8433018
140992	16.92481729	5.7767401
140993	16.93842245	5.7764569
140994	16.95202761	5.7841316
140995	16.96563276	5.7530702
140996	16.97923792	5.74475
140997	16.99284308	5.7892632
140998	17.00644824	5.7944733
140999	17.0200534	5.7806669
141000	17.03365856	5.777705
141001	17.04726372	5.7747651
141002	17.06086887	5.7650451
141003	17.07447403	5.7857308
141004	17.08807919	5.7808641
141005	17.10168435	5.7723969
141006	17.11528951	5.7683401
141007	17.12889467	5.7642287
141008	17.14249983	5.7774418
141009	17.15610498	5.7794354
141010	17.16971014	5.7905397
141011	17.1833153	5.766476
141012	17.19692046	5.7791691
141013	17.21052562	5.8288949
141014	17.22413078	5.8320463
141015	17.23773594	5.8204308
141016	17.25134109	5.8367031
141017	17.26494625	5.8136803
141018	17.27855141	5.812868
141019	17.29215657	5.829978
141020	17.30576173	5.8381886
141021	17.31936689	5.8341049
141022	17.33297205	5.828912
141023	17.3465772	5.8189452
141024	17.36018236	5.814506
141025	17.37378752	5.818293
141026	17.38739268	5.7953051
141027	17.40099784	5.771838
141028	17.414603	5.7939697
141029	17.42820816	5.7927368
141030	17.44181331	5.7807324
141031	17.45541847	5.788398
141032	17.46902363	5.7782425
141033	17.48262879	5.7604131
141034	17.49623395	5.7618023
141035	17.50983911	5.7557956
141036	17.52344427	5.7789845
141037	17.53704942	5.7530735
141038	17.55065458	5.7312039
141039	17.56425974	5.7368801
141040	17.5778649	5.7280096
141041	17.59147006	5.7406178
141042	17.60507522	5.7399167
141043	17.61868038	5.7335957
141044	17.63228553	5.7389178
141045	17.64589069	5.7344702
141046	17.65949585	5.7240803
141047	17.67310101	5.7264937
141048	17.68670617	5.7341532
141049	17.70031133	5.7247734
141050	17.71391649	5.7399957
141051	17.72752164	5.7375365
141052	17.7411268	5.7296565
141053	17.75473196	5.7190823
141054	17.76833712	5.7280119
141055	17.78194228	5.7320905
141056	17.79554744	5.7381203
141057	17.8091526	5.7417057
141058	17.82275776	5.7644009
141059	17.83636291	5.75903
141060	17.84996807	5.767842
141061	17.86357323	5.7541676
141062	17.87717839	5.7577042
141063	17.89078355	5.735407
141064	17.90438871	5.7275694
141065	17.91799387	5.715271
141066	17.93159902	5.7053119
141067	17.94520418	5.6909751
141068	17.95880934	5.6645514
141069	17.9724145	5.6345363
141070	17.98601966	5.6380512
141071	17.99962482	5.6267497
141072	18.01322998	5.6074007
141073	18.02683513	5.6213457
141074	18.04044029	5.6242697
141075	18.05404545	5.6317599
141076	18.06765061	5.6336165
141077	18.08125577	5.6468775
141078	18.09486093	5.6386357
141079	18.10846609	5.6479276
141080	18.12207124	5.6530961
141081	18.1356764	5.6498784
141082	18.14928156	5.6537695
141083	18.16288672	5.6641206
141084	18.17649188	5.6716985
141085	18.19009704	5.6816548
141086	18.2037022	5.6956657
141087	18.21730735	5.7158019
141088	18.23091251	5.7367938
141089	18.24451767	5.7572365
141090	18.25812283	5.7881049
141091	18.27172799	5.8411086
141092	18.28533315	5.8757046
141093	18.29893831	5.9117758
141094	18.31254346	5.9479803
141095	18.32614862	6.27034
141096	18.33975378	5.9845074
141097	18.35335894	5.9891262
141098	18.3669641	6.0039809
141099	18.38056926	5.9821719
141100	18.39417442	5.9719376
141101	18.40777957	5.9583131
141102	18.42138473	5.9583211
141103	18.43498989	5.9544842
141104	18.44859505	5.9544702
141105	18.46220021	5.94872
141106	18.47580537	5.9367225
141107	18.48941053	5.9279628
141108	18.50301568	5.9113467
141109	18.51662084	5.9145971
141110	18.530226	5.9042302
141111	18.54383116	5.9195109
141112	18.55743632	5.8891481
141113	18.57104148	5.9117695
141114	18.58464664	5.9242462
141115	18.59825179	5.9338337
141116	18.61185695	5.9234377
141117	18.62546211	5.9183141
141118	18.63906727	5.9075093
141119	18.65267243	5.9246186
141120	18.66627759	5.9121704
141121	18.67988275	5.9160569
141122	18.6934879	5.9020758
141123	18.70709306	20.45652
141124	18.72069822	5.9106373
141125	18.73430338	5.8848161
141126	18.74790854	5.8968404
141127	18.7615137	5.9039795
141128	18.77511886	5.8979952
141129	18.78872402	5.8845478
141130	18.80232917	5.8714112
141131	18.81593433	5.9277541
141132	18.82953949	5.8496433
141133	18.84314465	5.8372843
141134	18.85674981	5.8300623
141135	18.87035497	5.8145313
141136	18.88396013	5.7713289
141137	18.89756528	5.7672864
141138	18.91117044	5.7576164
141139	18.9247756	5.7489091
141140	18.93838076	5.7368209
141141	18.95198592	5.7365455
141142	18.96559108	5.9100708
141143	18.97919624	5.7291526
141144	18.99280139	5.7221867
141145	19.00640655	5.7117191
141146	19.02001171	5.715718
141147	19.03361687	6.3874952
141148	19.04722203	5.7017049
141149	19.06082719	5.6961627
141150	19.07443235	5.6938002
141151	19.0880375	5.6778162
141152	19.10164266	5.6724023
141153	19.11524782	5.6590118
141154	19.12885298	5.6552847
141155	19.14245814	5.653237
141156	19.1560633	5.6419576
141157	19.16966846	5.6526417
141158	19.18327361	5.6473152
141159	19.19687877	5.642862
141160	19.21048393	5.6436373
141161	19.22408909	5.6460723
141162	19.23769425	5.6420169
141163	19.25129941	5.6373601
141164	19.26490457	5.6330305
141165	19.27850972	5.6312418
141166	19.29211488	5.6258186
141167	19.30572004	5.6196678
141168	19.3193252	5.6117056
141169	19.33293036	5.6023088
141170	19.34653552	5.6104635
141171	19.36014068	5.6097859
141172	19.37374583	5.6126495
141173	19.38735099	5.6087817
141174	19.40095615	5.6005364
141175	19.41456131	5.8762452
141176	19.42816647	5.6030849
141177	19.44177163	5.6014155
141178	19.45537679	5.5996216
141179	19.46898194	5.6006226
141180	19.4825871	5.5861304
141181	19.49619226	5.5967838
141182	19.50979742	5.6085079
141183	19.52340258	5.5801441
141184	19.53700774	5.5814609
141185	19.5506129	5.5762462
141186	19.56421805	5.570567
141187	19.57782321	5.5621297
141188	19.59142837	5.5657681
141189	19.99958313	5.842527
141190	24.99947891	4.8637748
141191	29.99937469	3.991751
141192	34.99927048	3.3162515
141193	39.99916626	2.8776706
141194	44.99906204	2.6175462
141195	49.99895782	2.387102
141196	54.99885361	2.2170293
141197	59.99874939	2.0577545
141198	64.99864517	1.8854753
141199	69.99854095	1.7075774
141200	74.99843674	1.5454017
141201	79.99833252	1.4083196
141202	84.9982283	1.2948861
141203	89.99812408	1.2020465
141204	94.99801987	1.1256193
141205	99.99791565	1.0607675
141206	104.99781143	1.0048782
141207	109.99770721	0.9562568
141208	114.997603	0.91314602
141209	119.99749878	0.87460548
141210	124.99739456	0.84008517
141211	129.99729034	0.80870014
141212	134.99718613	0.78016972
