csdata_id	e_energy	sigma
151192	12.97054923	0.0
151193	12.9793213	0.16539083
151194	12.99292646	0.53250409
151195	13.00653161	0.71705988
151196	13.02013677	0.5360702
151197	13.03374193	0.5946312
151198	13.04734709	0.6342626
151199	13.06095225	0.60361921
151200	13.07455741	0.66887263
151201	13.08816257	0.68712404
151202	13.10176772	0.62840434
151203	13.11537288	0.5997658
151204	13.12897804	0.58919816
151205	13.1425832	0.58480257
151206	13.15618836	0.58340776
151207	13.16979352	0.57324108
151208	13.18339868	0.57611212
151209	13.19700383	0.57208034
151210	13.21060899	0.56235711
151211	13.22421415	0.56527144
151212	13.23781931	0.56939926
151213	13.25142447	0.53996081
151214	13.26502963	0.53829728
151215	13.27863479	0.5230305
151216	13.3058451	0.54454451
151217	13.31945026	0.54106927
151218	13.33305542	0.56968287
151219	13.34666058	0.56748847
151220	13.36026574	0.59353648
151221	13.3738709	0.58543651
151222	13.38747605	0.58081728
151223	13.40108121	0.57224448
151224	13.41468637	0.57084494
151225	13.42829153	0.57901243
151226	13.44189669	0.60029351
151227	13.45550185	0.62275766
151228	13.46910701	0.64265862
151229	13.48271216	0.66353381
151230	13.49631732	0.67610086
151231	13.50992248	0.70936179
151232	13.52352764	0.73818787
151233	13.5371328	0.75871637
151234	13.55073796	0.80349945
151235	13.56434312	0.84995441
151236	13.57794827	0.91452537
151237	13.59155343	0.99294145
151238	13.60515859	1.0761089
151239	13.61876375	1.2257219
151240	13.63236891	1.3491963
151241	13.64597407	1.293202
151242	13.65957923	1.1541227
151243	13.67318438	1.0850332
151244	13.7003947	1.3775408
151245	13.71399986	1.629957
151246	13.75481534	1.1370257
151247	13.76842049	1.0230448
151248	13.78202565	0.88771811
151249	13.79563081	1.0973229
151250	13.80923597	1.0777291
151251	13.82284113	1.1487559
151252	13.83644629	1.2196817
151253	13.85005145	1.2305195
151254	13.8636566	1.1284785
151255	13.87726176	1.0621715
151256	13.89086692	1.057044
151257	13.90447208	1.0201739
151258	13.91807724	1.0190919
151259	13.9316824	1.0074627
151260	13.94528756	1.0008033
151261	13.95889272	0.96961262
151262	13.97249787	0.94739408
151263	13.98610303	0.82304215
151264	13.99970819	0.83050219
151265	14.01331335	0.73059961
151266	14.02691851	0.72515906
151267	14.04052367	0.62191051
151268	14.05412883	0.58666059
151269	14.06773398	0.4899685
151270	14.08133914	0.40244861
151271	14.0949443	0.33779013
151272	14.10854946	0.35894422
151273	14.12215462	0.28959561
151274	14.13575978	0.28508322
151275	14.14936494	0.26456565
151276	14.16297009	0.25300541
151277	14.17657525	0.26784882
151278	14.19018041	0.27909483
151279	14.20378557	0.29256693
151280	14.21739073	0.28744439
151281	14.23099589	0.29300092
151282	14.24460105	0.29339113
151283	14.2582062	0.27331479
151284	14.27181136	0.26620746
151285	14.28541652	0.24456095
151286	14.29902168	0.21134998
151287	14.31262684	0.18396975
151288	14.326232	0.18334559
151289	14.33983716	0.19878975
151290	14.35344231	0.19259776
151291	14.36704747	0.1834222
151292	14.38065263	0.1836774
151293	14.39425779	0.16303739
151294	14.40786295	0.15073494
151295	14.42146811	0.13680769
151296	14.43507327	0.13346241
151297	14.44867842	0.13300604
151298	14.46228358	0.13503731
151299	14.47588874	0.13094793
151300	14.4894939	0.13309035
151301	14.50309906	0.13248521
151302	14.51670422	0.15293111
151303	14.53030938	0.13920948
151304	14.54391453	0.14542999
151305	14.55751969	0.13279438
151306	14.57112485	0.14235842
151307	14.58473001	0.14713305
151308	14.59833517	0.16188146
151309	14.61194033	0.16203223
151310	14.62554549	0.17095168
151311	14.63915064	0.16322822
151312	14.6527558	0.16112442
151313	14.66636096	0.15938583
151314	14.67996612	0.16394867
151315	14.69357128	0.17957032
151316	14.70717644	0.18580101
151317	14.7207816	0.19966286
151318	14.73438675	0.23560743
151319	14.74799191	0.26862072
151320	14.76159707	0.26272939
151321	14.77520223	0.24694936
151322	14.78880739	0.16706678
151323	14.80241255	0.15876791
151324	14.81601771	0.14611297
151325	14.82962286	0.13358813
151326	14.84322802	0.12818503
151327	14.85683318	0.11788839
151328	14.87043834	0.12251678
151329	14.8840435	0.12469709
151330	14.89764866	0.12525562
151331	14.91125382	0.11506101
151332	14.92485898	0.11152135
151333	14.93846413	0.10385672
151334	14.95206929	0.10225138
151335	14.96567445	0.098304419
151336	14.97927961	0.096901527
151337	14.99288477	0.094895403
151338	15.00648993	0.094781942
151339	15.02009509	0.091571553
151340	15.03370024	0.096867338
151341	15.0473054	0.10121441
151342	15.06091056	0.098456654
151343	15.07451572	0.10019313
151344	15.08812088	0.094676394
151345	15.10172604	0.099045374
151346	15.1153312	0.1033971
151347	15.12893635	0.11186336
151348	15.14254151	0.10574358
151349	15.15614667	0.11006006
151350	15.16975183	0.097848589
151351	15.18335699	0.097076719
151352	15.19696215	0.098000759
151353	15.21056731	0.1025541
151354	15.22417246	0.095846199
151355	15.23777762	0.10919641
151356	15.25138278	0.10055385
151357	15.26498794	0.10308573
151358	15.2785931	0.10622559
151359	15.29219826	0.10162162
151360	15.30580342	0.09964404
151361	15.31940857	0.1023418
151362	15.33301373	0.097656272
151363	15.34661889	0.090527523
151364	15.36022405	0.09019831
151365	15.37382921	0.08599322
151366	15.38743437	0.084650942
151367	15.40103953	0.080447839
151368	15.41464468	0.078421787
151369	15.42824984	0.068347891
151370	15.441855	0.070545109
151371	15.45546016	0.071132032
151372	15.46906532	0.069976215
151373	15.48267048	0.07545563
151374	15.50988079	0.078059319
151375	15.52348595	0.077447355
151376	15.53709111	0.070609628
151377	15.55069627	0.068604968
151378	15.56430143	0.063435201
151379	15.57790659	0.069826395
151380	15.59151175	0.068844505
151381	15.6051169	0.06093075
151382	15.61872206	0.064787582
151383	15.63232722	0.061695742
151384	15.64593238	0.060041512
151385	15.65953754	0.069367425
151386	15.6731427	0.060260366
151387	15.68674786	0.062207225
151388	15.70035301	0.06493079
151389	15.71395817	0.074453378
151390	15.72756333	0.071262929
151391	15.74116849	0.067874215
151392	15.75477365	0.058318557
151393	15.76837881	0.059640188
151394	15.78198397	0.065439954
151395	15.79558912	0.072762146
151396	15.80919428	0.068325643
151397	15.82279944	0.070870194
151398	15.8364046	0.069752444
151399	15.85000976	0.065116884
151400	15.86361492	0.06035892
151401	15.87722008	0.0644633
151402	15.89082524	0.066360201
151403	15.90443039	0.066877494
151404	15.91803555	0.060848677
151405	15.93164071	0.057893664
151406	15.94524587	0.058058441
151407	15.95885103	0.053810347
151408	15.97245619	0.052959244
151409	15.98606135	0.052253848
151410	15.9996665	0.051058897
151411	16.01327166	0.047475417
151412	16.02687682	0.04726289
151413	16.04048198	0.046718929
151414	16.05408714	0.044580028
151415	16.0676923	0.044354623
151416	16.08129746	0.045400064
151417	16.09490261	0.045263287
151418	16.10850777	0.043830246
151419	16.12211293	0.04395226
151420	16.13571809	0.044928614
151421	16.14932325	0.047420982
151422	16.16292841	0.047272558
151423	16.17653357	0.04542605
151424	16.19013872	0.048111436
151425	16.20374388	0.0467149
151426	16.21734904	0.045119852
151427	16.2309542	0.043716303
151428	16.24455936	0.045535982
151429	16.25816452	0.045249624
151430	16.27176968	0.047345932
151431	16.28537483	0.043538531
151432	16.29897999	0.044378783
151433	16.31258515	0.044794554
151434	16.32619031	0.042405089
151435	16.33979547	0.043710255
151436	16.35340063	0.046681107
151437	16.36700579	0.045363965
151438	16.3942161	0.046739897
151439	16.40782126	0.042964977
151440	16.42142642	0.044433108
151441	16.43503158	0.042415995
151442	16.44863674	0.043649663
151443	16.4622419	0.044172997
151444	16.47584705	0.043630709
151445	16.48945221	0.04636252
151446	16.50305737	0.045621853
151447	16.51666253	0.04452052
151448	16.53026769	0.045434628
151449	16.54387285	0.048439859
151450	16.55747801	0.045333988
151451	16.57108316	0.046151938
151452	16.58468832	0.046679068
151453	16.59829348	0.044854648
151454	16.61189864	0.044974502
151455	16.6255038	0.043977735
151456	16.63910896	0.043407656
151457	16.65271412	0.044174153
151458	16.67992443	0.043222875
151459	16.69352959	0.041260771
151460	16.70713475	0.044254231
151461	16.72073991	0.041384823
151462	16.73434507	0.042347614
151463	16.74795023	0.042828707
151464	16.76155538	0.040045125
151465	16.77516054	0.041593757
151466	16.7887657	0.038944498
151467	16.80237086	0.038759473
151468	16.81597602	0.039199129
151469	16.82958118	0.036232434
151470	16.84318634	0.03472101
151471	16.8567915	0.034480897
151472	16.87039665	0.034782576
151473	16.88400181	0.035428073
151474	16.89760697	0.035586833
151475	16.91121213	0.037611598
151476	16.92481729	0.033525318
151477	16.93842245	0.03202099
151478	16.95202761	0.032210062
151479	16.96563276	0.031987978
151480	16.97923792	0.034202079
151481	16.99284308	0.032328317
151482	17.00644824	0.032549458
151483	17.0200534	0.030933534
151484	17.03365856	0.030890758
151485	17.04726372	0.031361739
151486	17.06086887	0.034113644
151487	17.07447403	0.03375821
151488	17.08807919	0.033707692
151489	17.10168435	0.033286072
151490	17.11528951	0.034378603
151491	17.12889467	0.034627313
151492	17.14249983	0.035223515
151493	17.15610498	0.034285368
151494	17.16971014	0.03530557
151495	17.1833153	0.035774105
151496	17.19692046	0.034126461
151497	17.21052562	0.035258235
151498	17.22413078	0.036284162
151499	17.23773594	0.035871513
151500	17.25134109	0.035626523
151501	17.26494625	0.034024184
151502	17.27855141	0.035090086
151503	17.29215657	0.033768867
151504	17.30576173	0.03280908
151505	17.31936689	0.034012556
151506	17.33297205	0.033367687
151507	17.3465772	0.033270209
151508	17.36018236	0.03280704
151509	17.37378752	0.03332496
151510	17.38739268	0.034493811
151511	17.40099784	0.033658113
151512	17.414603	0.033221114
151513	17.42820816	0.03204792
151514	17.44181331	0.031991608
151515	17.45541847	0.030508233
151516	17.46902363	0.031354763
151517	17.48262879	0.029443148
151518	17.49623395	0.03078664
151519	17.50983911	0.032147563
151520	17.52344427	0.03064105
151521	17.53704942	0.03126498
151522	17.55065458	0.031596842
151523	17.56425974	0.031566718
151524	17.5778649	0.030816292
151525	17.59147006	0.029770962
151526	17.60507522	0.029455184
151527	17.61868038	0.02946961
151528	17.63228553	0.029469582
151529	17.64589069	0.029463094
151530	17.65949585	0.029899951
151531	17.67310101	0.029484711
151532	17.68670617	0.029625833
151533	17.70031133	0.028739173
151534	17.71391649	0.029012875
151535	17.72752164	0.029573319
151536	17.7411268	0.030155323
151537	17.75473196	0.028565702
151538	17.76833712	0.027562628
151539	17.78194228	0.028528514
151540	17.79554744	0.028131769
151541	17.8091526	0.029043455
151542	17.82275776	0.029359165
151543	17.83636291	0.028446588
151544	17.84996807	0.028535211
151545	17.86357323	0.028349713
151546	17.87717839	0.028513078
151547	17.89078355	0.028227289
151548	17.90438871	0.027977262
151549	17.91799387	0.027881653
151550	17.93159902	0.027364081
151551	17.94520418	0.027338917
151552	17.95880934	0.027037685
151553	17.9724145	0.026174847
151554	17.98601966	0.025527568
151555	17.99962482	0.027061386
151556	18.01322998	0.026725009
151557	18.02683513	0.026148096
151558	18.04044029	0.026554055
151559	18.05404545	0.027142295
151560	18.06765061	0.026803125
151561	18.08125577	0.026467188
151562	18.09486093	0.026975269
151563	18.10846609	0.027112263
151564	18.12207124	0.026137556
151565	18.1356764	0.025955721
151566	18.14928156	0.025088892
151567	18.16288672	0.026388456
151568	18.17649188	0.025570654
151569	18.19009704	0.026727725
151570	18.2037022	0.026089998
151571	18.21730735	0.02560897
151572	18.23091251	0.025704112
151573	18.24451767	0.025684771
151574	18.25812283	0.025559521
151575	18.27172799	0.025386717
151576	18.28533315	0.025901071
151577	18.29893831	0.025260273
151578	18.31254346	0.024924202
151579	18.32614862	0.024777404
151580	18.33975378	0.024210161
151581	18.35335894	0.025087299
151582	18.3669641	0.023733197
151583	18.38056926	0.02367861
151584	18.39417442	0.023671495
151585	18.40777957	0.023240905
151586	18.42138473	0.023160408
151587	18.43498989	0.023839554
151588	18.44859505	0.023218519
151589	18.46220021	0.022882781
151590	18.47580537	0.023476585
151591	18.48941053	0.023535718
151592	18.50301568	0.02357929
151593	18.51662084	0.023151787
151594	18.530226	0.023658257
151595	18.54383116	0.023630026
151596	18.55743632	0.023704913
151597	18.57104148	0.022559498
151598	18.58464664	0.022660031
151599	18.59825179	0.023271544
151600	18.61185695	0.023853018
151601	18.62546211	0.023217309
151602	18.63906727	0.022970228
151603	18.65267243	0.023422069
151604	18.66627759	0.02330708
151605	18.67988275	0.02338539
151606	18.6934879	0.023308218
151607	18.70709306	0.87478462
151608	18.72069822	0.021696651
151609	18.73430338	0.022779047
151610	18.74790854	0.022848859
151611	18.7615137	0.022989447
151612	18.77511886	0.023537745
151613	18.78872402	0.02282886
151614	18.80232917	0.022698437
151615	18.81593433	0.1279059
151616	18.82953949	0.022195914
151617	18.84314465	0.022604505
151618	18.85674981	0.021761051
151619	18.87035497	0.021748012
151620	18.88396013	0.02121095
151621	18.89756528	0.021417052
151622	18.91117044	0.021432075
151623	18.9247756	0.021790745
151624	18.93838076	0.021122615
151625	18.95198592	0.021338635
151626	18.96559108	0.021500047
151627	18.97919624	0.021284187
151628	18.99280139	0.02195678
151629	19.00640655	0.021475883
151630	19.02001171	0.02067703
151631	19.03361687	0.019775477
151632	19.04722203	0.021019919
151633	19.06082719	0.02095261
151634	19.07443235	0.021103615
151635	19.0880375	0.020455613
151636	19.10164266	0.020194356
151637	19.11524782	0.020526103
151638	19.12885298	0.020195235
151639	19.14245814	0.020273308
151640	19.1560633	0.020362713
151641	19.16966846	0.020168281
151642	19.18327361	0.020081829
151643	19.19687877	0.019602127
151644	19.21048393	0.019575393
151645	19.22408909	0.019646217
151646	19.23769425	0.019685898
151647	19.25129941	0.019212825
151648	19.26490457	0.019249845
151649	19.27850972	0.019399479
151650	19.29211488	0.019261956
151651	19.30572004	0.019271542
151652	19.3193252	0.019179917
151653	19.33293036	0.019850656
151654	19.34653552	0.019478672
151655	19.36014068	0.019430221
151656	19.37374583	0.019384283
151657	19.38735099	0.01949384
151658	19.40095615	0.019233078
151659	19.41456131	0.099125874
151660	19.42816647	0.018872792
151661	19.44177163	0.020057085
151662	19.45537679	0.019377194
151663	19.46898194	0.019156692
151664	19.4825871	0.019198152
151665	19.49619226	0.018377051
151666	19.50979742	0.018650364
151667	19.52340258	0.09221049
151668	19.53700774	0.01851866
151669	19.5506129	0.018642247
151670	19.56421805	0.018590357
151671	19.57782321	0.018529395
151672	19.59142837	0.018878035
151673	19.99958313	0.082318325
151674	24.99947891	0.0088115114
151675	29.99937469	0.0062429583
151676	34.99927048	0.0040163471
151677	39.99916626	0.0028392565
151678	44.99906204	0.0020986739
151679	49.99895782	0.0015683943
151680	54.99885361	0.0011653017
151681	59.99874939	0.000883519
151682	64.99864517	0.00068182753
151683	69.99854095	0.00053262815
151684	74.99843674	0.00042066042
151685	79.99833252	0.00033592787
151686	84.9982283	0.00027102511
151687	89.99812408	0.00022163144
151688	94.99801987	0.00018184999
151689	99.99791565	0.00015096234
151690	104.99781143	0.00012617629
151691	109.99770721	0.0001065043
151692	114.997603	9.043378e-05
151693	119.99749878	7.724091e-05
151694	124.99739456	6.6412347e-05
151695	129.99729034	5.7496496e-05
151696	134.99718613	4.9995143e-05
