csdata_id	e_energy	sigma
155648	0.9469441300000003	0.0
155649	0.9600554200000015	0.00028844255
155650	0.9736605800000007	0.00055789051
155651	0.9872657399999998	0.0014527731
155652	1.0008709000000007	0.0021051454000000002
155653	1.0144760500000007	0.0027368905
155654	1.0280812099999999	0.0039549134
155655	1.0416863700000007	0.005698816
155656	1.0552915299999999	0.0079598141
155657	1.0688966900000008	0.011688866000000001
155658	1.0825018499999999	0.012685276
155659	1.0961070100000008	0.013040816
155660	1.1097121600000008	0.015460616000000002
155661	1.12331732	0.016095663
155662	1.1369224800000008	0.011985011
155663	1.15052764	0.013549053
155664	1.1641328000000009	0.015587496000000001
155665	1.17773796	0.017937713
155666	1.1913431200000009	0.016025934
155667	1.204948270000001	0.014250508
155668	1.21855343	0.014689082
155669	1.232158590000001	0.013368122
155670	1.24576375	0.014114856
155671	1.259368910000001	0.013515675
155672	1.27297407	0.012801008000000001
155673	1.286579230000001	0.015144631
155674	1.300184380000001	0.014103538999999998
155675	1.327394700000001	0.015820433999999998
155676	1.3409998600000002	0.014820453
155677	1.381815340000001	0.0085613274
155678	1.3954204900000011	0.0096912502
155679	1.4090256500000002	0.013494531
155680	1.4226308100000011	0.01230963
155681	1.4362359700000003	0.013336488999999998
155682	1.4498411300000011	0.012000459
155683	1.4634462900000003	0.0066752064000000005
155684	1.4770514500000012	0.0049998634
155685	1.4906566000000012	0.0056018543
155686	1.5042617600000003	0.0086377693
155687	1.5178669200000012	0.011243345
155688	1.5314720800000003	0.011983474
155689	1.5450772400000012	0.011469131
155690	1.5586824000000004	0.013498908
155691	1.5722875600000012	0.013896404
155692	1.5858927200000004	0.017085489
155693	1.5994978700000004	0.01901478
155694	1.6131030300000013	0.010463577
155695	1.6267081900000004	0.007191657299999999
155696	1.6403133500000013	0.053787802999999995
155697	1.6539185100000005	0.0425445
155698	1.6675236700000013	0.034553772
155699	1.6811288300000005	0.019855696000000003
155700	1.6947339800000005	0.019837125
155701	1.7083391400000014	0.0155512
155702	1.7219443000000005	0.012541318000000001
155703	1.7355494600000014	0.024800958999999997
155704	1.7491546200000005	0.022276808
155705	1.7627597800000014	0.027190545
155706	1.7763649400000006	0.026770445
155707	1.7899700900000006	0.017764501000000002
155708	1.8035752500000015	0.018000623
155709	1.8171804100000006	0.019834601
155710	1.8307855700000015	0.016213118000000002
155711	1.8443907300000006	0.023111813999999998
155712	1.8579958900000015	0.019679076
155713	1.8716010500000007	0.017377518
155714	1.8852062000000007	0.039746929
155715	1.8988113599999998	0.017646629
155716	1.9124165200000007	0.01205556
155717	1.9260216799999998	0.007741078199999999
155718	1.9396268400000007	0.007191436999999999
155719	1.9532319999999999	0.007788268
155720	1.9668371600000008	0.0083057814
155721	1.9804423100000008	0.010437865
155722	1.99404747	0.0082435765
155723	2.007652630000001	0.012444598999999999
155724	2.02125779	0.0096919734
155725	2.034862950000001	0.0096632173
155726	2.04846811	0.0088714014
155727	2.062073270000001	0.006588567900000001
155728	2.075678420000001	0.007232954399999999
155729	2.08928358	0.010034901
155730	2.102888740000001	0.008606286500000001
155731	2.1164939	0.009009073000000001
155732	2.130099060000001	0.010454039
155733	2.14370422	0.012399206999999999
155734	2.157309380000001	0.019742056
155735	2.170914530000001	0.01233698
155736	2.18451969	0.011175622
155737	2.198124850000001	0.012452946999999999
155738	2.21173001	0.013143852
155739	2.225335170000001	0.014201456999999999
155740	2.23894033	0.011994736
155741	2.252545490000001	0.011919751999999999
155742	2.266150640000001	0.010805195
155743	2.2797558	0.01271274
155744	2.293360960000001	0.013150712
155745	2.3069661200000002	0.01000351
155746	2.320571280000001	0.0093386201
155747	2.3341764400000002	0.0082677605
155748	2.347781600000001	0.0089215576
155749	2.361386750000001	0.008400150799999999
155750	2.3749919100000003	0.0093947322
155751	2.388597070000001	0.012798034
155752	2.4022022300000003	0.016643337
155753	2.415807390000001	0.011161936
155754	2.4294125500000003	0.0099496593
155755	2.4430177100000012	0.0080460779
155756	2.4566228600000013	0.0073275205
155757	2.4702280200000004	0.0071116771
155758	2.4838331800000013	0.0062031071999999994
155759	2.4974383400000004	0.0060263433
155760	2.5110435000000013	0.006276336600000001
155761	2.5246486600000004	0.0062989878
155762	2.5382538200000013	0.0049724784
155763	2.5518589800000004	0.0043713317
155764	2.5654641300000005	0.0040976465000000005
155765	2.5790692900000014	0.0044193369
155766	2.5926744500000005	0.004102007899999999
155767	2.6062796100000014	0.0066396004
155768	2.6198847700000005	0.0054176387
155769	2.6334899300000014	0.0054792538
155770	2.6470950900000005	0.0066245679
155771	2.6607002400000006	0.0065088657
155772	2.6743054000000015	0.007638117099999999
155773	2.6879105600000006	0.006568214300000001
155774	2.7015157200000015	0.007824852700000001
155775	2.7151208800000006	0.0067318415
155776	2.7287260400000015	0.0069164342
155777	2.7423312000000006	0.0069936545999999995
155778	2.7559363500000007	0.0071839915
155779	2.76954151	0.007297150400000001
155780	2.7831466700000007	0.0077193865000000006
155781	2.79675183	0.0069026433
155782	2.8103569900000007	0.006724614300000001
155783	2.82396215	0.006623544499999999
155784	2.8375673100000007	0.0062423364
155785	2.851172460000001	0.0065788152
155786	2.86477762	0.0072777951
155787	2.878382780000001	0.0067101886999999995
155788	2.89198794	0.0079047614
155789	2.905593100000001	0.0060977814
155790	2.91919826	0.0049115793
155791	2.932803420000001	0.0048076116
155792	2.946408570000001	0.0046466126
155793	2.96001373	0.0061519674
155794	2.973618890000001	0.0046126822
155795	2.98722405	0.0044321895
155796	3.000829210000001	0.0068478485
155797	3.01443437	0.0066862208999999995
155798	3.028039530000001	0.0043175501
155799	3.041644680000001	0.0053830438
155800	3.05524984	0.0051663381
155801	3.068855000000001	0.0052892678000000005
155802	3.08246016	0.006252045699999999
155803	3.096065320000001	0.0075262391
155804	3.10967048	0.0059921485
155805	3.136880790000001	0.0063773756000000004
155806	3.15048595	0.005575152900000001
155807	3.164091110000001	0.006381001999999999
155808	3.17769627	0.0054705021999999996
155809	3.191301430000001	0.0059028258999999994
155810	3.20490659	0.0067817225
155811	3.218511750000001	0.0057365
155812	3.232116900000001	0.006092202099999999
155813	3.2457220600000003	0.0058043965000000005
155814	3.259327220000001	0.0060914001
155815	3.2729323800000003	0.0079425325
155816	3.286537540000001	0.008840642099999999
155817	3.3001427000000003	0.0049114945
155818	3.313747860000001	0.0045643134000000005
155819	3.3273530100000013	0.0045266692
155820	3.3409581700000004	0.005994248299999999
155821	3.3545633300000013	0.0050738945
155822	3.3681684900000004	0.0064563236
155823	3.3817736500000013	0.0047884521
155824	3.3953788100000004	0.0049069954
155825	3.4089839700000013	0.0049747751
155826	3.4225891200000014	0.0041861811
155827	3.4361942800000005	0.0037212067999999997
155828	3.4497994400000014	0.0042187758
155829	3.4634046000000005	0.0043660841
155830	3.4770097600000014	0.0051690424
155831	3.4906149200000005	0.0055054484
155832	3.5042200800000014	0.0042797647
155833	3.5178252400000005	0.0045311284
155834	3.5314303900000006	0.004869605900000001
155835	3.5450355500000015	0.0044543289
155836	3.5586407100000006	0.0031125728000000004
155837	3.5722458700000015	0.0027728908000000003
155838	3.5858510300000006	0.0029024152000000003
155839	3.5994561900000015	0.0030130458
155840	3.6130613500000006	0.0023144545000000002
155841	3.6266665000000007	0.0028971414000000003
155842	3.6402716600000016	0.0031007404
155843	3.653876819999999	0.0027403734999999997
155844	3.66748198	0.0026057065
155845	3.6810871400000007	0.0021573893
155846	3.6946923000000016	0.0025421582
155847	3.708297459999999	0.0024845114999999997
155848	3.721902609999999	0.0024991966
155849	3.73550777	0.002419001
155850	3.749112930000001	0.0026606527
155851	3.7627180900000017	0.0025807733
155852	3.776323249999999	0.0028013590000000002
155853	3.78992841	0.0028263695
155854	3.803533570000001	0.0027894591
155855	3.817138720000001	0.0028210946000000003
155856	3.8307438800000018	0.0032102358000000004
155857	3.844349039999999	0.0031655159999999997
155858	3.8579542	0.0030302855
155859	3.871559360000001	0.0028428901000000003
155860	3.885164520000002	0.0027723603000000003
155861	3.898769679999999	0.0030406870000000003
155862	3.912374829999999	0.0029642291999999997
155863	3.92597999	0.0023933452
155864	3.939585150000001	0.0029050623
155865	3.953190310000002	0.0028873408000000002
155866	3.966795469999999	0.0032990743
155867	3.98040063	0.004153855
155868	3.994005790000001	0.0035152722
155869	4.021216100000002	0.0035379558
155870	4.034821259999999	0.0026059652
155871	4.04842642	0.0026704209
155872	4.062031580000001	0.0028271297999999997
155873	4.075636740000002	0.0030460658
155874	4.089241899999999	0.0028520883
155875	4.102847049999999	0.0031327396
155876	4.11645221	0.0029580226
155877	4.130057370000001	0.0036152706
155878	4.143662530000002	0.0037235693
155879	4.157267689999999	0.0039891371
155880	4.17087285	0.0043111306
155881	4.184478010000001	0.0042329685999999995
155882	4.198083160000001	0.0030282463
155883	4.211688320000002	0.0024403661
155884	4.2252934799999995	0.0024771205
155885	4.23889864	0.0034179582
155886	4.252503800000001	0.0033160857
155887	4.266108960000002	0.0034592071
155888	4.2797141199999995	0.0038985395
155889	4.3069244300000005	0.0029988728000000004
155890	4.320529590000001	0.0030321726000000003
155891	4.334134750000002	0.0032312286
155892	4.34773991	0.0027576562
155893	4.3613450700000005	0.0034866038
155894	4.374950230000001	0.0029353736
155895	4.3885553800000014	0.0031649839
155896	4.402160540000002	0.0019802345999999998
155897	4.4157657	0.0021769034
155898	4.429370860000001	0.0026124408
155899	4.4429760200000015	0.0021686523999999998
155900	4.456581180000002	0.002078109
155901	4.47018634	0.0023847176
155902	4.483791500000001	0.0020392079000000002
155903	4.497396650000001	0.0024294613
155904	4.5110018100000016	0.0024782757999999997
155905	4.524606969999999	0.0022144525
155906	4.53821213	0.0021874306
155907	4.551817290000001	0.0023233310999999997
155908	4.565422450000002	0.0027352378999999996
155909	4.579027609999999	0.0030393355
155910	4.592632759999999	0.0029908262
155911	4.60623792	0.0022423236
155912	4.619843080000001	0.0024776332
155913	4.633448240000002	0.0029169459999999997
155914	4.647053399999999	0.0027819381
155915	4.66065856	0.0025419924
155916	4.674263720000001	0.0029508135
155917	4.687868870000001	0.0030630143
155918	4.701474030000002	0.0034059365
155919	4.715079189999999	0.0029116494000000002
155920	4.72868435	0.0028137959000000003
155921	4.742289510000001	0.0030363813
155922	4.755894670000002	0.0027850249
155923	4.769499829999999	0.002935333
155924	4.783104979999999	0.0025077354000000002
155925	4.79671014	0.0029684471999999996
155926	4.810315300000001	0.0023631773000000003
155927	4.823920460000002	0.0027124259000000004
155928	4.837525619999999	0.0023139728
155929	4.85113078	0.0023615607
155930	4.864735940000001	0.0022439445
155931	4.878341090000001	0.0017230135
155932	4.891946250000002	0.0023921782999999997
155933	4.905551409999999	0.0022730883
155934	4.91915657	0.0021878283
155935	4.932761730000001	0.0023190362
155936	4.946366890000002	0.0023572495000000002
155937	4.959972049999999	0.0021825394
155938	4.973577199999999	0.0026267662
155939	4.98718236	0.0027983115999999997
155940	5.000787520000001	0.0025923644
155941	5.014392680000002	0.0024868311999999997
155942	5.027997839999999	0.0026430991
155943	5.041603	0.0026736512
155944	5.055208160000001	0.0022420732
155945	5.068813310000001	0.0023546613
155946	5.082418470000002	0.0023476664999999997
155947	5.0960236299999995	0.0023842555
155948	5.10962879	0.0024034161
155949	5.123233950000001	0.0023892467
155950	5.136839110000002	0.0027221835999999998
155951	5.1504442699999995	0.0022319344000000002
155952	5.16404942	0.0021108803
155953	5.1776545800000005	0.0020686851000000003
155954	5.191259740000001	0.0021595051
155955	5.204864900000002	0.0020729893
155956	5.21847006	0.002133426
155957	5.2320752200000005	0.0021565852
155958	5.245680380000001	0.0022265404999999997
155959	5.259285530000001	0.0019872262
155960	5.272890690000002	0.0016558869
155961	5.28649585	0.0020928848
155962	5.300101010000001	0.0019621993
155963	5.3137061700000014	0.0019583801
155964	5.327311330000002	0.0018158672
155965	5.34091649	0.0019768184
155966	5.35452164	0.0022253025
155967	5.368126800000001	0.002327644
155968	5.3817319600000015	0.0021384144
155969	5.395337120000002	0.0016092039000000001
155970	5.40894228	0.0017263907
155971	5.422547440000001	0.0017493243
155972	5.4361526000000016	0.0013710751999999999
155973	5.449757759999999	0.0017932892
155974	5.463362909999999	0.00192368
155975	5.47696807	0.0019138726
155976	5.490573230000001	0.0018363771
155977	5.504178390000002	0.0018475339999999999
155978	5.517783549999999	0.0017025684
155979	5.53138871	0.0017583013
155980	5.544993870000001	0.0017645521
155981	5.558599020000001	0.0014055051
155982	5.572204180000002	0.0016243743
155983	5.585809339999999	0.0015629798000000002
155984	5.5994145	0.0013911429
155985	5.613019660000001	0.0017111385
155986	5.626624820000002	0.0022186224
155987	5.640229979999999	0.0016234874
155988	5.653835129999999	0.0016102363
155989	5.66744029	0.0018320201
155990	5.681045450000001	0.0017458125
155991	5.694650610000002	0.0017236893
155992	5.708255769999999	0.0019531511
155993	5.72186093	0.0017474704999999998
155994	5.735466090000001	0.0017215181
155995	5.749071240000001	0.0016321845999999998
155996	5.762676400000002	0.0015641423999999998
155997	5.776281559999999	0.0016989594
155998	5.78988672	0.0016857966
155999	5.803491880000001	0.0017891587
156000	5.817097040000002	0.0018755798
156001	5.830702199999999	0.0017975151999999998
156002	5.844307349999999	0.0018209335999999998
156003	5.85791251	0.0018503118
156004	5.871517670000001	0.0015762799
156005	5.885122830000002	0.0015886332000000002
156006	5.898727989999999	0.0018588021
156007	5.91233315	0.0017434679000000002
156008	5.925938310000001	0.0018083621
156009	5.939543460000001	0.0015379642
156010	5.953148620000002	0.0016288098999999998
156011	5.9667537799999995	0.0017292729
156012	5.98035894	0.0017386916
156013	5.993964100000001	0.0016871742000000001
156014	6.007569260000002	0.0018916809
156015	6.0211744199999995	0.0016074168
156016	6.0347795699999995	0.0018711932
156017	6.04838473	0.0018411068
156018	6.061989890000001	0.0020501348999999998
156019	6.075595050000002	0.0021255718
156020	6.08920021	0.0021315517
156021	6.1028053700000005	0.0021333503
156022	6.116410530000001	0.0023649572
156023	6.130015680000001	0.0021744243
156024	6.143620840000002	0.0020258782
156025	6.157226	0.0023625785
156026	6.1708311600000005	0.0020956177
156027	6.184436320000001	0.0021660346
156028	6.198041480000002	0.0022281265
156029	6.21164664	0.0023641716
156030	6.22525179	0.0025176094
156031	6.238856950000001	0.0023110653
156032	6.2524621100000015	0.0022784221
156033	6.266067270000002	0.0023619739
156034	6.27967243	0.0022808579
156035	6.293277590000001	0.0020675642
156036	6.3068827500000015	0.0021149466
156037	6.320487900000002	0.0022060899
156038	6.334093059999999	0.0023222926
156039	6.34769822	0.0023898604000000003
156040	6.361303380000001	0.0022993944
156041	6.374908540000002	0.002204962
156042	6.388513699999999	0.0022271274
156043	6.40211886	0.0023464913
156044	6.415724020000001	0.0025010299
156045	6.429329170000001	0.002216793
156046	6.442934330000002	0.0020057892
156047	6.456539489999999	0.0020680774
156048	6.47014465	0.0021038745
156049	6.483749810000001	0.0019284753
156050	6.497354970000002	0.0017170774
156051	6.510960129999999	0.0019533314999999997
156052	6.524565279999999	0.0016841112
156053	6.53817044	0.0021709176000000003
156054	6.551775600000001	0.0020775786
156055	6.565380760000002	0.0019430920000000002
156056	6.578985919999999	0.0018353695999999999
156057	6.59259108	0.0019195343
156058	6.606196240000001	0.0021584911
156059	6.619801390000001	0.0018356644
156060	6.633406550000002	0.0019825819
156061	6.647011709999999	0.0021178244
156062	6.66061687	0.0017333083
156063	6.674222030000001	0.0018660583
156064	6.687827190000002	0.0017957754
156065	6.701432349999999	0.0016198748000000002
156066	6.715037499999999	0.0017761538
156067	6.72864266	0.0018707335
156068	6.742247820000001	0.001831387
156069	6.755852980000002	0.0018584532999999998
156070	6.769458139999999	0.0017423652
156071	6.7830633	0.0017009567000000002
156072	6.796668460000001	0.0016635654999999998
156073	6.810273610000001	0.0016805632
156074	6.823878770000002	0.001650298
156075	6.837483929999999	0.0016345782
156076	6.85108909	0.0015752772
156077	6.864694250000001	0.0016831438
156078	6.878299410000002	0.0016868298999999998
156079	6.8919045699999995	0.0016275389
156080	6.9055097199999995	0.0016006873999999999
156081	6.91911488	0.0014222225
156082	6.932720040000001	0.0015158675
156083	6.946325200000002	0.0014849002
156084	6.9599303599999995	0.0014127051999999998
156085	6.97353552	0.0014236878
156086	6.987140680000001	0.001628655
156087	7.000745830000001	0.0014856125
156088	7.014350990000002	0.0015046642999999998
156089	7.02795615	0.0016419406
156090	7.0415613100000005	0.010100322
156091	7.055166470000001	0.0013788685999999999
156092	7.068771630000002	0.0015719275
156093	7.08237679	0.0014457922
156094	7.09598194	0.0014253584
156095	7.109587100000001	0.0014406378
156096	7.1231922600000015	0.0013503204
156097	7.136797420000002	0.0014117586
156098	7.15040258	0.001363939
156099	7.164007740000001	0.0014139111
156100	7.1776129000000015	0.0014238058999999999
156101	7.191218050000002	0.0014050398000000001
156102	7.204823209999999	0.0014237342000000001
156103	7.21842837	0.0014699113
156104	7.626583130000002	0.28515566
156105	12.626478910000001	0.0009640188400000001
156106	17.62637469	0.0006746234399999999
156107	22.626270480000002	0.00049267727
156108	27.626166260000005	0.00037584312000000006
156109	32.62606204	0.00028566414
156110	37.62595782	0.00021959997000000004
156111	42.62585361	0.00017469676
156112	47.62574939	0.00013556613000000002
156113	52.625645170000006	0.00010541868
156114	57.62554095000001	8.229747e-05
156115	62.625436740000005	6.4913723e-05
156116	67.62533252	5.1048922000000005e-05
156117	72.62522829999999	4.0544251e-05
156118	77.62512407999999	3.2372085999999996e-05
156119	82.62501986999999	2.5924294e-05
156120	87.62491564999999	2.1045969e-05
156121	92.62481143	1.7138478e-05
156122	97.62470721	1.3986767e-05
156123	102.624603	1.1532850000000001e-05
156124	107.62449878	9.5016203e-06
156125	112.62439456	7.9482862e-06
156126	117.62429034	6.6543698e-06
156127	122.62418612999998	5.588858400000001e-06
