csdata_id	e_energy	sigma
57237	13.00498226	0.0
57238	13.00653161	0.00031641564
57239	13.02013677	0.0021358025
57240	13.03374193	0.0027082219
57241	13.04734709	0.0035684866
57242	13.06095225	0.0036673969
57243	13.07455741	0.0039526522
57244	13.08816257	0.0041661421
57245	13.10176772	0.0043187444
57246	13.11537288	0.0036856109
57247	13.12897804	0.0036470722
57248	13.1425832	0.00353804
57249	13.15618836	0.0034349253
57250	13.16979352	0.0034106729
57251	13.18339868	0.003423103
57252	13.19700383	0.0037145186
57253	13.21060899	0.0037799883
57254	13.22421415	0.0038052439
57255	13.23781931	0.0037273666
57256	13.25142447	0.0035553383
57257	13.26502963	0.0033867343
57258	13.27863479	0.0030643119
57259	13.3058451	0.0028475658
57260	13.31945026	0.0029026302
57261	13.33305542	0.0031982629
57262	13.34666058	0.0049917253
57263	13.36026574	0.0034952695
57264	13.3738709	0.0034727114
57265	13.38747605	0.0034536062
57266	13.40108121	0.003926704
57267	13.41468637	0.0037539251
57268	13.42829153	0.0036567207
57269	13.44189669	0.0037024694
57270	13.45550185	0.0036840599
57271	13.46910701	0.0036151519
57272	13.48271216	0.0035624452
57273	13.49631732	0.0035622123
57274	13.50992248	0.0035548568
57275	13.52352764	0.0039839758
57276	13.5371328	0.0036156697
57277	13.55073796	0.0036143764
57278	13.56434312	0.0034488578
57279	13.57794827	0.0035307315
57280	13.59155343	0.0040671573
57281	13.60515859	0.0053312015
57282	13.61876375	0.0082403071
57283	13.63236891	0.0072236687
57284	13.64597407	0.0047888368
57285	13.65957923	0.0038466044
57286	13.67318438	0.0030919191
57287	13.7003947	0.0026459651
57288	13.71399986	0.0025408427
57289	13.75481534	0.0018186458
57290	13.76842049	0.0017692753
57291	13.78202565	0.0024976604
57292	13.79563081	0.0019100993
57293	13.80923597	0.0021031175
57294	13.82284113	0.00305148
57295	13.83644629	0.0032264882
57296	13.85005145	0.0033884279
57297	13.8636566	0.0035152815
57298	13.87726176	0.0035192497
57299	13.89086692	0.0032783802
57300	13.90447208	0.0031914068
57301	13.91807724	0.0031554157
57302	13.9316824	0.0032804032
57303	13.94528756	0.0034704446
57304	13.95889272	0.0035073236
57305	13.97249787	0.0033731417
57306	13.98610303	0.0038064185
57307	13.99970819	0.0039496235
57308	14.01331335	0.0038381696
57309	14.02691851	0.0039329666
57310	14.04052367	0.0037605648
57311	14.05412883	0.0033814729
57312	14.06773398	0.0040298125
57313	14.08133914	0.003851845
57314	14.0949443	0.003546357
57315	14.10854946	0.0034283872
57316	14.12215462	0.0034089488
57317	14.13575978	0.0033085279
57318	14.14936494	0.0032034826
57319	14.16297009	0.003294575
57320	14.17657525	0.0031587179
57321	14.19018041	0.0031857933
57322	14.20378557	0.0032730851
57323	14.21739073	0.0029049383
57324	14.23099589	0.0028729312
57325	14.24460105	0.0029865325
57326	14.2582062	0.0027311704
57327	14.27181136	0.0026268761
57328	14.28541652	0.0023531463
57329	14.29902168	0.002367797
57330	14.31262684	0.0024007248
57331	14.326232	0.0022702282
57332	14.33983716	0.00209536
57333	14.35344231	0.0021001992
57334	14.36704747	0.0023600559
57335	14.38065263	0.0023235537
57336	14.39425779	0.0021624468
57337	14.40786295	0.0021269046
57338	14.42146811	0.0019177557
57339	14.43507327	0.0018612489
57340	14.44867842	0.001920298
57341	14.46228358	0.0020614289
57342	14.47588874	0.0020729877
57343	14.4894939	0.0021734249
57344	14.50309906	0.002231021
57345	14.51670422	0.0024099664
57346	14.53030938	0.0025995388
57347	14.54391453	0.0025771475
57348	14.55751969	0.0024324791
57349	14.57112485	0.0024277329
57350	14.58473001	0.0026866047
57351	14.59833517	0.0029087377
57352	14.61194033	0.0027334511
57353	14.62554549	0.0026605245
57354	14.63915064	0.0028748878
57355	14.6527558	0.002838639
57356	14.66636096	0.0029619905
57357	14.67996612	0.0027893092
57358	14.69357128	0.002928629
57359	14.70717644	0.0029914488
57360	14.7207816	0.0029215877
57361	14.73438675	0.0032805349
57362	14.74799191	0.0032129533
57363	14.76159707	0.0031693074
57364	14.77520223	0.0033668758
57365	14.78880739	0.0032072937
57366	14.80241255	0.0034073214
57367	14.81601771	0.0036412079
57368	14.82962286	0.0035405957
57369	14.84322802	0.0036385914
57370	14.85683318	0.0036980111
57371	14.87043834	0.0039234226
57372	14.8840435	0.0038179062
57373	14.89764866	0.0033687272
57374	14.91125382	0.0031552149
57375	14.92485898	0.0030923208
57376	14.93846413	0.0031292273
57377	14.95206929	0.003209314
57378	14.96567445	0.0032292888
57379	14.97927961	0.0030473358
57380	14.99288477	0.0028794599
57381	15.00648993	0.0029074249
57382	15.02009509	0.0027818155
57383	15.03370024	0.0028523665
57384	15.0473054	0.0026644457
57385	15.06091056	0.0026569774
57386	15.07451572	0.0026426404
57387	15.08812088	0.0027949963
57388	15.10172604	0.002715876
57389	15.1153312	0.0027305303
57390	15.12893635	0.0026679261
57391	15.14254151	0.0026545744
57392	15.15614667	0.0024308711
57393	15.16975183	0.0024646958
57394	15.18335699	0.0024081756
57395	15.19696215	0.0024313077
57396	15.21056731	0.0025538476
57397	15.22417246	0.0025045423
57398	15.23777762	0.0025135956
57399	15.25138278	0.0024873705
57400	15.26498794	0.0025582903
57401	15.2785931	0.0025092859
57402	15.29219826	0.00243138
57403	15.30580342	0.0023124783
57404	15.31940857	0.0023392159
57405	15.33301373	0.0023439845
57406	15.34661889	0.0022999117
57407	15.36022405	0.0022960065
57408	15.37382921	0.0023329259
57409	15.38743437	0.0024111859
57410	15.40103953	0.0024524464
57411	15.41464468	0.0024347509
57412	15.42824984	0.0024657909
57413	15.441855	0.0025153044
57414	15.45546016	0.0026970331
57415	15.46906532	0.0026409298
57416	15.48267048	0.0028545958
57417	15.50988079	0.0025344665
57418	15.52348595	0.0026321067
57419	15.53709111	0.0026842734
57420	15.55069627	0.0026207931
57421	15.56430143	0.002756462
57422	15.57790659	0.0026522793
57423	15.59151175	0.0027161456
57424	15.6051169	0.0026092917
57425	15.61872206	0.0026990101
57426	15.63232722	0.0027512962
57427	15.64593238	0.0027146907
57428	15.65953754	0.0027275262
57429	15.6731427	0.002695322
57430	15.68674786	0.0027067608
57431	15.70035301	0.0026734164
57432	15.71395817	0.0027352724
57433	15.72756333	0.0029204314
57434	15.74116849	0.0028348423
57435	15.75477365	0.0027582399
57436	15.76837881	0.0028134612
57437	15.78198397	0.0027388613
57438	15.79558912	0.0027376724
57439	15.80919428	0.002644893
57440	15.82279944	0.0025630728
57441	15.8364046	0.0026720068
57442	15.85000976	0.003035345
57443	15.86361492	0.003354222
57444	15.87722008	0.0033806696
57445	15.89082524	0.0032265071
57446	15.90443039	0.0031148158
57447	15.91803555	0.0030192314
57448	15.93164071	0.0028093107
57449	15.94524587	0.0028444288
57450	15.95885103	0.0027345714
57451	15.97245619	0.0027708771
57452	15.98606135	0.0027390493
57453	15.9996665	0.0027145729
57454	16.01327166	0.0027829581
57455	16.02687682	0.0027044038
57456	16.04048198	0.0026598094
57457	16.05408714	0.0025819187
57458	16.0676923	0.0025655978
57459	16.08129746	0.0026431746
57460	16.09490261	0.002561878
57461	16.10850777	0.0025870793
57462	16.12211293	0.0026074423
57463	16.13571809	0.002484208
57464	16.14932325	0.002483508
57465	16.16292841	0.0025864091
57466	16.17653357	0.002514615
57467	16.19013872	0.0022918075
57468	16.20374388	0.0023833903
57469	16.21734904	0.0025087125
57470	16.2309542	0.0025571656
57471	16.24455936	0.0022709721
57472	16.25816452	0.0022090878
57473	16.27176968	0.0020806263
57474	16.28537483	0.0020212768
57475	16.29897999	0.0020834891
57476	16.31258515	0.0021222664
57477	16.32619031	0.002184045
57478	16.33979547	0.0021505145
57479	16.35340063	0.002145052
57480	16.36700579	0.0021233673
57481	16.3942161	0.0020941778
57482	16.40782126	0.0021477358
57483	16.42142642	0.0020572028
57484	16.43503158	0.0021370531
57485	16.44863674	0.0022195693
57486	16.4622419	0.0020579326
57487	16.47584705	0.0020944574
57488	16.48945221	0.0021363132
57489	16.50305737	0.0021381915
57490	16.51666253	0.0022045626
57491	16.53026769	0.0022640703
57492	16.54387285	0.0023332666
57493	16.55747801	0.0024658092
57494	16.57108316	0.0023527801
57495	16.58468832	0.0024547661
57496	16.59829348	0.0025362626
57497	16.61189864	0.0025338297
57498	16.6255038	0.0025305099
57499	16.63910896	0.0025206543
57500	16.65271412	0.0024647015
57501	16.67992443	0.0026989758
57502	16.69352959	0.0026656105
57503	16.70713475	0.0027025636
57504	16.72073991	0.0026397674
57505	16.73434507	0.0027080184
57506	16.74795023	0.0027131532
57507	16.76155538	0.002765281
57508	16.77516054	0.0025736166
57509	16.7887657	0.002549811
57510	16.80237086	0.0025496188
57511	16.81597602	0.0023813116
57512	16.82958118	0.0024193705
57513	16.84318634	0.002528511
57514	16.8567915	0.0025230461
57515	16.87039665	0.0027207549
57516	16.88400181	0.0024909814
57517	16.89760697	0.0023825842
57518	16.91121213	0.0023293644
57519	16.92481729	0.0024387616
57520	16.93842245	0.0024032468
57521	16.95202761	0.0023726289
57522	16.96563276	0.0023647684
57523	16.97923792	0.0024926565
57524	16.99284308	0.0022992464
57525	17.00644824	0.0022726041
57526	17.0200534	0.0023821948
57527	17.03365856	0.0023565651
57528	17.04726372	0.0024070751
57529	17.06086887	0.0023046753
57530	17.07447403	0.0023375815
57531	17.08807919	0.0023105178
57532	17.10168435	0.0022969473
57533	17.11528951	0.002365431
57534	17.12889467	0.002197744
57535	17.14249983	0.0021129172
57536	17.15610498	0.0021642751
57537	17.16971014	0.002308347
57538	17.1833153	0.002254836
57539	17.19692046	0.0021624196
57540	17.21052562	0.0021591245
57541	17.22413078	0.0021941254
57542	17.23773594	0.0020724009
57543	17.25134109	0.0020704087
57544	17.26494625	0.0020969925
57545	17.27855141	0.0020548039
57546	17.29215657	0.0019954443
57547	17.30576173	0.0020604401
57548	17.31936689	0.002074088
57549	17.33297205	0.0021879425
57550	17.3465772	0.0020580309
57551	17.36018236	0.0024408937
57552	17.37378752	0.0022706393
57553	17.38739268	0.0021017462
57554	17.40099784	0.0020801571
57555	17.414603	0.0021286724
57556	17.42820816	0.0020848906
57557	17.44181331	0.0021118144
57558	17.45541847	0.0021124625
57559	17.46902363	0.0022076311
57560	17.48262879	0.0021945926
57561	17.49623395	0.0022500914
57562	17.50983911	0.0021931211
57563	17.52344427	0.0021563589
57564	17.53704942	0.0020983807
57565	17.55065458	0.0022016135
57566	17.56425974	0.0023107579
57567	17.5778649	0.0022482086
57568	17.59147006	0.0023915471
57569	17.60507522	0.002296973
57570	17.61868038	0.0023725022
57571	17.63228553	0.0022728993
57572	17.64589069	0.0023893871
57573	17.65949585	0.0023092601
57574	17.67310101	0.0022863627
57575	17.68670617	0.0023798721
57576	17.70031133	0.0023868158
57577	17.71391649	0.0023894556
57578	17.72752164	0.0024343993
57579	17.7411268	0.0023789041
57580	17.75473196	0.0023588255
57581	17.76833712	0.0023766223
57582	17.78194228	0.0023800963
57583	17.79554744	0.0024141508
57584	17.8091526	0.0023858557
57585	17.82275776	0.002527034
57586	17.83636291	0.0024981153
57587	17.84996807	0.0024448557
57588	17.86357323	0.002362412
57589	17.87717839	0.002329945
57590	17.89078355	0.0022957346
57591	17.90438871	0.0022420279
57592	17.91799387	0.0023195847
57593	17.93159902	0.0023404439
57594	17.94520418	0.0022272473
57595	17.95880934	0.0025195476
57596	17.9724145	0.0023467741
57597	17.98601966	0.0023183118
57598	17.99962482	0.0023279343
57599	18.01322998	0.0022897645
57600	18.02683513	0.0023880977
57601	18.04044029	0.0023304441
57602	18.05404545	0.0023190218
57603	18.06765061	0.0024011404
57604	18.08125577	0.0026372691
57605	18.09486093	0.002426468
57606	18.10846609	0.002347633
57607	18.12207124	0.0022993995
57608	18.1356764	0.0023817535
57609	18.14928156	0.0023095403
57610	18.16288672	0.0023436557
57611	18.17649188	0.0023988175
57612	18.19009704	0.0023091865
57613	18.2037022	0.0023348324
57614	18.21730735	0.002359652
57615	18.23091251	0.0023081752
57616	18.24451767	0.0022687154
57617	18.25812283	0.0022298615
57618	18.27172799	0.0022896271
57619	18.28533315	0.0022793763
57620	18.29893831	0.0022644622
57621	18.31254346	0.002317028
57622	18.32614862	0.00221432
57623	18.33975378	0.0022019317
57624	18.35335894	0.0021577346
57625	18.3669641	0.0021732431
57626	18.38056926	0.002115944
57627	18.39417442	0.0020932164
57628	18.40777957	0.0020655509
57629	18.42138473	0.0020649856
57630	18.43498989	0.0021128023
57631	18.44859505	0.0020221647
57632	18.46220021	0.002012752
57633	18.47580537	0.0020289322
57634	18.48941053	0.0019933475
57635	18.50301568	0.0019441038
57636	18.51662084	0.0018856816
57637	18.530226	0.0019656074
57638	18.54383116	0.0019726251
57639	18.55743632	0.0019178675
57640	18.57104148	0.0019765122
57641	18.58464664	0.0020205054
57642	18.59825179	0.0020071763
57643	18.61185695	0.0019541583
57644	18.62546211	0.001991033
57645	18.63906727	0.0019935082
57646	18.65267243	0.0019436418
57647	18.66627759	0.0019906693
57648	18.67988275	0.0020188765
57649	18.6934879	0.0019809974
57650	18.70709306	0.023363593
57651	18.72069822	0.0019356341
57652	18.73430338	0.0019434048
57653	18.74790854	0.0020004988
57654	18.7615137	0.0019741647
57655	18.77511886	0.0019288335
57656	18.78872402	0.0018951398
57657	18.80232917	0.0019432428
57658	18.81593433	0.0019895337
57659	18.82953949	0.0021000193
57660	18.84314465	0.0020068048
57661	18.85674981	0.0020669462
57662	18.87035497	0.0020985574
57663	18.88396013	0.0020796064
57664	18.89756528	0.0020312819
57665	18.91117044	0.0019850179
57666	18.9247756	0.002068945
57667	18.93838076	0.0020427518
57668	18.95198592	0.0020078457
57669	18.96559108	0.0020719893
57670	18.97919624	0.0019879291
57671	18.99280139	0.0019822908
57672	19.00640655	0.0020031945
57673	19.02001171	0.002014441
57674	19.03361687	0.0021711284
57675	19.04722203	0.0021119038
57676	19.06082719	0.0020287061
57677	19.07443235	0.0020832272
57678	19.0880375	0.0020860993
57679	19.10164266	0.0020591963
57680	19.11524782	0.0021298661
57681	19.12885298	0.0021994995
57682	19.14245814	0.002085051
57683	19.1560633	0.0021487942
57684	19.16966846	0.0021432291
57685	19.18327361	0.0021426143
57686	19.19687877	0.0021509085
57687	19.21048393	0.0021847443
57688	19.22408909	0.0021374391
57689	19.23769425	0.002108111
57690	19.25129941	0.0021407088
57691	19.26490457	0.0021023641
57692	19.27850972	0.0020914146
57693	19.29211488	0.0021175035
57694	19.30572004	0.0021367591
57695	19.3193252	0.0021312343
57696	19.33293036	0.002118544
57697	19.34653552	0.0020836155
57698	19.36014068	0.0021158446
57699	19.37374583	0.0020924022
57700	19.38735099	0.0021198811
57701	19.40095615	0.0020043816
57702	19.41456131	0.0032405782
57703	19.42816647	0.0020609503
57704	19.44177163	0.002101718
57705	19.45537679	0.0020247854
57706	19.46898194	0.0020501229
57707	19.4825871	0.0020434234
57708	19.49619226	0.0020259653
57709	19.50979742	0.0019779292
57710	19.52340258	0.0019446824
57711	19.53700774	0.0019490167
57712	19.5506129	0.0018971965
57713	19.56421805	0.0019507822
57714	19.57782321	0.0019756465
57715	19.59142837	0.001956305
57716	19.99958313	0.002082925
57717	24.99947891	0.0014800831
57718	29.99937469	0.00097177776
57719	34.99927048	0.00072572303
57720	39.99916626	0.00059189409
57721	44.99906204	0.00045082581
57722	49.99895782	0.00033903073
57723	54.99885361	0.00028306406
57724	59.99874939	0.00024410651
57725	64.99864517	0.00019806652
57726	69.99854095	0.00015672625
57727	74.99843674	0.00012434377
57728	79.99833252	9.7401526e-05
57729	84.9982283	8.0649507e-05
57730	89.99812408	6.2486258e-05
57731	94.99801987	5.1562371e-05
57732	99.99791565	4.2665327e-05
57733	104.99781143	3.5583109e-05
57734	109.99770721	2.9897403e-05
57735	114.997603	2.5297276e-05
57736	119.99749878	2.1529792e-05
57737	124.99739456	1.8439111e-05
57738	129.99729034	1.5903412e-05
57739	134.99718613	1.3727896e-05
