csdata_id	e_energy	sigma
41190	10.46188937	0.0
41191	10.46587487	0.0019235710999999998
41192	10.47948003	0.0032759652
41193	10.49308519	0.004999817100000001
41194	10.50669034	0.0051560618
41195	10.5202955	0.0046234846999999996
41196	10.53390066	0.0053608331
41197	10.54750582	0.0057318431999999996
41198	10.56111098	0.0079946577
41199	10.57471614	0.0077360856
41200	10.5883213	0.007227964399999999
41201	10.60192646	0.0068110735
41202	10.61553161	0.0070945441
41203	10.62913677	0.0081402489
41204	10.64274193	0.008609526800000001
41205	10.65634709	0.0084839607
41206	10.66995225	0.0076945745
41207	10.68355741	0.0066817686
41208	10.69716257	0.006322690400000001
41209	10.71076772	0.0060864649
41210	10.72437288	0.006260623199999999
41211	10.73797804	0.0065139625
41212	10.7515832	0.006747105600000001
41213	10.76518836	0.006977050699999999
41214	10.77879352	0.007145620300000001
41215	10.79239868	0.0073227413
41216	10.80600383	0.0075142918000000005
41217	10.81960899	0.007630515300000001
41218	10.83321415	0.0073712512
41219	10.84681931	0.006916913
41220	10.86042447	0.0057446601
41221	10.87402963	0.0048076178
41222	10.88763479	0.0060997076
41223	10.9148451	0.0059953933
41224	10.92845026	0.0062646295
41225	10.94205542	0.0065405713
41226	10.95566058	0.0066190841
41227	10.969265739999999	0.006819385799999999
41228	10.9828709	0.0067401874
41229	10.99647605	0.006614533299999999
41230	11.01008121	0.0064297924
41231	11.02368637	0.0055878765
41232	11.03729153	0.006294563100000001
41233	11.05089669	0.00598611
41234	11.06450185	0.0064412333
41235	11.07810701	0.0062533784
41236	11.09171216	0.0058819048
41237	11.10531732	0.005451808900000001
41238	11.11892248	0.0050611383
41239	11.13252764	0.0044536778999999995
41240	11.1461328	0.0036120610999999998
41241	11.15973796	0.0035483362
41242	11.17334312	0.005992544
41243	11.18694827	0.0066776857999999994
41244	11.20055343	0.0056526601
41245	11.21415859	0.0051175398
41246	11.22776375	0.0047370351
41247	11.24136891	0.005552297800000001
41248	11.25497407	0.0075678053
41249	11.26857923	0.0098495939
41250	11.28218438	0.011899425
41251	11.3093947	0.010405674
41252	11.32299986	0.0096379725
41253	11.36381534	0.0098269372
41254	11.37742049	0.0090273821
41255	11.39102565	0.0086854865
41256	11.40463081	0.0090088234
41257	11.41823597	0.0092159358
41258	11.43184113	0.0088881627
41259	11.44544629	0.008713295
41260	11.45905145	0.008342765600000001
41261	11.4726566	0.0084036847
41262	11.48626176	0.0084798372
41263	11.49986692	0.0087753491
41264	11.51347208	0.0086376734
41265	11.52707724	0.0085808698
41266	11.5406824	0.0084943662
41267	11.55428756	0.0085369299
41268	11.56789272	0.008342123100000001
41269	11.58149787	0.0080707581
41270	11.59510303	0.0079089842
41271	11.60870819	0.0075415332
41272	11.62231335	0.0075596509
41273	11.63591851	0.0076610135
41274	11.64952367	0.0067769131
41275	11.66312883	0.0070448563
41276	11.67673398	0.007155823299999999
41277	11.69033914	0.0070919597999999995
41278	11.7039443	0.0072521193
41279	11.71754946	0.0073109049
41280	11.73115462	0.0070752575
41281	11.74475978	0.0070722536
41282	11.75836494	0.0071678072
41283	11.77197009	0.006961126
41284	11.78557525	0.0067476976
41285	11.79918041	0.0068489048
41286	11.81278557	0.0067593187
41287	11.82639073	0.0065186811
41288	11.83999589	0.0064553772
41289	11.85360105	0.006393396
41290	11.8672062	0.0062311399
41291	11.88081136	0.006274773199999999
41292	11.89441652	0.0062308712
41293	11.90802168	0.0064451305
41294	11.92162684	0.006451508199999999
41295	11.935232	0.006584284
41296	11.94883716	0.0066262689
41297	11.96244231	0.0068819075
41298	11.97604747	0.0068083772
41299	11.98965263	0.0069791061
41300	12.00325779	0.0076348221
41301	12.01686295	0.007540720600000001
41302	12.03046811	0.007414503
41303	12.04407327	0.0073513068
41304	12.05767842	0.0072780051
41305	12.07128358	0.0071307936
41306	12.08488874	0.007245032199999999
41307	12.0984939	0.0071905171
41308	12.11209906	0.0070769108999999995
41309	12.12570422	0.007216338399999999
41310	12.13930938	0.0068604549
41311	12.15291453	0.006746110600000001
41312	12.16651969	0.0069339603
41313	12.18012485	0.0069067914
41314	12.19373001	0.0075978953
41315	12.20733517	0.0092168419
41316	12.22094033	0.011795062
41317	12.23454549	0.01161344
41318	12.24815064	0.0097003754
41319	12.2617558	0.0095401707
41320	12.27536096	0.0087149677
41321	12.28896612	0.0078150705
41322	12.30257128	0.007649784399999999
41323	12.31617644	0.0074912248
41324	12.3297816	0.0071887109
41325	12.34338675	0.0069270357
41326	12.35699191	0.006865553199999999
41327	12.37059707	0.006968822800000001
41328	12.38420223	0.0068143825
41329	12.39780739	0.0066274772
41330	12.41141255	0.0069653203
41331	12.42501771	0.006690394499999999
41332	12.43862286	0.0065523756
41333	12.45222802	0.006501184300000001
41334	12.46583318	0.0066496203
41335	12.47943834	0.0066068499
41336	12.4930435	0.006635936899999999
41337	12.50664866	0.00664593
41338	12.52025382	0.0064153075
41339	12.53385898	0.0062939127
41340	12.54746413	0.006280095500000001
41341	12.56106929	0.0064035687
41342	12.57467445	0.0063610642000000005
41343	12.58827961	0.0063250767000000005
41344	12.60188477	0.0063224382
41345	12.61548993	0.0063103356000000005
41346	12.62909509	0.0061619689
41347	12.64270024	0.0062062553000000005
41348	12.6563054	0.0064442794999999995
41349	12.66991056	0.006819035699999999
41350	12.68351572	0.006498651899999999
41351	12.69712088	0.006518990600000001
41352	12.71072604	0.0066214134
41353	12.7243312	0.0069211256
41354	12.73793635	0.0071163211
41355	12.75154151	0.0064340662
41356	12.76514667	0.006679939100000001
41357	12.77875183	0.0068897472999999996
41358	12.79235699	0.0069800745
41359	12.80596215	0.0070511352
41360	12.81956731	0.0071697784
41361	12.83317246	0.007273269200000001
41362	12.84677762	0.0074957229000000005
41363	12.86038278	0.0076368958
41364	12.87398794	0.0077730277
41365	12.8875931	0.0080286883
41366	12.90119826	0.0075138963000000005
41367	12.91480342	0.0076035805
41368	12.92840857	0.0073385286
41369	12.94201373	0.0077220424
41370	12.95561889	0.007601104799999999
41371	12.96922405	0.0075149635
41372	12.98282921	0.0074246588
41373	12.99643437	0.00725832
41374	13.01003953	0.007279763000000001
41375	13.02364468	0.0074654996
41376	13.03724984	0.0077414791
41377	13.050855	0.0075622366
41378	13.06446016	0.007519970999999999
41379	13.07806532	0.007333008100000001
41380	13.09167048	0.0072099765000000005
41381	13.11888079	0.007133755699999999
41382	13.13248595	0.0074476462
41383	13.14609111	0.007249264599999999
41384	13.15969627	0.007223675400000001
41385	13.17330143	0.0071778055
41386	13.18690659	0.0071038504
41387	13.20051175	0.0070131740000000005
41388	13.2141169	0.0071161244
41389	13.22772206	0.0069030153
41390	13.24132722	0.0071018963000000004
41391	13.25493238	0.007064545
41392	13.26853754	0.0070501257
41393	13.2821427	0.0069046437
41394	13.29574786	0.0071221162
41395	13.30935301	0.0071540714
41396	13.32295817	0.007214831
41397	13.33656333	0.0070902303
41398	13.35016849	0.006953704200000001
41399	13.36377365	0.0068851497999999995
41400	13.37737881	0.006734982
41401	13.39098397	0.006778016600000001
41402	13.40458912	0.006692158100000001
41403	13.41819428	0.0067701594
41404	13.43179944	0.0065288393
41405	13.4454046	0.006391887
41406	13.45900976	0.0060890175
41407	13.47261492	0.0061478751
41408	13.48622008	0.0061624348
41409	13.49982524	0.0061671129000000005
41410	13.51343039	0.006208760400000001
41411	13.52703555	0.006364641
41412	13.54064071	0.006624366800000001
41413	13.55424587	0.006440884399999999
41414	13.56785103	0.0064133236
41415	13.58145619	0.0063145661
41416	13.59506135	0.006342277800000001
41417	13.6086665	0.006257046800000001
41418	13.622271660000001	0.0062984337
41419	13.635876819999998	0.0063025307
41420	13.64948198	0.0061983574
41421	13.66308714	0.0061665801
41422	13.676692300000001	0.0058438896
41423	13.690297459999998	0.0059904078
41424	13.703902609999998	0.0058264824
41425	13.71750777	0.0057929623
41426	13.73111293	0.0057404668999999995
41427	13.744718090000001	0.005854806
41428	13.758323249999998	0.0058622823
41429	13.77192841	0.0058543843
41430	13.78553357	0.005851823199999999
41431	13.79913872	0.0058874714
41432	13.812743880000001	0.0057955736
41433	13.826349039999998	0.0056739247
41434	13.8399542	0.0057901627
41435	13.85355936	0.0057459001
41436	13.867164520000001	0.0059733363
41437	13.880769679999998	0.005767155699999999
41438	13.894374829999999	0.0054992412
41439	13.90797999	0.0058845446
41440	13.92158515	0.0060977677
41441	13.935190310000001	0.0062904428000000005
41442	13.948795469999999	0.0062571397
41443	13.96240063	0.0062468095
41444	13.97600579	0.006397093
41445	14.003216100000001	0.006547960899999999
41446	14.016821259999999	0.0065550561
41447	14.03042642	0.0066507706000000005
41448	14.04403158	0.0067195627
41449	14.057636740000001	0.0068266106000000005
41450	14.071241899999999	0.0068117546
41451	14.084847049999999	0.0069862678
41452	14.09845221	0.0066700023
41453	14.11205737	0.006743214399999999
41454	14.125662530000001	0.0067351183
41455	14.139267689999999	0.0067764194
41456	14.15287285	0.0069463816
41457	14.16647801	0.007005546
41458	14.18008316	0.0068551414000000005
41459	14.193688320000001	0.0069133793
41460	14.207293479999999	0.0071486029
41461	14.22089864	0.007062235300000001
41462	14.2345038	0.0072616079000000005
41463	14.248108960000001	0.0073584348999999995
41464	14.261714119999999	0.0072131655
41465	14.28892443	0.0069821360999999995
41466	14.30252959	0.006916876800000001
41467	14.316134750000002	0.006593734499999999
41468	14.329739909999999	0.0066050323
41469	14.34334507	0.006545180699999999
41470	14.35695023	0.006418032299999999
41471	14.37055538	0.0064976402
41472	14.384160540000002	0.0061581859
41473	14.397765699999999	0.006221084
41474	14.41137086	0.0061776376
41475	14.42497602	0.0062584938
41476	14.438581180000002	0.006136859200000001
41477	14.452186339999999	0.0061240312
41478	14.4657915	0.0060305876
41479	14.47939665	0.0057097303
41480	14.49300181	0.005920940699999999
41481	14.506606969999998	0.0058974405
41482	14.520212129999999	0.0054739841
41483	14.53381729	0.0057318322
41484	14.547422450000001	0.005969912900000001
41485	14.561027609999998	0.0059446574
41486	14.574632759999998	0.0060051244999999994
41487	14.58823792	0.0061684732999999995
41488	14.60184308	0.006127003000000001
41489	14.615448240000001	0.0061408845999999994
41490	14.629053399999998	0.006165115400000001
41491	14.64265856	0.0061474524
41492	14.65626372	0.006268922099999999
41493	14.66986887	0.006328877199999999
41494	14.683474030000001	0.006321605300000001
41495	14.697079189999998	0.0065331522
41496	14.71068435	0.0064078343999999995
41497	14.72428951	0.0062773341
41498	14.737894670000001	0.0063554339000000005
41499	14.751499829999998	0.006334874599999999
41500	14.765104979999998	0.0064118735
41501	14.77871014	0.0062224267
41502	14.7923153	0.006249272199999999
41503	14.805920460000001	0.0061501149
41504	14.819525619999999	0.005978542900000001
41505	14.83313078	0.005970093199999999
41506	14.84673594	0.0060666109
41507	14.86034109	0.006072578100000001
41508	14.873946250000001	0.005951913499999999
41509	14.887551409999999	0.0059626474
41510	14.90115657	0.0059353094
41511	14.91476173	0.0058638153
41512	14.928366890000001	0.005928929
41513	14.941972049999999	0.005763739699999999
41514	14.955577199999999	0.0057543648999999995
41515	14.96918236	0.0058588789
41516	14.98278752	0.005842437
41517	14.996392680000001	0.005837333399999999
41518	15.009997839999999	0.0057814214
41519	15.023603	0.005785526700000001
41520	15.03720816	0.0057853206
41521	15.05081331	0.0057583745
41522	15.064418470000001	0.005642664300000001
41523	15.078023629999999	0.0057345597
41524	15.09162879	0.0057645485
41525	15.10523395	0.0057001993
41526	15.118839110000001	0.005772693299999999
41527	15.132444269999999	0.005842501
41528	15.146049419999999	0.0055522077
41529	15.15965458	0.005522385
41530	15.17325974	0.0055724419999999995
41531	15.186864900000002	0.0054536089
41532	15.200470059999999	0.0054331219
41533	15.21407522	0.0054564335
41534	15.22768038	0.005437064100000001
41535	15.24128553	0.0053922675
41536	15.254890690000002	0.0053224476
41537	15.268495849999999	0.0053716983
41538	15.28210101	0.0053736792
41539	15.29570617	0.005346490600000001
41540	15.309311330000002	0.005395631999999999
41541	15.322916489999999	0.005413368199999999
41542	15.336521639999999	0.005350160400000001
41543	15.3501268	0.0053764721
41544	15.36373196	0.0054026092
41545	15.377337120000002	0.0052891479
41546	15.390942279999999	0.0053619527
41547	15.40454744	0.0054143276
41548	15.4181526	0.0053951421999999995
41549	15.431757759999998	0.0054085161999999996
41550	15.445362909999998	0.0054921859
41551	15.45896807	0.005424713
41552	15.47257323	0.0054684631
41553	15.486178390000001	0.005574447
41554	15.499783549999998	0.005562816
41555	15.51338871	0.0055365412
41556	15.52699387	0.0055426105000000005
41557	15.54059902	0.0056939137
41558	15.554204180000001	0.0058176109
41559	15.567809339999998	0.005821398199999999
41560	15.5814145	0.0059392163
41561	15.59501966	0.0057896024
41562	15.608624820000001	0.005921481899999999
41563	15.622229979999998	0.0059245033999999995
41564	15.635835129999998	0.0059517832
41565	15.64944029	0.0058186609
41566	15.66304545	0.0060382571
41567	15.676650610000001	0.0059558604000000005
41568	15.690255769999998	0.0059443898
41569	15.70386093	0.0059972211
41570	15.71746609	0.0059329999
41571	15.73107124	0.0059090335999999995
41572	15.744676400000001	0.0057981298
41573	15.758281559999999	0.0058206874
41574	15.77188672	0.0058140179
41575	15.78549188	0.005826727800000001
41576	15.799097040000001	0.0057546078
41577	15.812702199999999	0.0057466462
41578	15.826307349999999	0.005726819
41579	15.83991251	0.0056600702
41580	15.85351767	0.0057142951
41581	15.867122830000001	0.0056455966
41582	15.880727989999999	0.005685412900000001
41583	15.89433315	0.0055849779
41584	15.90793831	0.0055836465
41585	15.92154346	0.0054086143000000005
41586	15.935148620000001	0.0054772677
41587	15.948753779999999	0.005510328
41588	15.96235894	0.0056540479000000005
41589	15.9759641	0.005608483
41590	15.989569260000001	0.0056570351
41591	16.00317442	0.005472560699999999
41592	16.016779569999997	0.0054948775
41593	16.03038473	0.005499478
41594	16.04398989	0.0055269570999999995
41595	16.057595050000003	0.0054076609
41596	16.07120021	0.0054726866
41597	16.084805369999998	0.0054997794999999995
41598	16.098410530000002	0.0055759173
41599	16.11201568	0.0054194833
41600	16.125620840000003	0.0054009928000000006
41601	16.139226	0.0054329342000000004
41602	16.152831159999998	0.0053913869
41603	16.166436320000003	0.005418170799999999
41604	16.18004148	0.0053968839
41605	16.193646639999997	0.0053596406999999995
41606	16.20725179	0.0054166455
41607	16.220856949999998	0.0053554554
41608	16.234462110000003	0.0052129003
41609	16.24806727	0.0052422669
41610	16.261672429999997	0.005156044
41611	16.27527759	0.0051508309
41612	16.28888275	0.0051698593
41613	16.302487900000003	0.0050489282
41614	16.31609306	0.0051917012
41615	16.329698219999997	0.0049842459999999995
41616	16.343303380000002	0.0050353959000000005
41617	16.35690854	0.005008297199999999
41618	16.370513699999997	0.0049529339
41619	16.38411886	0.005013724099999999
41620	16.39772402	0.0049947668
41621	16.411329170000002	0.0048484506
41622	16.42493433	0.0048940067
41623	16.438539489999997	0.0048528182
41624	16.45214465	0.0048668185
41625	16.46574981	0.0048563771
41626	16.479354970000003	0.0047798327
41627	16.49296013	0.0046245339
41628	16.506565279999997	0.0048163138
41629	16.52017044	0.0047893805
41630	16.5337756	0.0047588476
41631	16.547380760000003	0.004782821699999999
41632	16.56098592	0.0047784834
41633	16.574591079999998	0.004698835300000001
41634	16.588196240000002	0.0046455669
41635	16.60180139	0.0045909726
41636	16.615406550000003	0.00461798
41637	16.62901171	0.0045331116
41638	16.642616869999998	0.0045029011
41639	16.656222030000002	0.0046076304
41640	16.66982719	0.004597212
41641	16.683432349999997	0.0045610001
41642	16.6970375	0.0045247445
41643	16.710642659999998	0.0045185462
41644	16.724247820000002	0.0045222302
41645	16.73785298	0.0044644716
41646	16.751458139999997	0.0044490377
41647	16.7650633	0.0045642963
41648	16.77866846	0.0045445067
41649	16.792273610000002	0.0044883547
41650	16.80587877	0.0044777405
41651	16.819483929999997	0.0044852861
41652	16.83308909	0.0045340403
41653	16.84669425	0.0044641432
41654	16.860299410000003	0.0045016236999999995
41655	16.87390457	0.004552684
41656	16.887509719999997	0.0043858078000000005
41657	16.90111488	0.0044481634999999995
41658	16.91472004	0.0045451755
41659	16.928325200000003	0.0044960286
41660	16.94193036	0.0044466165
41661	16.955535519999998	0.0045333579
41662	16.969140680000002	0.0045722018
41663	16.98274583	0.0045394855999999996
41664	16.996350990000003	0.0045185933
41665	17.00995615	0.0044800511
41666	17.023561309999998	0.0053955701
41667	17.037166470000003	0.0045531812
41668	17.05077163	0.0046136304
41669	17.064376789999997	0.0046893651000000005
41670	17.07798194	0.0046908313
41671	17.091587099999998	0.0046053387
41672	17.105192260000003	0.004660285
41673	17.11879742	0.0047015386
41674	17.132402579999997	0.0047665232
41675	17.14600774	0.004757847
41676	17.1596129	0.0047939194
41677	17.173218050000003	0.004816323
41678	17.18682321	0.0047269569
41679	17.200428369999997	0.0047407994
41680	17.60858313	0.0048501499
41681	22.608478910000002	0.0025705694
41682	27.608374689999998	0.0020512553
41683	32.60827048	0.0014333520000000002
41684	37.608166260000004	0.0010160724
41685	42.60806204	0.0008135946
41686	47.60795782	0.00060789791
41687	52.60785361	0.00052032927
41688	57.60774939	0.00047294441
41689	62.607645170000005	0.00041709824999999995
41690	67.60754095	0.00035425677
41691	72.60743674	0.0002950553
41692	77.60733252	0.00024403376
41693	82.60722829999999	0.00020223369
41694	87.60712407999999	0.00016872946
41695	92.60701986999999	0.00014109836
41696	97.60691564999999	0.00011871338
41697	102.60681143	0.00010050414000000001
41698	107.60670721	8.556815e-05
41699	112.60660299999999	7.3182561e-05
41700	117.60649878	6.322768299999999e-05
41701	122.60639456	5.4379867e-05
41702	127.60629034	4.7209233999999995e-05
41703	132.60618613	4.1186196e-05
