csdata_id	e_energy	sigma
154683	13.26777923	0.0
154684	13.27863479	0.055520723
154685	13.3058451	0.098332389
154686	13.31945026	0.10208191
154687	13.33305542	0.078421989
154688	13.34666058	0.095958336
154689	13.36026574	0.091935702
154690	13.3738709	0.093028418
154691	13.38747605	0.10400586
154692	13.40108121	0.10959425
154693	13.41468637	0.11523927
154694	13.42829153	0.12139454
154695	13.44189669	0.12486988
154696	13.45550185	0.10463953
154697	13.46910701	0.10937517
154698	13.48271216	0.11192641
154699	13.49631732	0.11515426
154700	13.50992248	0.12048914
154701	13.52352764	0.10990639
154702	13.5371328	0.12497447
154703	13.55073796	0.13044405
154704	13.56434312	0.13694857
154705	13.57794827	0.14228861
154706	13.59155343	0.15096615
154707	13.60515859	0.15272085
154708	13.61876375	0.18160047
154709	13.63236891	0.17480014
154710	13.64597407	0.16327164
154711	13.65957923	0.15516168
154712	13.67318438	0.15249971
154713	13.7003947	0.1369334
154714	13.71399986	0.13601588
154715	13.75481534	0.075513487
154716	13.76842049	0.089497781
154717	13.78202565	0.14105883
154718	13.79563081	0.12146476
154719	13.80923597	0.10357497
154720	13.82284113	0.11224113
154721	13.83644629	0.12506282
154722	13.85005145	0.12820848
154723	13.8636566	0.13717527
154724	13.87726176	0.12488211
154725	13.89086692	0.12104465
154726	13.90447208	0.11580188
154727	13.91807724	0.12148358
154728	13.9316824	0.12912308
154729	13.94528756	0.13585399
154730	13.95889272	0.14691016
154731	13.97249787	0.17748155
154732	13.98610303	0.18185373
154733	13.99970819	0.22338944
154734	14.01331335	0.24345705
154735	14.02691851	0.24168996
154736	14.04052367	0.23620868
154737	14.05412883	0.23574101
154738	14.06773398	0.1706838
154739	14.08133914	0.17236695
154740	14.0949443	0.18375151
154741	14.10854946	0.25273972
154742	14.12215462	0.19063867
154743	14.13575978	0.19528481
154744	14.14936494	0.17293642
154745	14.16297009	0.15666493
154746	14.17657525	0.16907352
154747	14.19018041	0.16963024
154748	14.20378557	0.13713319
154749	14.21739073	0.13770309
154750	14.23099589	0.10951296
154751	14.24460105	0.090211969
154752	14.2582062	0.093819406
154753	14.27181136	0.082442868
154754	14.28541652	0.073416355
154755	14.29902168	0.076192018
154756	14.31262684	0.075735879
154757	14.326232	0.079849838
154758	14.33983716	0.084082422
154759	14.35344231	0.070012841
154760	14.36704747	0.052646228
154761	14.38065263	0.052676115
154762	14.39425779	0.052682922
154763	14.40786295	0.053598247
154764	14.42146811	0.060188035
154765	14.43507327	0.054215175
154766	14.44867842	0.052257485
154767	14.46228358	0.055202193
154768	14.47588874	0.047678887
154769	14.4894939	0.04935146
154770	14.50309906	0.056791236
154771	14.51670422	0.060646499
154772	14.53030938	0.077335592
154773	14.54391453	0.077432071
154774	14.55751969	0.059083223
154775	14.57112485	0.058691304
154776	14.58473001	0.066048982
154777	14.59833517	0.074856147
154778	14.61194033	0.073514516
154779	14.62554549	0.07344816
154780	14.63915064	0.071918151
154781	14.6527558	0.071123556
154782	14.66636096	0.076333344
154783	14.67996612	0.06682064
154784	14.69357128	0.061968018
154785	14.70717644	0.049816525
154786	14.7207816	0.045263311
154787	14.73438675	0.041674442
154788	14.74799191	0.045453715
154789	14.76159707	0.047372228
154790	14.77520223	0.058126193
154791	14.78880739	0.048887381
154792	14.80241255	0.050054867
154793	14.81601771	0.061544422
154794	14.82962286	0.046920076
154795	14.84322802	0.050388672
154796	14.85683318	0.041486172
154797	14.87043834	0.036504523
154798	14.8840435	0.035988902
154799	14.89764866	0.039034175
154800	14.91125382	0.050390597
154801	14.92485898	0.046446562
154802	14.93846413	0.046821106
154803	14.95206929	0.040314465
154804	14.96567445	0.038820206
154805	14.97927961	0.04210267
154806	14.99288477	0.041586043
154807	15.00648993	0.038934097
154808	15.02009509	0.048502829
154809	15.03370024	0.037805601
154810	15.0473054	0.039797384
154811	15.06091056	0.038133269
154812	15.07451572	0.038551855
154813	15.08812088	0.037129442
154814	15.10172604	0.03494099
154815	15.1153312	0.034838676
154816	15.12893635	0.035552408
154817	15.14254151	0.03797965
154818	15.15614667	0.036666402
154819	15.16975183	0.032760621
154820	15.18335699	0.032281711
154821	15.19696215	0.032030448
154822	15.21056731	0.030598888
154823	15.22417246	0.032628523
154824	15.23777762	0.036009965
154825	15.25138278	0.034483214
154826	15.26498794	0.037198993
154827	15.2785931	0.034592247
154828	15.29219826	0.030537384
154829	15.30580342	0.029785025
154830	15.31940857	0.030253294
154831	15.33301373	0.035560646
154832	15.34661889	0.033552014
154833	15.36022405	0.033515377
154834	15.37382921	0.031701728
154835	15.38743437	0.031667633
154836	15.40103953	0.031434486
154837	15.41464468	0.031333062
154838	15.42824984	0.029602932
154839	15.441855	0.024878644
154840	15.45546016	0.025947203
154841	15.46906532	0.029374369
154842	15.48267048	0.02558624
154843	15.50988079	0.024082596
154844	15.52348595	0.022122532
154845	15.53709111	0.023590086
154846	15.55069627	0.023520159
154847	15.56430143	0.021031204
154848	15.57790659	0.025360376
154849	15.59151175	0.024774817
154850	15.6051169	0.026666456
154851	15.61872206	0.032409654
154852	15.63232722	0.031323498
154853	15.64593238	0.025727475
154854	15.65953754	0.024400903
154855	15.6731427	0.025566113
154856	15.68674786	0.024051019
154857	15.70035301	0.023817157
154858	15.71395817	0.022909065
154859	15.72756333	0.027015383
154860	15.74116849	0.026524511
154861	15.75477365	0.026046453
154862	15.76837881	0.027180084
154863	15.78198397	0.02559897
154864	15.79558912	0.02425197
154865	15.80919428	0.02472225
154866	15.82279944	0.026722958
154867	15.8364046	0.026714467
154868	15.85000976	0.024819095
154869	15.86361492	0.023980502
154870	15.87722008	0.022112854
154871	15.89082524	0.025528682
154872	15.90443039	0.024585551
154873	15.91803555	0.022210807
154874	15.93164071	0.022572215
154875	15.94524587	0.022389183
154876	15.95885103	0.021907216
154877	15.97245619	0.019895536
154878	15.98606135	0.020080267
154879	15.9996665	0.019186593
154880	16.01327166	0.019687925
154881	16.02687682	0.020342136
154882	16.04048198	0.019087522
154883	16.05408714	0.018827567
154884	16.0676923	0.018455997
154885	16.08129746	0.017994528
154886	16.09490261	0.017611283
154887	16.10850777	0.016759948
154888	16.12211293	0.015907054
154889	16.13571809	0.016382574
154890	16.14932325	0.01618736
154891	16.16292841	0.017681086
154892	16.17653357	0.017866478
154893	16.19013872	0.018241757
154894	16.20374388	0.016761683
154895	16.21734904	0.016838469
154896	16.2309542	0.018154562
154897	16.24455936	0.018546206
154898	16.25816452	0.016782158
154899	16.27176968	0.017392273
154900	16.28537483	0.016406433
154901	16.29897999	0.015822509
154902	16.31258515	0.016692963
154903	16.32619031	0.017630082
154904	16.33979547	0.016733714
154905	16.35340063	0.017761711
154906	16.36700579	0.016564401
154907	16.3942161	0.017413374
154908	16.40782126	0.015904527
154909	16.42142642	0.015300789
154910	16.43503158	0.015372994
154911	16.44863674	0.01512369
154912	16.4622419	0.016229866
154913	16.47584705	0.015857286
154914	16.48945221	0.01548803
154915	16.50305737	0.015533066
154916	16.51666253	0.014558575
154917	16.53026769	0.014603592
154918	16.54387285	0.013921269
154919	16.55747801	0.016194364
154920	16.57108316	0.014865124
154921	16.58468832	0.014126813
154922	16.59829348	0.014928128
154923	16.61189864	0.013564755
154924	16.6255038	0.014095237
154925	16.63910896	0.01475457
154926	16.65271412	0.015030601
154927	16.67992443	0.013575477
154928	16.69352959	0.015006872
154929	16.70713475	0.016096898
154930	16.72073991	0.016705106
154931	16.73434507	0.016861723
154932	16.74795023	0.016683471
154933	16.76155538	0.014300229
154934	16.77516054	0.014919836
154935	16.7887657	0.014715565
154936	16.80237086	0.016215965
154937	16.81597602	0.014889518
154938	16.82958118	0.014925986
154939	16.84318634	0.015147428
154940	16.8567915	0.01563097
154941	16.87039665	0.014448988
154942	16.88400181	0.013956236
154943	16.89760697	0.014428063
154944	16.91121213	0.013749784
154945	16.92481729	0.013495087
154946	16.93842245	0.013555063
154947	16.95202761	0.013830367
154948	16.96563276	0.01346194
154949	16.97923792	0.014169356
154950	16.99284308	0.013619231
154951	17.00644824	0.013215119
154952	17.0200534	0.013304482
154953	17.03365856	0.013039342
154954	17.04726372	0.012894335
154955	17.06086887	0.014264973
154956	17.07447403	0.013768652
154957	17.08807919	0.013440372
154958	17.10168435	0.013192218
154959	17.11528951	0.013581589
154960	17.12889467	0.013869733
154961	17.14249983	0.013294392
154962	17.15610498	0.014146347
154963	17.16971014	0.014335254
154964	17.1833153	0.014125684
154965	17.19692046	0.013945647
154966	17.21052562	0.013805397
154967	17.22413078	0.012718035
154968	17.23773594	0.013316845
154969	17.25134109	0.013349135
154970	17.26494625	0.013970514
154971	17.27855141	0.013977517
154972	17.29215657	0.014418485
154973	17.30576173	0.014558525
154974	17.31936689	0.013092844
154975	17.33297205	0.014030377
154976	17.3465772	0.013977436
154977	17.36018236	0.013812164
154978	17.37378752	0.014400885
154979	17.38739268	0.014256574
154980	17.40099784	0.013591145
154981	17.414603	0.012654309
154982	17.42820816	0.012471438
154983	17.44181331	0.012754727
154984	17.45541847	0.013312997
154985	17.46902363	0.012948306
154986	17.48262879	0.012346559
154987	17.49623395	0.013174268
154988	17.50983911	0.012251568
154989	17.52344427	0.013973532
154990	17.53704942	0.013842012
154991	17.55065458	0.012907611
154992	17.56425974	0.01331329
154993	17.5778649	0.013302418
154994	17.59147006	0.012464476
154995	17.60507522	0.012374149
154996	17.61868038	0.012065266
154997	17.63228553	0.012682009
154998	17.64589069	0.012885715
154999	17.65949585	0.01271353
155000	17.67310101	0.012516618
155001	17.68670617	0.012222197
155002	17.70031133	0.012013395
155003	17.71391649	0.01140662
155004	17.72752164	0.011655476
155005	17.7411268	0.011649369
155006	17.75473196	0.011136032
155007	17.76833712	0.011289331
155008	17.78194228	0.011445858
155009	17.79554744	0.011122526
155010	17.8091526	0.01100797
155011	17.82275776	0.011117288
155012	17.83636291	0.01166046
155013	17.84996807	0.01171952
155014	17.86357323	0.011422576
155015	17.87717839	0.011596923
155016	17.89078355	0.01176346
155017	17.90438871	0.011158368
155018	17.91799387	0.010914034
155019	17.93159902	0.01196443
155020	17.94520418	0.011471944
155021	17.95880934	0.011597357
155022	17.9724145	0.010571362
155023	17.98601966	0.011139267
155024	17.99962482	0.011552929
155025	18.01322998	0.01116062
155026	18.02683513	0.011740291
155027	18.04044029	0.01195393
155028	18.05404545	0.012388887
155029	18.06765061	0.01218303
155030	18.08125577	0.012377778
155031	18.09486093	0.011667271
155032	18.10846609	0.011435825
155033	18.12207124	0.011859786
155034	18.1356764	0.010716728
155035	18.14928156	0.010627471
155036	18.16288672	0.010581311
155037	18.17649188	0.010759236
155038	18.19009704	0.010710651
155039	18.2037022	0.010844235
155040	18.21730735	0.010648072
155041	18.23091251	0.010442783
155042	18.24451767	0.010435412
155043	18.25812283	0.010394103
155044	18.27172799	0.010146217
155045	18.28533315	0.010054384
155046	18.29893831	0.0099323153
155047	18.31254346	0.0092910053
155048	18.32614862	0.0097810917
155049	18.33975378	0.0096928708
155050	18.35335894	0.009618407
155051	18.3669641	0.0096277073
155052	18.38056926	0.0095867649
155053	18.39417442	0.0098879583
155054	18.40777957	0.0097360166
155055	18.42138473	0.0099935207
155056	18.43498989	0.010390631
155057	18.44859505	0.010013025
155058	18.46220021	0.0099427299
155059	18.47580537	0.010027218
155060	18.48941053	0.010298463
155061	18.50301568	0.010553906
155062	18.51662084	0.010530747
155063	18.530226	0.0099423752
155064	18.54383116	0.009887108
155065	18.55743632	0.0099741001
155066	18.57104148	0.01065339
155067	18.58464664	0.010269641
155068	18.59825179	0.011068457
155069	18.61185695	0.010579792
155070	18.62546211	0.010825035
155071	18.63906727	0.01053774
155072	18.65267243	0.0099941993
155073	18.66627759	0.010152118
155074	18.67988275	0.010172635
155075	18.6934879	0.010127223
155076	18.70709306	0.1467365
155077	18.72069822	0.010277744
155078	18.73430338	0.010593186
155079	18.74790854	0.010161457
155080	18.7615137	0.0095678657
155081	18.77511886	0.010134961
155082	18.78872402	0.0099567115
155083	18.80232917	0.010210234
155084	18.81593433	0.026666656
155085	18.82953949	0.0099424179
155086	18.84314465	0.0095670747
155087	18.85674981	0.0099022389
155088	18.87035497	0.0095552421
155089	18.88396013	0.01006743
155090	18.89756528	0.010218107
155091	18.91117044	0.0096760128
155092	18.9247756	0.0099495233
155093	18.93838076	0.010365917
155094	18.95198592	0.010042794
155095	18.96559108	0.0099048218
155096	18.97919624	0.010333384
155097	18.99280139	0.010156763
155098	19.00640655	0.010077488
155099	19.02001171	0.010382457
155100	19.03361687	0.010578126
155101	19.04722203	0.01005818
155102	19.06082719	0.010023702
155103	19.07443235	0.0094279038
155104	19.0880375	0.010253559
155105	19.10164266	0.0099462617
155106	19.11524782	0.0099107285
155107	19.12885298	0.0094767019
155108	19.14245814	0.0095937688
155109	19.1560633	0.0095513179
155110	19.16966846	0.0095030435
155111	19.18327361	0.0094230556
155112	19.19687877	0.0094318126
155113	19.21048393	0.0096017752
155114	19.22408909	0.0092081256
155115	19.23769425	0.0092417543
155116	19.25129941	0.0090173488
155117	19.26490457	0.0089087118
155118	19.27850972	0.0089110455
155119	19.29211488	0.0088320283
155120	19.30572004	0.0089170678
155121	19.3193252	0.0087039715
155122	19.33293036	0.0087127093
155123	19.34653552	0.008384919
155124	19.36014068	0.0083722369
155125	19.37374583	0.0083652557
155126	19.38735099	0.0082667987
155127	19.40095615	0.0083509012
155128	19.41456131	0.019358857
155129	19.42816647	0.0083861258
155130	19.44177163	0.0081552578
155131	19.45537679	0.0081484758
155132	19.46898194	0.0081837706
155133	19.4825871	0.0081856805
155134	19.49619226	0.0081502591
155135	19.50979742	0.0081324455
155136	19.52340258	0.033465617
155137	19.53700774	0.0080318752
155138	19.5506129	0.0082591719
155139	19.56421805	0.0080697153
155140	19.57782321	0.0078343453
155141	19.59142837	0.0077344298
155142	19.99958313	0.028622391
155143	24.99947891	0.0039746666
155144	29.99937469	0.0022443751
155145	34.99927048	0.0015051984
155146	39.99916626	0.0010454427
155147	44.99906204	0.00074826986
155148	49.99895782	0.00054509347
155149	54.99885361	0.00040016995
155150	59.99874939	0.00030819223
155151	64.99864517	0.00023453675
155152	69.99854095	0.00017996429
155153	74.99843674	0.00013928254
155154	79.99833252	0.0001085161
155155	84.9982283	8.4744921e-05
155156	89.99812408	6.7171103e-05
155157	94.99801987	5.3537775e-05
155158	99.99791565	4.2959037e-05
155159	104.99781143	3.4762858e-05
155160	109.99770721	2.8361408e-05
155161	114.997603	2.3195189e-05
155162	119.99749878	1.904556e-05
155163	124.99739456	1.5894323e-05
155164	129.99729034	1.330892e-05
155165	134.99718613	1.1194975e-05
