csdata_id	e_energy	sigma
82689	2.46827609	0.0
82690	2.477424469999999	0.068388856
82691	2.49102963	0.09642458
82692	2.504634789999999	0.19702265
82693	2.5318451	0.30377204
82694	2.545450259999999	0.36031082
82695	2.55905542	0.30659963
82696	2.572660579999999	0.37730194
82697	2.586265739999998	0.46266686
82698	2.599870899999999	0.53852608
82699	2.613476049999999	0.573107
82700	2.6270812099999983	0.61077307
82701	2.640686369999999	0.66842081
82702	2.6542915299999983	0.42226463
82703	2.667896689999999	0.45041376
82704	2.6815018499999983	0.50218989
82705	2.695107009999999	0.53832312
82706	2.7087121599999993	0.60906184
82707	2.7223173199999984	0.65495769
82708	2.7359224799999993	0.70788055
82709	2.7495276399999984	0.77172731
82710	2.7631327999999993	0.83229052
82711	2.7767379599999984	0.84913476
82712	2.7903431199999993	0.92560644
82713	2.8039482699999994	0.96717837
82714	2.8175534299999985	1.0242111999999999
82715	2.8311585899999994	1.0666025
82716	2.8447637499999985	1.1073540000000002
82717	2.8583689099999994	1.053359
82718	2.8719740699999985	0.93526891
82719	2.8855792299999994	0.85910369
82720	2.8991843799999995	0.76713264
82721	2.9263946999999995	1.0135046
82722	2.9399998599999986	1.0810207
82723	2.9808153399999995	0.69454015
82724	2.9944204899999995	0.74564633
82725	3.0080256499999987	0.76684423
82726	3.0216308099999996	0.67367845
82727	3.0352359699999987	0.58396503
82728	3.0488411299999996	0.57836966
82729	3.0624462899999987	0.57733011
82730	3.0760514499999996	0.57905088
82731	3.0896565999999996	0.562177
82732	3.1032617599999988	0.56760528
82733	3.1168669199999997	0.64646624
82734	3.1304720799999988	0.63868504
82735	3.1440772399999997	0.72261493
82736	3.157682399999999	0.67904139
82737	3.1712875599999997	0.69166864
82738	3.184892719999999	0.72852566
82739	3.198497869999999	0.66668195
82740	3.2121030299999997	0.7183313
82741	3.225708189999999	0.71917201
82742	3.2393133499999998	0.81463279
82743	3.252918509999999	0.78277703
82744	3.2665236699999998	0.79391651
82745	3.280128829999999	0.79571321
82746	3.293733979999999	0.83403033
82747	3.30733914	0.84097067
82748	3.320944299999999	0.82977192
82749	3.33454946	0.8084151
82750	3.348154619999999	0.79366482
82751	3.36175978	0.75220663
82752	3.375364939999999	0.71600619
82753	3.388970089999999	0.62672883
82754	3.40257525	0.62631215
82755	3.416180409999999	0.63476458
82756	3.42978557	0.61303039
82757	3.443390729999999	0.63232256
82758	3.45699589	0.61070902
82759	3.470601049999999	0.58577466
82760	3.484206199999999	0.5784795
82761	3.4978113599999983	0.55163123
82762	3.511416519999999	0.55220244
82763	3.5250216799999983	0.53435748
82764	3.538626839999999	0.48556163
82765	3.5522319999999983	0.42963565
82766	3.565837159999999	0.39267053
82767	3.5794423099999992	0.43250345
82768	3.5930474699999984	0.4317315
82769	3.6066526299999992	0.47408563
82770	3.6202577899999984	0.47606373
82771	3.6338629499999993	0.49545478
82772	3.6474681099999984	0.48220545
82773	3.6610732699999993	0.48678016
82774	3.6746784199999993	0.48413982
82775	3.6882835799999985	0.46019322
82776	3.7018887399999993	0.45685624
82777	3.7154938999999985	0.45870326
82778	3.7290990599999994	0.45140133
82779	3.7427042199999985	0.45534011
82780	3.7563093799999994	0.44787649
82781	3.7699145299999994	0.46862856
82782	3.7835196899999985	0.49808855
82783	3.7971248499999994	0.48832569
82784	3.8107300099999986	0.50012146
82785	3.8243351699999995	0.49689791
82786	3.8379403299999986	0.50966721
82787	3.8515454899999995	0.48063947
82788	3.8651506399999995	0.47642453
82789	3.8787557999999986	0.46585924
82790	3.8923609599999995	0.46694845
82791	3.9059661199999987	0.4597472
82792	3.9195712799999995	0.47592548
82793	3.9331764399999987	0.48936796
82794	3.9467815999999996	0.50475707
82795	3.9603867499999996	0.50044174
82796	3.9739919099999987	0.5025138
82797	3.9875970699999996	0.51663388
82798	4.001202229999999	0.5345408
82799	4.01480739	0.52603533
82800	4.028412549999999	0.49314485
82801	4.04201771	0.49616868
82802	4.05562286	0.50724721
82803	4.069228019999999	0.50546013
82804	4.08283318	0.50400123
82805	4.096438339999999	0.50843802
82806	4.1100435	0.51060334
82807	4.123648659999999	0.51373584
82808	4.13725382	0.49970018
82809	4.150858979999999	0.47698383
82810	4.164464129999999	0.48786613
82811	4.17806929	0.49567124
82812	4.191674449999999	0.48962485
82813	4.20527961	0.4773909
82814	4.218884769999999	0.45819002
82815	4.23248993	0.45803401
82816	4.246095089999999	0.42898138
82817	4.259700239999999	0.43059481
82818	4.2733054	0.43524765
82819	4.286910559999999	0.42757243
82820	4.30051572	0.41155732
82821	4.314120879999999	0.40463667
82822	4.32772604	0.41222742
82823	4.341331199999999	0.39757028
82824	4.354936349999999	0.39546593
82825	4.368541509999998	0.37173689
82826	4.382146669999999	0.35883444
82827	4.395751829999998	0.34092461
82828	4.409356989999999	0.32348707
82829	4.422962149999998	0.30947449
82830	4.436567309999999	0.29653262
82831	4.450172459999999	0.29235488
82832	4.463777619999998	0.28344685
82833	4.477382779999999	0.27484492
82834	4.490987939999998	0.27080279
82835	4.504593099999999	0.27327931
82836	4.518198259999998	0.263821
82837	4.531803419999999	0.25832366
82838	4.545408569999999	0.27247459
82839	4.559013729999998	0.2752481
82840	4.572618889999999	0.28021764
82841	4.586224049999998	0.2894073
82842	4.599829209999999	0.30381042
82843	4.6134343699999985	0.29970548
82844	4.627039529999999	0.29607161
82845	4.640644679999999	0.29946193
82846	4.6542498399999985	0.29259771
82847	4.667854999999999	0.28967194
82848	4.6814601599999985	0.29312743
82849	4.695065319999999	0.29025253
82850	4.7086704799999985	0.28627251
82851	4.7358807899999995	0.28020064
82852	4.749485949999999	0.2792948
82853	4.7630911099999995	0.28729857
82854	4.776696269999999	0.28502482
82855	4.7903014299999995	0.28756204
82856	4.803906589999999	0.27950772
82857	4.8175117499999995	0.28474451
82858	4.8311169	0.28985651
82859	4.844722059999999	0.29106197
82860	4.85832722	0.30021653
82861	4.871932379999999	0.30947723
82862	4.88553754	0.30848569
82863	4.899142699999999	0.31023737
82864	4.91274786	0.31081241
82865	4.92635301	0.30397316
82866	4.939958169999999	0.30113495
82867	4.95356333	0.29994757
82868	4.967168489999999	0.29848875
82869	4.98077365	0.29825356
82870	4.994378809999999	0.29932172
82871	5.00798397	0.30170908
82872	5.02158912	0.2932928
82873	5.035194279999999	0.30238605
82874	5.04879944	0.30023369
82875	5.062404599999999	0.29582444
82876	5.07600976	0.2941613
82877	5.089614919999999	0.29056935
82878	5.10322008	0.28553834
82879	5.116825239999999	0.28136012
82880	5.130430389999999	0.28251755
82881	5.14403555	0.27730724
82882	5.157640709999999	0.28003917
82883	5.17124587	0.27503322
82884	5.184851029999999	0.28325263
82885	5.19845619	0.27971444
82886	5.212061349999999	0.27747503
82887	5.225666499999999	0.26829842
82888	5.23927166	0.26288521
82889	5.252876819999997	0.25700932
82890	5.266481979999998	0.25172174
82891	5.280087139999999	0.25282769
82892	5.2936923	0.24651583
82893	5.307297459999997	0.24098127
82894	5.320902609999997	0.23671916
82895	5.334507769999998	0.23589014
82896	5.348112929999999	0.2320879
82897	5.36171809	0.22723061
82898	5.375323249999997	0.22211335
82899	5.388928409999998	0.21719683
82900	5.402533569999999	0.2147598
82901	5.416138719999999	0.2110509
82902	5.42974388	0.21343385
82903	5.4433490399999975	0.20719196
82904	5.456954199999998	0.18993796
82905	5.470559359999999	0.18619769
82906	5.48416452	0.18089731
82907	5.4977696799999975	0.17765537
82908	5.511374829999998	0.17597063
82909	5.5249799899999985	0.16896167
82910	5.538585149999999	0.16914068
82911	5.55219031	0.16729628
82912	5.565795469999998	0.16561399
82913	5.5794006299999985	0.16126299
82914	5.593005789999999	0.16107784
82915	5.6202161	0.16127496
82916	5.633821259999998	0.16143799
82917	5.647426419999999	0.15699813
82918	5.6610315799999995	0.15878632
82919	5.67463674	0.16191591
82920	5.688241899999998	0.16403862
82921	5.701847049999998	0.16536362
82922	5.715452209999999	0.16217335
82923	5.72905737	0.15998084
82924	5.7426625300000005	0.15805947
82925	5.756267689999998	0.15911548
82926	5.769872849999999	0.15372135
82927	5.78347801	0.16028857
82928	5.79708316	0.15437398
82929	5.810688320000001	0.15450397
82930	5.824293479999998	0.1564349
82931	5.837898639999999	0.15949327
82932	5.8515038	0.16435839
82933	5.865108960000001	0.17103938
82934	5.878714119999998	0.17551717
82935	5.905924429999999	0.18136796
82936	5.91952959	0.18212477
82937	5.933134750000001	0.18401381
82938	5.946739909999998	0.1766073
82939	5.960345069999999	0.1760471
82940	5.97395023	0.17173861
82941	5.98755538	0.17210554
82942	6.001160540000001	0.17266996
82943	6.014765699999998	0.16867891
82944	6.028370859999999	0.16710025
82945	6.04197602	0.16770883
82946	6.055581180000001	0.16474131
82947	6.069186339999998	0.16896096
82948	6.082791499999999	0.16350391
82949	6.096396649999999	0.16141337
82950	6.11000181	0.17261678
82951	6.123606969999997	0.17144741
82952	6.137212129999998	0.1689145
82953	6.150817289999999	0.16861346
82954	6.16442245	0.16775564
82955	6.178027609999997	0.16797694
82956	6.191632759999997	0.16625581
82957	6.205237919999998	0.16758905
82958	6.218843079999999	0.16389587
82959	6.23244824	0.16442317
82960	6.246053399999997	0.16371605
82961	6.259658559999998	0.16172046
82962	6.273263719999999	0.15946297
82963	6.286868869999999	0.16047284
82964	6.30047403	0.16016618
82965	6.3140791899999975	0.16039702
82966	6.327684349999998	0.16151606
82967	6.341289509999999	0.16168841
82968	6.35489467	0.16250463
82969	6.3684998299999975	0.1620029
82970	6.382104979999998	0.15623058
82971	6.3957101399999985	0.15256151
82972	6.409315299999999	0.15473348
82973	6.42292046	0.14909695
82974	6.436525619999998	0.15236147
82975	6.4501307799999985	0.14696436
82976	6.463735939999999	0.1452557
82977	6.4773410899999995	0.14711122
82978	6.49094625	0.14448518
82979	6.504551409999998	0.14541326
82980	6.518156569999999	0.13708434
82981	6.5317617299999995	0.13716729
82982	6.54536689	0.13620837
82983	6.558972049999998	0.13522288
82984	6.572577199999998	0.13413583
82985	6.586182359999999	0.12981634
82986	6.59978752	0.12867672
82987	6.6133926800000005	0.12663218
82988	6.626997839999998	0.12278021
82989	6.640602999999999	0.12195877
82990	6.65420816	0.11919648
82991	6.66781331	0.1183011
82992	6.6814184700000006	0.11783566
82993	6.695023629999998	0.11627244
82994	6.708628789999999	0.11729719
82995	6.72223395	0.1140105
82996	6.735839110000001	0.11585159
82997	6.749444269999998	0.11365238
82998	6.763049419999998	0.10809759
82999	6.776654579999999	0.1050411
83000	6.79025974	0.10374766
83001	6.803864900000001	0.10177119
83002	6.817470059999998	0.10129969
83003	6.831075219999999	0.099915804
83004	6.84468038	0.097236774
83005	6.85828553	0.093935836
83006	6.871890690000001	0.09652447
83007	6.885495849999998	0.093228464
83008	6.899101009999999	0.09149558
83009	6.91270617	0.090766322
83010	6.926311330000001	0.090015821
83011	6.939916489999998	0.088683995
83012	6.953521639999998	0.090365344
83013	6.967126799999999	0.089662627
83014	6.98073196	0.089590529
83015	6.994337120000001	0.08960197199999999
83016	7.007942279999998	0.08874452599999999
83017	7.021547439999999	0.087773209
83018	7.0351526	0.08861416800000001
83019	7.048757759999997	0.087747997
83020	7.062362909999997	0.089419789
83021	7.075968069999998	0.087656535
83022	7.089573229999999	0.087569997
83023	7.10317839	0.087437575
83024	7.116783549999997	0.090541742
83025	7.130388709999998	0.08991846199999999
83026	7.143993869999999	0.091164009
83027	7.157599019999999	0.091863327
83028	7.17120418	0.0935475
83029	7.1848093399999975	0.09554971300000001
83030	7.198414499999998	0.09747987
83031	7.212019659999999	0.092748082
83032	7.22562482	0.093640284
83033	7.2392299799999975	0.093500914
83034	7.252835129999998	0.092816959
83035	7.2664402899999985	0.093288146
83036	7.280045449999999	0.093140921
83037	7.29365061	0.09242564699999999
83038	7.307255769999998	0.091904308
83039	7.3208609299999985	0.09075415
83040	7.334466089999999	0.09035387199999999
83041	7.3480712399999994	0.08887937300000001
83042	7.3616764	0.08930999699999999
83043	7.375281559999998	0.091174257
83044	7.388886719999999	0.089787102
83045	7.4024918799999995	0.09043405300000001
83046	7.41609704	0.090209766
83047	7.429702199999998	0.09197719
83048	7.443307349999998	0.09309086
83049	7.456912509999999	0.09419020800000001
83050	7.4705176699999996	0.09692373800000001
83051	7.4841228300000004	0.097317843
83052	7.497727989999998	0.10000174
83053	7.511333149999999	0.098119471
83054	7.52493831	0.096918586
83055	7.53854346	0.09628447
83056	7.5521486200000005	0.093013515
83057	7.565753779999998	0.09358239800000001
83058	7.579358939999999	0.09319412099999999
83059	7.5929641	0.093069406
83060	7.6065692600000006	0.09245846
83061	7.620174419999998	0.090639013
83062	7.633779569999998	0.090691066
83063	7.647384729999999	0.088140778
83064	7.66098989	0.08437022300000001
83065	7.674595050000001	0.084264529
83066	7.688200209999998	0.082989938
83067	7.701805369999999	0.079837073
83068	7.71541053	0.081863005
83069	7.72901568	0.078689637
83070	7.742620840000001	0.078483439
83071	7.756225999999998	0.078010888
83072	7.769831159999999	0.079647791
83073	7.78343632	0.07753779599999999
83074	7.797041480000001	0.074529322
83075	7.810646639999998	0.075852132
83076	7.824251789999998	0.075829043
83077	7.837856949999999	0.075992266
83078	7.85146211	0.076742175
83079	7.865067270000001	0.076463975
83080	7.878672429999998	0.074560768
83081	7.892277589999999	0.073058817
83082	7.90588275	0.07324447
83083	7.9194879	0.07408814400000001
83084	7.933093059999997	2.2712733
83085	7.946698219999998	0.07252275
83086	7.960303379999999	0.071452433
83087	7.97390854	0.07279914400000001
83088	7.987513699999997	0.07207211200000001
83089	8.001118859999998	0.072715465
83090	8.01472402	0.070748366
83091	8.02832917	0.069691513
83092	8.04193433	0.071071205
83093	8.055539489999997	0.067662569
83094	8.069144649999998	0.067328551
83095	8.08274981	0.06711381200000001
83096	8.09635497	0.06609746700000001
83097	8.109960129999997	0.063319772
83098	8.123565279999998	0.06360529
83099	8.137170439999998	0.062289113
83100	8.1507756	0.061988300999999996
83101	8.16438076	0.062467749
83102	8.177985919999998	0.062424802
83103	8.191591079999998	0.061460525
83104	8.20519624	0.062983865
83105	8.21880139	0.06067899
83106	8.23240655	0.060668534
83107	8.246011709999998	0.060549583
83108	8.259616869999999	0.059619529000000004
83109	8.27322203	0.059497417000000004
83110	8.28682719	0.06001046
83111	8.300432349999998	0.05942539
83112	8.314037499999998	0.058170432
83113	8.327642659999999	0.058517732
83114	8.34124782	0.058555224
83115	8.35485298	0.057776953
83116	8.368458139999998	0.05603309099999999
83117	8.382063299999999	0.056277075
83118	8.39566846	0.05612142
83119	8.40927361	0.055803139
83120	8.42287877	0.05494904900000001
83121	8.436483929999998	0.05417149
83122	8.450089089999999	0.053773388
83123	8.46369425	0.053411374000000005
83124	8.47729941	0.053653529000000005
83125	8.490904569999998	0.052843755
83126	8.504509719999998	0.0525721
83127	8.518114879999999	0.05249314
83128	8.53172004	0.052244545
83129	8.5453252	0.052575138
83130	8.558930359999998	0.052091596
83131	8.572535519999999	0.051577229
83132	8.58614068	0.051254124000000005
83133	8.59974583	0.05135432
83134	8.61335099	0.05258811099999999
83135	8.626956149999998	0.050717411
83136	8.640561309999999	0.23643972
83137	8.65416647	0.051522505
83138	8.66777163	0.051072524
83139	8.681376789999998	0.050572273
83140	8.694981939999998	0.050523847999999996
83141	8.708587099999999	0.050003889
83142	8.72219226	0.05032635
83143	8.73579742	0.050572430999999994
83144	8.749402579999998	0.05509198
83145	8.763007739999999	0.049074173
83146	8.7766129	0.048335490999999994
83147	8.79021805	0.048613667
83148	8.803823209999997	0.048078052
83149	8.817428369999998	0.047820460999999995
83150	9.22558313	0.056098498
83151	14.22547891	0.012878924
83152	19.22537469	0.0068638636
83153	24.22527048	0.003975935900000001
83154	29.22516626	0.0029539469
83155	34.22506204	0.0022763317999999998
83156	39.22495782	0.0017026269
83157	44.22485361	0.0012464613
83158	49.22474939	0.0009189700500000001
83159	54.22464517	0.00066174079
83160	59.224540950000005	0.00047478863
83161	64.22443674	0.00034242155
83162	69.22433252	0.00024882057
83163	74.2242283	0.00017922717
83164	79.22412408	0.00013520964
83165	84.22401986999999	0.00010131193000000002
83166	89.22391565	7.6713216e-05
83167	94.22381143	5.8642880999999995e-05
83168	99.22370721	4.5150741e-05
83169	104.223603	3.5251541000000005e-05
83170	109.22349878	2.7779623e-05
83171	114.22339456	2.1929575e-05
83172	119.22329034	1.7535425e-05
83173	124.22318612999999	1.4098746e-05
