csdata_id	e_energy	sigma
44735	10.63026328	0.0
44736	10.64274193	0.00098773375
44737	10.65634709	0.0014764257
44738	10.66995225	0.0019167636
44739	10.68355741	0.0020268684
44740	10.69716257	0.002056319
44741	10.71076772	0.0021495389
44742	10.72437288	0.0025802538
44743	10.73797804	0.0025818823000000003
44744	10.7515832	0.0025885594
44745	10.76518836	0.0025774248000000003
44746	10.77879352	0.0025612194
44747	10.79239868	0.0025671583
44748	10.80600383	0.0025236110000000003
44749	10.81960899	0.0026250895000000003
44750	10.83321415	0.0026440748
44751	10.84681931	0.0027340499
44752	10.86042447	0.0025948001
44753	10.87402963	0.00255116
44754	10.88763479	0.0025223315
44755	10.9148451	0.0020434092
44756	10.92845026	0.0019982688
44757	10.94205542	0.0022571703
44758	10.95566058	0.0024726232000000003
44759	10.969265739999999	0.0025234499
44760	10.9828709	0.0025620892
44761	10.99647605	0.0026446796000000002
44762	11.01008121	0.0026890116999999996
44763	11.02368637	0.0026960202
44764	11.03729153	0.0026729379999999997
44765	11.05089669	0.0027004257
44766	11.06450185	0.002726568
44767	11.07810701	0.0027931869
44768	11.09171216	0.0028352321
44769	11.10531732	0.0028719618
44770	11.11892248	0.0029365994
44771	11.13252764	0.0028818555999999998
44772	11.1461328	0.003460418
44773	11.15973796	0.0041254162
44774	11.17334312	0.0042765274
44775	11.18694827	0.003418001
44776	11.20055343	0.0030571234000000003
44777	11.21415859	0.0030628558
44778	11.22776375	0.0030554665000000003
44779	11.24136891	0.0030857504999999997
44780	11.25497407	0.0030145544
44781	11.26857923	0.003295168
44782	11.28218438	0.0033584545
44783	11.3093947	0.0034811451
44784	11.32299986	0.0033106758
44785	11.36381534	0.0022312770000000003
44786	11.37742049	0.0020961398
44787	11.39102565	0.0019683523999999997
44788	11.40463081	0.0020578588
44789	11.41823597	0.0021438455
44790	11.43184113	0.0022726445
44791	11.44544629	0.0022759273999999998
44792	11.45905145	0.002403624
44793	11.4726566	0.0024661743
44794	11.48626176	0.0024775226
44795	11.49986692	0.0022953527
44796	11.51347208	0.002341136
44797	11.52707724	0.0024123564
44798	11.5406824	0.0024929435000000002
44799	11.55428756	0.002512402
44800	11.56789272	0.0025857102
44801	11.58149787	0.0027678781
44802	11.59510303	0.0030064537
44803	11.60870819	0.0030584881
44804	11.62231335	0.0027636876
44805	11.63591851	0.0028226336
44806	11.64952367	0.0028763937
44807	11.66312883	0.0029818028000000002
44808	11.67673398	0.0030747693
44809	11.69033914	0.0029910896999999995
44810	11.7039443	0.0028819424
44811	11.71754946	0.0031039058
44812	11.73115462	0.0027923432
44813	11.74475978	0.0028125867
44814	11.75836494	0.0027361733000000003
44815	11.77197009	0.0029049085999999997
44816	11.78557525	0.0028737628000000005
44817	11.79918041	0.0026456979999999997
44818	11.81278557	0.0026927983000000003
44819	11.82639073	0.0027885383000000002
44820	11.83999589	0.0026757519
44821	11.85360105	0.0025791414
44822	11.8672062	0.0024771027
44823	11.88081136	0.0024066175
44824	11.89441652	0.0024465785
44825	11.90802168	0.0025201129
44826	11.92162684	0.0024277101
44827	11.935232	0.0024012648
44828	11.94883716	0.0023235401000000003
44829	11.96244231	0.0022605936999999998
44830	11.97604747	0.0022548154
44831	11.98965263	0.0022583379
44832	12.00325779	0.0022467723000000003
44833	12.01686295	0.0022760942000000003
44834	12.03046811	0.002014522
44835	12.04407327	0.0019406784
44836	12.05767842	0.0018864099
44837	12.07128358	0.0018138209
44838	12.08488874	0.0017783714
44839	12.0984939	0.0018077154999999998
44840	12.11209906	0.0018604392999999999
44841	12.12570422	0.0018677258999999999
44842	12.13930938	0.0019702821
44843	12.15291453	0.0020905685
44844	12.16651969	0.0019877333
44845	12.18012485	0.0020121361
44846	12.19373001	0.0021162979
44847	12.20733517	0.0022786703
44848	12.22094033	0.0024014139
44849	12.23454549	0.0024344495999999998
44850	12.24815064	0.0024625259
44851	12.2617558	0.0023689553
44852	12.27536096	0.0025268486999999997
44853	12.28896612	0.0024007574
44854	12.30257128	0.0024047448999999998
44855	12.31617644	0.0024241702
44856	12.3297816	0.0025691398
44857	12.34338675	0.0024599258
44858	12.35699191	0.0025164259
44859	12.37059707	0.0024968279
44860	12.38420223	0.0025473697
44861	12.39780739	0.0026266401
44862	12.41141255	0.0026593894
44863	12.42501771	0.0026774598
44864	12.43862286	0.0026942297999999996
44865	12.45222802	0.0026268765999999995
44866	12.46583318	0.0026094346
44867	12.47943834	0.0026220147999999996
44868	12.4930435	0.0025067301
44869	12.50664866	0.0025254771
44870	12.52025382	0.0024821455
44871	12.53385898	0.0025452372
44872	12.54746413	0.0025492317999999997
44873	12.56106929	0.0026174246
44874	12.57467445	0.0026194109
44875	12.58827961	0.0025112266
44876	12.60188477	0.0025491917
44877	12.61548993	0.0025421675
44878	12.62909509	0.0024366791000000002
44879	12.64270024	0.002424963
44880	12.6563054	0.0023578164
44881	12.66991056	0.0024280814
44882	12.68351572	0.0023953687
44883	12.69712088	0.0024076469
44884	12.71072604	0.0023678591
44885	12.7243312	0.0023985965
44886	12.73793635	0.0023036578
44887	12.75154151	0.0023401724
44888	12.76514667	0.0023352056
44889	12.77875183	0.0023254934
44890	12.79235699	0.0023569047
44891	12.80596215	0.0023582678
44892	12.81956731	0.0023707192
44893	12.83317246	0.0022872372
44894	12.84677762	0.0022862909
44895	12.86038278	0.0022902117999999997
44896	12.87398794	0.0023249747
44897	12.8875931	0.0023090420000000003
44898	12.90119826	0.0023606488
44899	12.91480342	0.0023709796
44900	12.92840857	0.0023473112
44901	12.94201373	0.0023567212
44902	12.95561889	0.0024098397
44903	12.96922405	0.0023236626
44904	12.98282921	0.0022992043
44905	12.99643437	0.0023576482
44906	13.01003953	0.0023781992
44907	13.02364468	0.0023867814000000003
44908	13.03724984	0.0023748264999999998
44909	13.050855	0.0024757637
44910	13.06446016	0.0024642689000000002
44911	13.07806532	0.0024864656
44912	13.09167048	0.0025348798999999997
44913	13.11888079	0.0023965294
44914	13.13248595	0.0024627721
44915	13.14609111	0.0024461513000000002
44916	13.15969627	0.0025075864999999998
44917	13.17330143	0.0025836242999999997
44918	13.18690659	0.0025439127
44919	13.20051175	0.0025718322
44920	13.2141169	0.0026325941
44921	13.22772206	0.0025349003
44922	13.24132722	0.0024949848000000003
44923	13.25493238	0.0025416518
44924	13.26853754	0.0025891152
44925	13.2821427	0.0025720929
44926	13.29574786	0.0025544842
44927	13.30935301	0.0025845186
44928	13.32295817	0.0025365538000000003
44929	13.33656333	0.0026137204
44930	13.35016849	0.0027098918
44931	13.36377365	0.0028216070000000003
44932	13.37737881	0.0027990419
44933	13.39098397	0.0027736451
44934	13.40458912	0.0029248215000000004
44935	13.41819428	0.0028113909000000003
44936	13.43179944	0.0028178953999999997
44937	13.4454046	0.0028489733
44938	13.45900976	0.0027711221999999996
44939	13.47261492	0.002853142
44940	13.48622008	0.0027242636
44941	13.49982524	0.003050604
44942	13.51343039	0.0027484034999999997
44943	13.52703555	0.0026973534
44944	13.54064071	0.0027850465000000004
44945	13.55424587	0.0027501640000000003
44946	13.56785103	0.0027312382
44947	13.58145619	0.0027169246
44948	13.59506135	0.0029040833
44949	13.6086665	0.0028251373
44950	13.622271660000001	0.0027703614
44951	13.635876819999998	0.0027179103999999997
44952	13.64948198	0.0027393815999999997
44953	13.66308714	0.00270388
44954	13.676692300000001	0.0026502329999999997
44955	13.690297459999998	0.0026930489000000003
44956	13.703902609999998	0.0027761027
44957	13.71750777	0.0028141896999999997
44958	13.73111293	0.0027794239
44959	13.744718090000001	0.0027307393
44960	13.758323249999998	0.0026487282
44961	13.77192841	0.0027057555
44962	13.78553357	0.0026529424
44963	13.79913872	0.0025867932999999997
44964	13.812743880000001	0.0025858623
44965	13.826349039999998	0.0026606790999999996
44966	13.8399542	0.0026664311
44967	13.85355936	0.0025506158
44968	13.867164520000001	0.0025411038
44969	13.880769679999998	0.0026509389
44970	13.894374829999999	0.0024673991
44971	13.90797999	0.0024296603
44972	13.92158515	0.0025975688
44973	13.935190310000001	0.0025735631
44974	13.948795469999999	0.0025564033999999998
44975	13.96240063	0.0025956609
44976	13.97600579	0.0025733694
44977	14.003216100000001	0.0026765103999999997
44978	14.016821259999999	0.0025533107000000003
44979	14.03042642	0.0025981086
44980	14.04403158	0.0025404472
44981	14.057636740000001	0.0024940610999999997
44982	14.071241899999999	0.0024672017000000003
44983	14.084847049999999	0.0025471954
44984	14.09845221	0.0025730969
44985	14.11205737	0.0027463135
44986	14.125662530000001	0.0027620878
44987	14.139267689999999	0.0026636846999999997
44988	14.15287285	0.002716094
44989	14.16647801	0.0028597745
44990	14.18008316	0.0027573089000000003
44991	14.193688320000001	0.0027717646
44992	14.207293479999999	0.0027854882
44993	14.22089864	0.0028486374
44994	14.2345038	0.0027976611
44995	14.248108960000001	0.0029707953999999997
44996	14.261714119999999	0.0028810724
44997	14.28892443	0.0029304796000000004
44998	14.30252959	0.0029405752
44999	14.316134750000002	0.0029400063
45000	14.329739909999999	0.0030469915000000004
45001	14.34334507	0.0029699226
45002	14.35695023	0.0029089369
45003	14.37055538	0.0029618660999999997
45004	14.384160540000002	0.0029628004
45005	14.397765699999999	0.0029122686999999998
45006	14.41137086	0.00296025
45007	14.42497602	0.0029277165999999997
45008	14.438581180000002	0.0028805509000000003
45009	14.452186339999999	0.0028168852000000004
45010	14.4657915	0.0028589715000000003
45011	14.47939665	0.0029423385
45012	14.49300181	0.0028010756
45013	14.506606969999998	0.0028033405
45014	14.520212129999999	0.0028899196
45015	14.53381729	0.0027532359000000005
45016	14.547422450000001	0.0027482662
45017	14.561027609999998	0.0027261018
45018	14.574632759999998	0.0026705963
45019	14.58823792	0.0027579347
45020	14.60184308	0.0027753773
45021	14.615448240000001	0.0027353664
45022	14.629053399999998	0.0026594784999999996
45023	14.64265856	0.002800804
45024	14.65626372	0.0026904364
45025	14.66986887	0.0028310652000000003
45026	14.683474030000001	0.0027925284999999996
45027	14.697079189999998	0.0028284557
45028	14.71068435	0.0027806321000000004
45029	14.72428951	0.0027308212
45030	14.737894670000001	0.0028641698
45031	14.751499829999998	0.0027355331
45032	14.765104979999998	0.0027587514
45033	14.77871014	0.0028951665999999996
45034	14.7923153	0.0027475321
45035	14.805920460000001	0.00275071
45036	14.819525619999999	0.0027874949
45037	14.83313078	0.0028376804999999997
45038	14.84673594	0.0027887781
45039	14.86034109	0.0027722724
45040	14.873946250000001	0.0026855323999999997
45041	14.887551409999999	0.0027300882
45042	14.90115657	0.0026198826000000002
45043	14.91476173	0.0026775212
45044	14.928366890000001	0.0026878505
45045	14.941972049999999	0.0027118749
45046	14.955577199999999	0.0027640845
45047	14.96918236	0.0027807023
45048	14.98278752	0.0031048656
45049	14.996392680000001	0.0032668096999999997
45050	15.009997839999999	0.0029146658
45051	15.023603	0.0028890878
45052	15.03720816	0.002896183
45053	15.05081331	0.0028738436
45054	15.064418470000001	0.0027771906
45055	15.078023629999999	0.0028589862
45056	15.09162879	0.0028131224
45057	15.10523395	0.0027730358000000004
45058	15.118839110000001	0.0029383685
45059	15.132444269999999	0.0028309051
45060	15.146049419999999	0.0028533459999999997
45061	15.15965458	0.0027201491
45062	15.17325974	0.002735322
45063	15.186864900000002	0.0026944404
45064	15.200470059999999	0.0027569162
45065	15.21407522	0.0027239087
45066	15.22768038	0.0028026581
45067	15.24128553	0.002852375
45068	15.254890690000002	0.0027533392999999997
45069	15.268495849999999	0.0027864006
45070	15.28210101	0.002770121
45071	15.29570617	0.0027359454999999998
45072	15.309311330000002	0.0027868977000000002
45073	15.322916489999999	0.0027909132
45074	15.336521639999999	0.0028624389
45075	15.3501268	0.0028514172
45076	15.36373196	0.0027986196000000002
45077	15.377337120000002	0.0028391539
45078	15.390942279999999	0.002877282
45079	15.40454744	0.0027809722999999997
45080	15.4181526	0.0028575536
45081	15.431757759999998	0.0028706758000000003
45082	15.445362909999998	0.0029585812
45083	15.45896807	0.0028992834000000005
45084	15.47257323	0.002917898
45085	15.486178390000001	0.0029030301
45086	15.499783549999998	0.0028131172999999996
45087	15.51338871	0.0028303944
45088	15.52699387	0.0028032811
45089	15.54059902	0.0029670736
45090	15.554204180000001	0.0029470128000000004
45091	15.567809339999998	0.0029835045000000003
45092	15.5814145	0.0029619418
45093	15.59501966	0.0030142297999999996
45094	15.608624820000001	0.0029835617
45095	15.622229979999998	0.0029864757
45096	15.635835129999998	0.0031299552000000003
45097	15.64944029	0.0029617649
45098	15.66304545	0.0030173678000000002
45099	15.676650610000001	0.0030446435
45100	15.690255769999998	0.003335143
45101	15.70386093	0.0031953503999999997
45102	15.71746609	0.0031497738
45103	15.73107124	0.003246873
45104	15.744676400000001	0.0031649253000000004
45105	15.758281559999999	0.0031930386
45106	15.77188672	0.0032417497999999998
45107	15.78549188	0.003182083
45108	15.799097040000001	0.0031411701
45109	15.812702199999999	0.0031222471999999995
45110	15.826307349999999	0.0031351529
45111	15.83991251	0.0031817011
45112	15.85351767	0.0031096165999999997
45113	15.867122830000001	0.0031081221999999997
45114	15.880727989999999	0.0032214848
45115	15.89433315	0.0031382358000000003
45116	15.90793831	0.0031578669
45117	15.92154346	0.003113065
45118	15.935148620000001	0.0031537335
45119	15.948753779999999	0.0030500017
45120	15.96235894	0.0030220846
45121	15.9759641	0.0030266106
45122	15.989569260000001	0.0029426631
45123	16.00317442	0.0028813118
45124	16.016779569999997	0.0028797056
45125	16.03038473	0.0028017852000000003
45126	16.04398989	0.0027922723
45127	16.057595050000003	0.0028298897999999998
45128	16.07120021	0.0028196545
45129	16.084805369999998	0.0027643759
45130	16.098410530000002	0.0027282174
45131	16.11201568	0.0027466872
45132	16.125620840000003	0.0027450356
45133	16.139226	0.0027728265999999997
45134	16.152831159999998	0.0027226774
45135	16.166436320000003	0.0027541716
45136	16.18004148	0.0027079161
45137	16.193646639999997	0.0026786921999999995
45138	16.20725179	0.0027278881
45139	16.220856949999998	0.0026859833
45140	16.234462110000003	0.002657863
45141	16.24806727	0.0026441640999999997
45142	16.261672429999997	0.0026846790999999997
45143	16.27527759	0.0026728571000000003
45144	16.28888275	0.0026732225
45145	16.302487900000003	0.0026636217
45146	16.31609306	0.0029918394
45147	16.329698219999997	0.0026837022999999997
45148	16.343303380000002	0.0027894394
45149	16.35690854	0.0027177534000000004
45150	16.370513699999997	0.00274425
45151	16.38411886	0.0027264554999999998
45152	16.39772402	0.0027553057000000002
45153	16.411329170000002	0.0027388823
45154	16.42493433	0.0027737809000000003
45155	16.438539489999997	0.0028025976
45156	16.45214465	0.0028194017
45157	16.46574981	0.0027667102
45158	16.479354970000003	0.0028664161999999997
45159	16.49296013	0.0029229061
45160	16.506565279999997	0.0028246423999999997
45161	16.52017044	0.0028405659
45162	16.5337756	0.0028467676000000003
45163	16.547380760000003	0.0029290734
45164	16.56098592	0.0028644405
45165	16.574591079999998	0.0031949356
45166	16.588196240000002	0.0028139237
45167	16.60180139	0.0028547290000000003
45168	16.615406550000003	0.0028577296
45169	16.62901171	0.0028384365000000003
45170	16.642616869999998	0.0031518808
45171	16.656222030000002	0.0029603341
45172	16.66982719	0.0029736975
45173	16.683432349999997	0.0028959167
45174	16.6970375	0.0028813324
45175	16.710642659999998	0.0028979689
45176	16.724247820000002	0.002915558
45177	16.73785298	0.0029224586
45178	16.751458139999997	0.0029257131
45179	16.7650633	0.0029926609
45180	16.77866846	0.003019944
45181	16.792273610000002	0.0029700665
45182	16.80587877	0.0030081348
45183	16.819483929999997	0.0030508789000000002
45184	16.83308909	0.0030477931
45185	16.84669425	0.0031111091
45186	16.860299410000003	0.0030952896999999996
45187	16.87390457	0.0030661908
45188	16.887509719999997	0.0031079182
45189	16.90111488	0.0031057756
45190	16.91472004	0.0030963457
45191	16.928325200000003	0.0030705994
45192	16.94193036	0.0030975726
45193	16.955535519999998	0.0031252729
45194	16.969140680000002	0.0031051711
45195	16.98274583	0.0031261595
45196	16.996350990000003	0.0031187867
45197	17.00995615	0.0031406544000000002
45198	17.023561309999998	0.0036140582
45199	17.037166470000003	0.0031935781
45200	17.05077163	0.0031846026
45201	17.064376789999997	0.0031365475
45202	17.07798194	0.0031419356
45203	17.091587099999998	0.0031892683
45204	17.105192260000003	0.0031727564000000002
45205	17.11879742	0.0032446128000000003
45206	17.132402579999997	0.0031739489
45207	17.14600774	0.0032051269
45208	17.1596129	0.0032188090000000004
45209	17.173218050000003	0.0031937141
45210	17.18682321	0.0032006212
45211	17.200428369999997	0.0032580247
45212	17.60858313	0.0030806816
45213	22.608478910000002	0.0037540640999999997
45214	27.608374689999998	0.0043517359000000005
45215	32.60827048	0.0049453784
45216	37.608166260000004	0.0054110808
45217	42.60806204	0.0056337261999999996
45218	47.60795782	0.0058392588
45219	52.60785361	0.0059939534999999995
45220	57.60774939	0.0060689162
45221	62.607645170000005	0.0061005061999999995
45222	67.60754095	0.0060912721
45223	72.60743674	0.006053926899999999
45224	77.60733252	0.0059969148
45225	82.60722829999999	0.0059250754
45226	87.60712407999999	0.0058504128
45227	92.60701986999999	0.0057678666
45228	97.60691564999999	0.005681395
45229	102.60681143	0.0055939164
45230	107.60670721	0.0055052880000000005
45231	112.60660299999999	0.0054167739000000005
45232	117.60649878	0.0053299202
45233	122.60639456	0.0052442636
45234	127.60629034	0.005161597899999999
45235	132.60618613	0.0050807514
