csdata_id	e_energy	sigma
110857	12.97054923	0.0
110858	12.9793213	6.0379917
110859	12.99292646	9.1339386
110860	13.00653161	9.2803494
110861	13.02013677	13.253915
110862	13.03374193	17.912517
110863	13.04734709	20.865734
110864	13.06095225	21.455376
110865	13.07455741	22.899382
110866	13.08816257	21.699767
110867	13.10176772	19.739021
110868	13.11537288	19.630845
110869	13.12897804	19.719591
110870	13.1425832	20.034898
110871	13.15618836	20.693116
110872	13.16979352	21.224139
110873	13.18339868	21.945744
110874	13.19700383	22.533924
110875	13.21060899	23.432293
110876	13.22421415	24.253181
110877	13.23781931	24.995885
110878	13.25142447	24.655884
110879	13.26502963	25.19277
110880	13.27863479	25.156715
110881	13.3058451	25.653903
110882	13.31945026	25.590391
110883	13.33305542	25.904246
110884	13.34666058	25.615189
110885	13.36026574	24.940366
110886	13.3738709	23.733179
110887	13.38747605	27.079601
110888	13.40108121	30.018064
110889	13.41468637	30.27069
110890	13.42829153	30.292499
110891	13.44189669	30.345146
110892	13.45550185	30.361053
110893	13.46910701	30.512555
110894	13.48271216	30.598568
110895	13.49631732	30.698264
110896	13.50992248	30.81403
110897	13.52352764	30.95713
110898	13.5371328	31.215901
110899	13.55073796	31.579171
110900	13.56434312	31.715732
110901	13.57794827	31.73266
110902	13.59155343	31.782425
110903	13.60515859	31.893233
110904	13.61876375	31.997618
110905	13.63236891	31.629896
110906	13.64597407	31.177497
110907	13.65957923	30.393274
110908	13.67318438	29.03267
110909	13.7003947	27.904005
110910	13.71399986	25.892334
110911	13.75481534	22.669277
110912	13.76842049	25.51684
110913	13.78202565	26.037806
110914	13.79563081	25.936145
110915	13.80923597	26.172746
110916	13.82284113	26.585182
110917	13.83644629	26.839992
110918	13.85005145	27.461334
110919	13.8636566	28.145989
110920	13.87726176	28.829551
110921	13.89086692	29.296016
110922	13.90447208	29.656681
110923	13.91807724	30.213821
110924	13.9316824	30.501079
110925	13.94528756	30.684295
110926	13.95889272	30.759007
110927	13.97249787	30.785322
110928	13.98610303	30.801032
110929	13.99970819	30.387426
110930	14.01331335	30.11734
110931	14.02691851	30.33928
110932	14.04052367	30.837351
110933	14.05412883	31.098824
110934	14.06773398	30.513714
110935	14.08133914	31.860404
110936	14.0949443	31.848678
110937	14.10854946	32.717966
110938	14.12215462	32.968454
110939	14.13575978	32.920715
110940	14.14936494	33.00827
110941	14.16297009	33.139852
110942	14.17657525	33.243976
110943	14.19018041	33.378302
110944	14.20378557	33.439568
110945	14.21739073	33.407496
110946	14.23099589	33.567739
110947	14.24460105	33.277532
110948	14.2582062	33.233075
110949	14.27181136	33.239159
110950	14.28541652	32.942217
110951	14.29902168	32.748525
110952	14.31262684	32.390818
110953	14.326232	31.757439
110954	14.33983716	31.395994
110955	14.35344231	31.798776
110956	14.36704747	31.774031
110957	14.38065263	31.068638
110958	14.39425779	31.016162
110959	14.40786295	30.78273
110960	14.42146811	30.835203
110961	14.43507327	31.085988
110962	14.44867842	31.586789
110963	14.46228358	32.304869
110964	14.47588874	32.813923
110965	14.4894939	33.317989
110966	14.50309906	33.69056
110967	14.51670422	33.961555
110968	14.53030938	34.04493
110969	14.54391453	34.382324
110970	14.55751969	34.645854
110971	14.57112485	35.135683
110972	14.58473001	35.440785
110973	14.59833517	35.637116
110974	14.61194033	35.954667
110975	14.62554549	36.20176
110976	14.63915064	36.309201
110977	14.6527558	36.370596
110978	14.66636096	36.577085
110979	14.67996612	36.5511
110980	14.69357128	36.45437
110981	14.70717644	36.607419
110982	14.7207816	36.49418
110983	14.73438675	36.467764
110984	14.74799191	36.610915
110985	14.76159707	36.716771
110986	14.77520223	36.734581
110987	14.78880739	36.853059
110988	14.80241255	36.733249
110989	14.81601771	37.038307
110990	14.82962286	37.130849
110991	14.84322802	37.1625
110992	14.85683318	37.165753
110993	14.87043834	37.118707
110994	14.8840435	37.083405
110995	14.89764866	37.050798
110996	14.91125382	37.347854
110997	14.92485898	37.419342
110998	14.93846413	37.275166
110999	14.95206929	37.24742
111000	14.96567445	37.145223
111001	14.97927961	37.1356
111002	14.99288477	37.256235
111003	15.00648993	37.289008
111004	15.02009509	37.171126
111005	15.03370024	37.272592
111006	15.0473054	37.295661
111007	15.06091056	37.344085
111008	15.07451572	37.441454
111009	15.08812088	37.465602
111010	15.10172604	37.511683
111011	15.1153312	37.554975
111012	15.12893635	37.546358
111013	15.14254151	37.490511
111014	15.15614667	37.38476
111015	15.16975183	37.290072
111016	15.18335699	37.249957
111017	15.19696215	37.2424
111018	15.21056731	37.256797
111019	15.22417246	37.179789
111020	15.23777762	37.239865
111021	15.25138278	37.260119
111022	15.26498794	37.365272
111023	15.2785931	37.390225
111024	15.29219826	37.365667
111025	15.30580342	37.614248
111026	15.31940857	37.760653
111027	15.33301373	37.90679
111028	15.34661889	38.032526
111029	15.36022405	38.089332
111030	15.37382921	38.416627
111031	15.38743437	38.756601
111032	15.40103953	39.191761
111033	15.41464468	39.502933
111034	15.42824984	39.753513
111035	15.441855	39.905525
111036	15.45546016	40.037732
111037	15.46906532	40.142712
111038	15.48267048	40.195955
111039	15.50988079	40.238821
111040	15.52348595	40.19028
111041	15.53709111	40.246145
111042	15.55069627	40.223805
111043	15.56430143	40.232969
111044	15.57790659	40.153913
111045	15.59151175	40.159577
111046	15.6051169	40.154106
111047	15.61872206	40.144898
111048	15.63232722	40.150605
111049	15.64593238	40.167414
111050	15.65953754	40.229764
111051	15.6731427	40.293215
111052	15.68674786	40.449977
111053	15.70035301	40.251482
111054	15.71395817	40.308433
111055	15.72756333	40.333728
111056	15.74116849	40.045418
111057	15.75477365	40.244531
111058	15.76837881	40.292415
111059	15.78198397	40.352471
111060	15.79558912	40.340446
111061	15.80919428	40.313236
111062	15.82279944	40.292799
111063	15.8364046	40.330458
111064	15.85000976	40.370245
111065	15.86361492	40.346797
111066	15.87722008	40.352721
111067	15.89082524	40.359771
111068	15.90443039	40.388626
111069	15.91803555	40.416526
111070	15.93164071	40.401509
111071	15.94524587	40.529362
111072	15.95885103	40.490927
111073	15.97245619	40.409053
111074	15.98606135	40.421599
111075	15.9996665	40.417524
111076	16.01327166	40.384141
111077	16.02687682	40.354253
111078	16.04048198	40.348834
111079	16.05408714	40.269474
111080	16.0676923	40.283294
111081	16.08129746	40.260088
111082	16.09490261	40.21322
111083	16.10850777	40.220094
111084	16.12211293	40.187959
111085	16.13571809	40.150327
111086	16.14932325	40.129594
111087	16.16292841	40.08291
111088	16.17653357	40.036993
111089	16.19013872	39.966937
111090	16.20374388	40.150083
111091	16.21734904	40.187526
111092	16.2309542	40.23212
111093	16.24455936	40.304678
111094	16.25816452	40.399655
111095	16.27176968	40.45967
111096	16.28537483	40.569523
111097	16.29897999	40.579419
111098	16.31258515	40.608193
111099	16.32619031	40.961453
111100	16.33979547	41.122325
111101	16.35340063	41.191638
111102	16.36700579	41.246973
111103	16.3942161	41.367981
111104	16.40782126	41.439139
111105	16.42142642	41.405254
111106	16.43503158	41.453175
111107	16.44863674	41.589501
111108	16.4622419	41.688484
111109	16.47584705	41.717255
111110	16.48945221	41.919461
111111	16.50305737	41.961392
111112	16.51666253	42.007362
111113	16.53026769	42.136847
111114	16.54387285	42.222023
111115	16.55747801	42.296049
111116	16.57108316	42.478285
111117	16.58468832	42.506565
111118	16.59829348	42.561549
111119	16.61189864	42.623135
111120	16.6255038	42.654586
111121	16.63910896	42.736156
111122	16.65271412	42.802415
111123	16.67992443	42.871778
111124	16.69352959	42.927498
111125	16.70713475	42.935484
111126	16.72073991	43.007415
111127	16.73434507	42.993331
111128	16.74795023	42.937016
111129	16.76155538	42.95846
111130	16.77516054	43.006216
111131	16.7887657	42.950866
111132	16.80237086	42.870065
111133	16.81597602	42.828338
111134	16.82958118	42.860439
111135	16.84318634	42.848591
111136	16.8567915	42.838421
111137	16.87039665	42.814487
111138	16.88400181	42.82269
111139	16.89760697	42.798927
111140	16.91121213	42.777584
111141	16.92481729	42.771047
111142	16.93842245	42.775929
111143	16.95202761	42.742851
111144	16.96563276	42.688911
111145	16.97923792	42.640959
111146	16.99284308	42.597575
111147	17.00644824	42.585762
111148	17.0200534	42.764472
111149	17.03365856	42.688516
111150	17.04726372	42.709462
111151	17.06086887	42.699636
111152	17.07447403	42.718165
111153	17.08807919	42.715203
111154	17.10168435	42.704096
111155	17.11528951	42.694883
111156	17.12889467	42.772088
111157	17.14249983	42.908032
111158	17.15610498	42.902259
111159	17.16971014	42.872038
111160	17.1833153	42.891626
111161	17.19692046	42.921279
111162	17.21052562	42.938279
111163	17.22413078	42.885553
111164	17.23773594	42.764033
111165	17.25134109	42.847523
111166	17.26494625	42.913099
111167	17.27855141	42.832334
111168	17.29215657	42.770926
111169	17.30576173	42.764844
111170	17.31936689	42.806926
111171	17.33297205	42.816117
111172	17.3465772	42.856749
111173	17.36018236	42.820688
111174	17.37378752	42.829559
111175	17.38739268	42.852193
111176	17.40099784	42.929921
111177	17.414603	42.908232
111178	17.42820816	42.957299
111179	17.44181331	42.973582
111180	17.45541847	43.012033
111181	17.46902363	43.059164
111182	17.48262879	43.049861
111183	17.49623395	43.145347
111184	17.50983911	43.182951
111185	17.52344427	43.285539
111186	17.53704942	43.210094
111187	17.55065458	43.316478
111188	17.56425974	43.348604
111189	17.5778649	43.402199
111190	17.59147006	43.505849
111191	17.60507522	43.547232
111192	17.61868038	43.580142
111193	17.63228553	43.662426
111194	17.64589069	43.694511
111195	17.65949585	43.706974
111196	17.67310101	43.398582
111197	17.68670617	43.842511
111198	17.70031133	43.915255
111199	17.71391649	44.004044
111200	17.72752164	44.039869
111201	17.7411268	44.068976
111202	17.75473196	44.099199
111203	17.76833712	44.121363
111204	17.78194228	44.120151
111205	17.79554744	44.071329
111206	17.8091526	44.077126
111207	17.82275776	44.138222
111208	17.83636291	44.149042
111209	17.84996807	44.180325
111210	17.86357323	44.224134
111211	17.87717839	44.230093
111212	17.89078355	44.25386
111213	17.90438871	44.276342
111214	17.91799387	44.285251
111215	17.93159902	44.304178
111216	17.94520418	44.325181
111217	17.95880934	44.353617
111218	17.9724145	44.413599
111219	17.98601966	44.476499
111220	17.99962482	44.534539
111221	18.01322998	44.589672
111222	18.02683513	44.619128
111223	18.04044029	44.555149
111224	18.05404545	44.554202
111225	18.06765061	44.479346
111226	18.08125577	44.356762
111227	18.09486093	44.225978
111228	18.10846609	44.161196
111229	18.12207124	44.154376
111230	18.1356764	44.219449
111231	18.14928156	44.286275
111232	18.16288672	44.366003
111233	18.17649188	44.444864
111234	18.19009704	44.505479
111235	18.2037022	44.530543
111236	18.21730735	44.648537
111237	18.23091251	44.655535
111238	18.24451767	44.682033
111239	18.25812283	44.711175
111240	18.27172799	44.740368
111241	18.28533315	44.749302
111242	18.29893831	44.742379
111243	18.31254346	44.773483
111244	18.32614862	44.756268
111245	18.33975378	44.742978
111246	18.35335894	44.714868
111247	18.3669641	44.665819
111248	18.38056926	44.631323
111249	18.39417442	44.561001
111250	18.40777957	44.567541
111251	18.42138473	44.571881
111252	18.43498989	44.539836
111253	18.44859505	44.550214
111254	18.46220021	44.554359
111255	18.47580537	44.55965
111256	18.48941053	44.557355
111257	18.50301568	44.567847
111258	18.51662084	44.575808
111259	18.530226	44.597868
111260	18.54383116	44.562358
111261	18.55743632	44.615197
111262	18.57104148	44.613884
111263	18.58464664	44.637922
111264	18.59825179	44.639782
111265	18.61185695	44.650863
111266	18.62546211	44.667227
111267	18.63906727	44.647287
111268	18.65267243	44.613169
111269	18.66627759	44.671357
111270	18.67988275	44.679777
111271	18.6934879	44.699527
111272	18.70709306	63.738846
111273	18.72069822	44.720428
111274	18.73430338	44.716379
111275	18.74790854	44.713053
111276	18.7615137	44.676641
111277	18.77511886	44.634259
111278	18.78872402	44.551381
111279	18.80232917	44.556082
111280	18.81593433	44.540576
111281	18.82953949	44.53426
111282	18.84314465	44.516961
111283	18.85674981	44.504863
111284	18.87035497	44.471131
111285	18.88396013	44.42322
111286	18.89756528	44.403075
111287	18.91117044	44.37845
111288	18.9247756	44.373143
111289	18.93838076	44.384001
111290	18.95198592	44.379206
111291	18.96559108	44.37423
111292	18.97919624	44.366692
111293	18.99280139	44.368049
111294	19.00640655	44.395429
111295	19.02001171	44.394064
111296	19.03361687	44.390673
111297	19.04722203	44.388139
111298	19.06082719	44.40654
111299	19.07443235	44.410683
111300	19.0880375	44.404179
111301	19.10164266	44.421337
111302	19.11524782	44.381754
111303	19.12885298	44.387605
111304	19.14245814	44.391461
111305	19.1560633	44.38841
111306	19.16966846	44.378569
111307	19.18327361	44.398325
111308	19.19687877	44.39621
111309	19.21048393	44.413119
111310	19.22408909	44.429703
111311	19.23769425	44.392319
111312	19.25129941	44.406545
111313	19.26490457	44.411805
111314	19.27850972	44.395264
111315	19.29211488	44.417643
111316	19.30572004	44.410813
111317	19.3193252	44.358612
111318	19.33293036	44.387169
111319	19.34653552	44.377433
111320	19.36014068	44.333442
111321	19.37374583	44.394914
111322	19.38735099	44.38024
111323	19.40095615	44.384888
111324	19.41456131	45.142608
111325	19.42816647	44.365096
111326	19.44177163	44.350876
111327	19.45537679	44.362855
111328	19.46898194	44.293364
111329	19.4825871	44.446247
111330	19.49619226	44.395446
111331	19.50979742	44.388205
111332	19.52340258	44.469049
111333	19.53700774	44.353773
111334	19.5506129	44.359786
111335	19.56421805	44.341141
111336	19.57782321	44.356063
111337	19.59142837	44.336913
111338	19.99958313	44.213699
111339	24.99947891	37.706143
111340	29.99937469	30.411694
111341	34.99927048	24.603825
111342	39.99916626	20.216792
111343	44.99906204	16.823148
111344	49.99895782	14.146669
111345	54.99885361	12.034586
111346	59.99874939	10.34358
111347	64.99864517	8.970385
111348	69.99854095	7.8408348
111349	74.99843674	6.9011091
111350	79.99833252	6.1115036
111351	84.9982283	5.4420372
111352	89.99812408	4.870097
111353	94.99801987	4.377944
111354	99.99791565	3.9516346
111355	104.99781143	3.5802549
111356	109.99770721	3.255005
111357	114.997603	2.9687517
111358	119.99749878	2.7157058
111359	124.99739456	2.491062
111360	129.99729034	2.2908942
111361	134.99718613	2.1118784
