csdata_id	e_energy	sigma
83174	13.26777923	0.0
83175	13.27863479	0.030273946
83176	13.3058451	0.089828895
83177	13.31945026	0.11585809
83178	13.33305542	0.16438319
83179	13.34666058	0.19386508
83180	13.36026574	0.17733906
83181	13.3738709	0.21743485
83182	13.38747605	0.26493878
83183	13.40108121	0.30747155
83184	13.41468637	0.34723873
83185	13.42829153	0.4216959
83186	13.44189669	0.44385304
83187	13.45550185	0.32810551
83188	13.46910701	0.35611599
83189	13.48271216	0.38925825
83190	13.49631732	0.42104227
83191	13.50992248	0.45374989
83192	13.52352764	0.47398805
83193	13.5371328	0.51894252
83194	13.55073796	0.57200373
83195	13.56434312	0.62217677
83196	13.57794827	0.62082617
83197	13.59155343	0.65068694
83198	13.60515859	0.70690152
83199	13.61876375	0.75331887
83200	13.63236891	0.70662156
83201	13.64597407	0.58855562
83202	13.65957923	0.52818901
83203	13.67318438	0.48845626
83204	13.7003947	0.57072001
83205	13.71399986	0.64024185
83206	13.75481534	0.27448689
83207	13.76842049	0.34719357
83208	13.78202565	0.36960528
83209	13.79563081	0.3480615
83210	13.80923597	0.31717531
83211	13.82284113	0.33700312
83212	13.83644629	0.33589485
83213	13.85005145	0.33336154
83214	13.8636566	0.33025992
83215	13.87726176	0.33780373
83216	13.89086692	0.3516379
83217	13.90447208	0.38108776
83218	13.91807724	0.43764432
83219	13.9316824	0.44847814
83220	13.94528756	0.43402526
83221	13.95889272	0.42790479
83222	13.97249787	0.40890787
83223	13.98610303	0.44675754
83224	13.99970819	0.43657107
83225	14.01331335	0.46047758
83226	14.02691851	0.46915448
83227	14.04052367	0.47568664
83228	14.05412883	0.47702432
83229	14.06773398	0.53689214
83230	14.08133914	0.52341002
83231	14.0949443	0.49485386
83232	14.10854946	0.49291182
83233	14.12215462	0.52203164
83234	14.13575978	0.50340954
83235	14.14936494	0.46073493
83236	14.16297009	0.42000474
83237	14.17657525	0.40747205
83238	14.19018041	0.41734099
83239	14.20378557	0.40104476
83240	14.21739073	0.37493063
83241	14.23099589	0.36150787
83242	14.24460105	0.38088499
83243	14.2582062	0.37748871
83244	14.27181136	0.35942194
83245	14.28541652	0.38618214
83246	14.29902168	0.37303054
83247	14.31262684	0.31478587
83248	14.326232	0.27266974
83249	14.33983716	0.25392565
83250	14.35344231	0.28160973
83251	14.36704747	0.28594502
83252	14.38065263	0.29773383
83253	14.39425779	0.31237182
83254	14.40786295	0.31632137
83255	14.42146811	0.32076406
83256	14.43507327	0.31736664
83257	14.44867842	0.30429554
83258	14.46228358	0.29923198
83259	14.47588874	0.2766648
83260	14.4894939	0.27402134
83261	14.50309906	0.26932339
83262	14.51670422	0.27569291
83263	14.53030938	0.25937991
83264	14.54391453	0.286493
83265	14.55751969	0.2846446
83266	14.57112485	0.28170871
83267	14.58473001	0.28833599
83268	14.59833517	0.30431418
83269	14.61194033	0.29481496
83270	14.62554549	0.27451343
83271	14.63915064	0.29362515
83272	14.6527558	0.28367038
83273	14.66636096	0.28344829
83274	14.67996612	0.28793477
83275	14.69357128	0.30548951
83276	14.70717644	0.31840961
83277	14.7207816	0.32363858
83278	14.73438675	0.3172017
83279	14.74799191	0.32286182
83280	14.76159707	0.32890294
83281	14.77520223	0.34032341
83282	14.78880739	0.34009735
83283	14.80241255	0.3095537
83284	14.81601771	0.3188338
83285	14.82962286	0.31166866
83286	14.84322802	0.32069949
83287	14.85683318	0.32698249
83288	14.87043834	0.3101654
83289	14.8840435	0.30652256
83290	14.89764866	0.30854082
83291	14.91125382	0.29725363
83292	14.92485898	0.31105444
83293	14.93846413	0.31892484
83294	14.95206929	0.30969806
83295	14.96567445	0.32055757
83296	14.97927961	0.31635169
83297	14.99288477	0.29289389
83298	15.00648993	0.28390339
83299	15.02009509	0.27595275
83300	15.03370024	0.27683059
83301	15.0473054	0.26469731
83302	15.06091056	0.2782603
83303	15.07451572	0.26428182
83304	15.08812088	0.26346177
83305	15.10172604	0.2553598
83306	15.1153312	0.24955559
83307	15.12893635	0.24185748
83308	15.14254151	0.25681478
83309	15.15614667	0.2418964
83310	15.16975183	0.23854342
83311	15.18335699	0.23040233
83312	15.19696215	0.22097141
83313	15.21056731	0.20958285
83314	15.22417246	0.20093391
83315	15.23777762	0.19579122
83316	15.25138278	0.19083828
83317	15.26498794	0.18564728
83318	15.2785931	0.1788869
83319	15.29219826	0.17806675
83320	15.30580342	0.17614038
83321	15.31940857	0.1875903
83322	15.33301373	0.17807431
83323	15.34661889	0.18781886
83324	15.36022405	0.19029588
83325	15.37382921	0.19640703
83326	15.38743437	0.1957035
83327	15.40103953	0.18978301
83328	15.41464468	0.19117052
83329	15.42824984	0.18560792
83330	15.441855	0.17931168
83331	15.45546016	0.17561628
83332	15.46906532	0.17577616
83333	15.48267048	0.17156808
83334	15.50988079	0.17570507
83335	15.52348595	0.1704811
83336	15.53709111	0.16670286
83337	15.55069627	0.17020988
83338	15.56430143	0.16851246
83339	15.57790659	0.16926181
83340	15.59151175	0.16827399
83341	15.6051169	0.17231191
83342	15.61872206	0.17130339
83343	15.63232722	0.17628572
83344	15.64593238	0.17893369
83345	15.65953754	0.18293008
83346	15.6731427	0.17816234
83347	15.68674786	0.17929242
83348	15.70035301	0.1791744
83349	15.71395817	0.18440111
83350	15.72756333	0.17940668
83351	15.74116849	0.17484515
83352	15.75477365	0.17239515
83353	15.76837881	0.17091598
83354	15.78198397	0.17034694
83355	15.79558912	0.17242065
83356	15.80919428	0.17255462
83357	15.82279944	0.17296574
83358	15.8364046	0.17286683
83359	15.85000976	0.16864496
83360	15.86361492	0.16648441
83361	15.87722008	0.1660488
83362	15.89082524	0.16562234
83363	15.90443039	0.16435176
83364	15.91803555	0.165999
83365	15.93164071	0.16614464
83366	15.94524587	0.15847396
83367	15.95885103	0.16853458
83368	15.97245619	0.17045266
83369	15.98606135	0.17200691
83370	15.9996665	0.1667827
83371	16.01327166	0.16543303
83372	16.02687682	0.15756998
83373	16.04048198	0.15698066
83374	16.05408714	0.15270342
83375	16.0676923	0.14905013
83376	16.08129746	0.14654431
83377	16.09490261	0.14534223
83378	16.10850777	0.14050496
83379	16.12211293	0.138848
83380	16.13571809	0.13908971
83381	16.14932325	0.13834563
83382	16.16292841	0.13403284
83383	16.17653357	0.13256879
83384	16.19013872	0.13393873
83385	16.20374388	0.13648145
83386	16.21734904	0.1299944
83387	16.2309542	0.11973953
83388	16.24455936	0.12096326
83389	16.25816452	0.11814838
83390	16.27176968	0.11597626
83391	16.28537483	0.11399587
83392	16.29897999	0.11489513
83393	16.31258515	0.10640697
83394	16.32619031	0.10527253
83395	16.33979547	0.10422617
83396	16.35340063	0.1033028
83397	16.36700579	0.10624148
83398	16.3942161	0.10272667
83399	16.40782126	0.10147822
83400	16.42142642	0.10198538
83401	16.43503158	0.10175742
83402	16.44863674	0.10323996
83403	16.4622419	0.10261638
83404	16.47584705	0.10050649
83405	16.48945221	0.10238246
83406	16.50305737	0.10115827
83407	16.51666253	0.099039566
83408	16.53026769	0.10001393
83409	16.54387285	0.097561901
83410	16.55747801	0.10321439
83411	16.57108316	0.10195203
83412	16.58468832	0.10086846
83413	16.59829348	0.101646
83414	16.61189864	0.096952384
83415	16.6255038	0.098278557
83416	16.63910896	0.10503121
83417	16.65271412	0.11623825
83418	16.67992443	0.11209797
83419	16.69352959	0.11580264
83420	16.70713475	0.11640675
83421	16.72073991	0.11502965
83422	16.73434507	0.11331848
83423	16.74795023	0.10816803
83424	16.76155538	0.10254845
83425	16.77516054	0.10389695
83426	16.7887657	0.10273271
83427	16.80237086	0.10079441
83428	16.81597602	0.10495107
83429	16.82958118	0.10061596
83430	16.84318634	0.099369785
83431	16.8567915	0.097832209
83432	16.87039665	0.098128306
83433	16.88400181	0.095126403
83434	16.89760697	0.1006759
83435	16.91121213	0.09902903
83436	16.92481729	0.097853799
83437	16.93842245	0.098826505
83438	16.95202761	0.09585342
83439	16.96563276	0.094791826
83440	16.97923792	0.094937693
83441	16.99284308	0.096622506
83442	17.00644824	0.09599118
83443	17.0200534	0.094394172
83444	17.03365856	0.093422005
83445	17.04726372	0.090959411
83446	17.06086887	0.092869046
83447	17.07447403	0.090793144
83448	17.08807919	0.095011165
83449	17.10168435	0.093401502
83450	17.11528951	0.09257797
83451	17.12889467	0.093548414
83452	17.14249983	0.097537152
83453	17.15610498	0.093331771
83454	17.16971014	0.091043722
83455	17.1833153	0.090261151
83456	17.19692046	0.089513032
83457	17.21052562	0.087403481
83458	17.22413078	0.088877681
83459	17.23773594	0.085345881
83460	17.25134109	0.083835957
83461	17.26494625	0.081121322
83462	17.27855141	0.080904323
83463	17.29215657	0.080617885
83464	17.30576173	0.077724521
83465	17.31936689	0.077226121
83466	17.33297205	0.075621624
83467	17.3465772	0.074946531
83468	17.36018236	0.075024739
83469	17.37378752	0.074655799
83470	17.38739268	0.074338138
83471	17.40099784	0.069428235
83472	17.414603	0.070280736
83473	17.42820816	0.073597416
83474	17.44181331	0.071734161
83475	17.45541847	0.068290044
83476	17.46902363	0.066635189
83477	17.48262879	0.06635236
83478	17.49623395	0.065513406
83479	17.50983911	0.065620641
83480	17.52344427	0.062149227
83481	17.53704942	0.062959998
83482	17.55065458	0.060369296
83483	17.56425974	0.061051569
83484	17.5778649	0.060656209
83485	17.59147006	0.059920542
83486	17.60507522	0.059927965
83487	17.61868038	0.058427361
83488	17.63228553	0.058267597
83489	17.64589069	0.057538598
83490	17.65949585	0.057586194
83491	17.67310101	0.056894946
83492	17.68670617	0.055475394
83493	17.70031133	0.055267787
83494	17.71391649	0.055293282
83495	17.72752164	0.053885756
83496	17.7411268	0.054104834
83497	17.75473196	0.05326209
83498	17.76833712	0.052536338
83499	17.78194228	0.053169616
83500	17.79554744	0.052531231
83501	17.8091526	0.052641531
83502	17.82275776	0.053120987
83503	17.83636291	0.053946201
83504	17.84996807	0.054168258
83505	17.86357323	0.054364877
83506	17.87717839	0.054015063
83507	17.89078355	0.055195309
83508	17.90438871	0.055933387
83509	17.91799387	0.055304433
83510	17.93159902	0.055715087
83511	17.94520418	0.05813914
83512	17.95880934	0.057595006
83513	17.9724145	0.057922904
83514	17.98601966	0.054991974
83515	17.99962482	0.055730503
83516	18.01322998	0.055443373
83517	18.02683513	0.055372539
83518	18.04044029	0.054190668
83519	18.05404545	0.0549911
83520	18.06765061	0.054467283
83521	18.08125577	0.054739603
83522	18.09486093	0.054342855
83523	18.10846609	0.05318552
83524	18.12207124	0.052932459
83525	18.1356764	0.053690404
83526	18.14928156	0.054249642
83527	18.16288672	0.053191483
83528	18.17649188	0.052053686
83529	18.19009704	0.05242122
83530	18.2037022	0.055027103
83531	18.21730735	0.05441895
83532	18.23091251	0.053260968
83533	18.24451767	0.054446993
83534	18.25812283	0.054343384
83535	18.27172799	0.055621255
83536	18.28533315	0.054274153
83537	18.29893831	0.05516502
83538	18.31254346	0.055671359
83539	18.32614862	0.053955891
83540	18.33975378	0.054882212
83541	18.35335894	0.054220743
83542	18.3669641	0.054376167
83543	18.38056926	0.054055217
83544	18.39417442	0.053478782
83545	18.40777957	0.05174043
83546	18.42138473	0.050487864
83547	18.43498989	0.050301854
83548	18.44859505	0.049982128
83549	18.46220021	0.048413207
83550	18.47580537	0.04713596
83551	18.48941053	0.047137448
83552	18.50301568	0.04662644
83553	18.51662084	0.045477021
83554	18.530226	0.045486317
83555	18.54383116	0.044084033
83556	18.55743632	0.043287705
83557	18.57104148	0.042597918
83558	18.58464664	0.043482068
83559	18.59825179	0.042394031
83560	18.61185695	0.042652934
83561	18.62546211	0.042310761
83562	18.63906727	0.042511409
83563	18.65267243	0.042031355
83564	18.66627759	0.042488285
83565	18.67988275	0.042344449
83566	18.6934879	0.041639745
83567	18.70709306	3.129964
83568	18.72069822	0.040851917
83569	18.73430338	0.040607517
83570	18.74790854	0.038920538
83571	18.7615137	0.039843683
83572	18.77511886	0.039580087
83573	18.78872402	0.038401334
83574	18.80232917	0.038059098
83575	18.81593433	0.038941448
83576	18.82953949	0.038581464
83577	18.84314465	0.037303958
83578	18.85674981	0.036749923
83579	18.87035497	0.034904969
83580	18.88396013	0.035006578
83581	18.89756528	0.035421854
83582	18.91117044	0.034977658
83583	18.9247756	0.035135509
83584	18.93838076	0.034267686
83585	18.95198592	0.033778208
83586	18.96559108	0.032916369
83587	18.97919624	0.033533014
83588	18.99280139	0.032532924
83589	19.00640655	0.032781007
83590	19.02001171	0.032786977
83591	19.03361687	0.032167356
83592	19.04722203	0.032637221
83593	19.06082719	0.032427058
83594	19.07443235	0.032616195
83595	19.0880375	0.032217973
83596	19.10164266	0.031961973
83597	19.11524782	0.030905979
83598	19.12885298	0.031650192
83599	19.14245814	0.031774901
83600	19.1560633	0.031499396
83601	19.16966846	0.031426258
83602	19.18327361	0.031379373
83603	19.19687877	0.031235801
83604	19.21048393	0.03042383
83605	19.22408909	0.030164908
83606	19.23769425	0.030491524
83607	19.25129941	0.030056077
83608	19.26490457	0.029958156
83609	19.27850972	0.029204673
83610	19.29211488	0.029023475
83611	19.30572004	0.029665452
83612	19.3193252	0.029544777
83613	19.33293036	0.029168385
83614	19.34653552	0.028936323
83615	19.36014068	0.028676231
83616	19.37374583	0.02920317
83617	19.38735099	0.029259857
83618	19.40095615	0.029719324
83619	19.41456131	0.030975701
83620	19.42816647	0.028798776
83621	19.44177163	0.028939971
83622	19.45537679	0.029459235
83623	19.46898194	0.029019746
83624	19.4825871	0.029175063
83625	19.49619226	0.02873723
83626	19.50979742	0.028961626
83627	19.52340258	0.048948752
83628	19.53700774	0.027371501
83629	19.5506129	0.028272167
83630	19.56421805	0.027870236
83631	19.57782321	0.027203651
83632	19.59142837	0.028247107
83633	19.99958313	0.035844134
83634	24.99947891	0.0076111881
83635	29.99937469	0.0037967804
83636	34.99927048	0.0023958773
83637	39.99916626	0.0017861846
83638	44.99906204	0.0013488154
83639	49.99895782	0.00098780623
83640	54.99885361	0.00071783557
83641	59.99874939	0.00051961804
83642	64.99864517	0.00037240519
83643	69.99854095	0.00026632548
83644	74.99843674	0.00019145702
83645	79.99833252	0.00013941592
83646	84.9982283	9.9603411e-05
83647	89.99812408	7.6532777e-05
83648	94.99801987	5.7562008e-05
83649	99.99791565	4.3766386e-05
83650	104.99781143	3.363767e-05
83651	109.99770721	2.6136456e-05
83652	114.997603	2.0468489e-05
83653	119.99749878	1.6219524e-05
83654	124.99739456	1.2899521e-05
83655	129.99729034	1.0371878e-05
83656	134.99718613	8.380389e-06
