	e_energy	sigma
	12.14526195	0.0
	12.14940662	0.1840257
	12.16301178	1.3837103
	12.17661694	2.9679539
	12.1902221	4.4018191
	12.20382726	5.5700506
	12.21743242	6.2342506
	12.23103757	7.0918631
	12.24464273	8.9308328
	12.25824789	10.037086
	12.27185305	11.126984
	12.28545821	12.171891
	12.29906337	13.140347
	12.31266853	14.021493
	12.32627368	14.774044
	12.33987884	15.110662
	12.353484	15.420833
	12.36708916	15.974366
	12.38069432	16.561331
	12.39429948	17.032641
	12.40790464	17.429302
	12.42150979	17.745496
	12.43511495	18.004379
	12.44872011	18.191526
	12.46232527	18.348019
	12.47593043	18.46269
	12.48953559	18.525371
	12.50314075	18.561079
	12.5167459	18.563597
	12.53035106	18.537561
	12.54395622	18.481585
	12.55756138	18.412822
	12.57116654	18.321228
	12.5847717	18.214974
	12.59837686	18.097295
	12.61198201	17.962756
	12.62558717	17.827709
	12.63919233	17.680503
	12.65279749	17.496879
	12.66640265	17.142261
	12.68000781	16.068668
	12.69361297	15.651894
	12.70721812	16.160832
	12.72082328	16.31977
	12.73442844	16.329635
	12.7480336	16.285772
	12.76163876	16.221964
	12.77524392	16.152515
	12.78884908	16.084663
	12.80245423	16.021116
	12.81605939	15.94416
	12.82966455	15.918336
	12.84326971	16.281408
	12.85687487	15.981299
	12.87048003	14.231308
	12.88408519	10.620665
	12.89769034	8.8047413
	12.9112955	10.213476
	12.92490066	10.324283
	12.93850582	11.301756
	12.95211098	11.711955
	12.96571614	11.650473
	12.9793213	10.275366
	12.99292646	7.9004625
	13.00653161	5.5243929
	13.02013677	5.9312621
	13.03374193	4.8850304
	13.04734709	5.41349
	13.06095225	6.6654521
	13.07455741	7.3253727
	13.08816257	7.5576158
	13.10176772	7.7076796
	13.11537288	8.0714501
	13.12897804	8.2196056
	13.1425832	8.3613966
	13.15618836	8.395919
	13.16979352	8.5121447
	13.18339868	8.6735618
	13.19700383	8.9181413
	13.21060899	9.0611727
	13.22421415	9.0481449
	13.23781931	9.1051221
	13.25142447	8.9669624
	13.26502963	8.8992599
	13.27863479	8.5512767
	13.3058451	8.8403551
	13.31945026	8.8322482
	13.33305542	8.7219765
	13.34666058	8.7002653
	13.36026574	8.6348202
	13.3738709	8.4542306
	13.38747605	7.682216
	13.40108121	7.4311238
	13.41468637	6.9335227
	13.42829153	6.974471
	13.44189669	7.1638413
	13.45550185	6.8797142
	13.46910701	6.7479833
	13.48271216	6.9444867
	13.49631732	6.5378176
	13.50992248	6.3670201
	13.52352764	6.2056943
	13.5371328	6.05923
	13.55073796	5.9680659
	13.56434312	5.8936439
	13.57794827	5.4893689
	13.59155343	5.374581
	13.60515859	5.5000235
	13.61876375	5.3449899
	13.63236891	5.3181341
	13.64597407	5.4880619
	13.65957923	6.5687175
	13.67318438	8.1081762
	13.7003947	6.8328842
	13.71399986	8.2019436
	13.75481534	10.448751
	13.76842049	10.393495
	13.78202565	9.6430347
	13.79563081	8.2528927
	13.80923597	7.6632119
	13.82284113	7.1118372
	13.83644629	6.8785141
	13.85005145	6.5705552
	13.8636566	6.1553449
	13.87726176	6.1865969
	13.89086692	6.0405333
	13.90447208	5.9045806
	13.91807724	5.9215562
	13.9316824	5.88412
	13.94528756	5.67717
	13.95889272	5.6503341
	13.97249787	5.9615052
	13.98610303	5.9093727
	13.99970819	5.8901236
	14.01331335	5.8645352
	14.02691851	5.7707523
	14.04052367	5.4637204
	14.05412883	5.5159947
	14.06773398	5.6618796
	14.08133914	5.7642727
	14.0949443	5.7470663
	14.10854946	5.8216025
	14.12215462	5.6984667
	14.13575978	5.5792433
	14.14936494	5.5286754
	14.16297009	5.4925874
	14.17657525	5.4999629
	14.19018041	5.5135733
	14.20378557	5.4252558
	14.21739073	5.3220296
	14.23099589	5.2979444
	14.24460105	5.453048
	14.2582062	5.5929274
	14.27181136	5.6127377
	14.28541652	5.6907907
	14.29902168	5.8510868
	14.31262684	6.0272684
	14.326232	6.1868334
	14.33983716	6.4019021
	14.35344231	6.250313
	14.36704747	6.5544152
	14.38065263	6.84134
	14.39425779	7.0024926
	14.40786295	7.0488631
	14.42146811	6.9374162
	14.43507327	6.8449803
	14.44867842	6.3984938
	14.46228358	6.1891078
	14.47588874	6.2067161
	14.4894939	6.121005
	14.50309906	6.1172432
	14.51670422	6.1426972
	14.53030938	6.2379198
	14.54391453	6.0787146
	14.55751969	5.9949108
	14.57112485	5.9142244
	14.58473001	5.8816581
	14.59833517	5.8309194
	14.61194033	5.7861426
	14.62554549	5.7016001
	14.63915064	5.539704
	14.6527558	5.4905787
	14.66636096	5.5085111
	14.67996612	5.5741056
	14.69357128	5.5523396
	14.70717644	5.5487132
	14.7207816	5.5777546
	14.73438675	5.3746217
	14.74799191	5.3134249
	14.76159707	5.324083
	14.77520223	5.2504216
	14.78880739	5.2075126
	14.80241255	5.2593818
	14.81601771	5.2737606
	14.82962286	5.4290756
	14.84322802	5.3239478
	14.85683318	5.3499001
	14.87043834	5.3669451
	14.8840435	5.3915887
	14.89764866	5.3954145
	14.91125382	5.3860904
	14.92485898	5.4431766
	14.93846413	5.5499236
	14.95206929	5.543366
	14.96567445	5.5992596
	14.97927961	5.5615391
	14.99288477	5.5914898
	15.00648993	5.6315529
	15.02009509	5.6370248
	15.03370024	5.602126
	15.0473054	5.5988581
	15.06091056	5.5666079
	15.07451572	5.5474821
	15.08812088	5.5379341
	15.10172604	5.473853
	15.1153312	5.4769412
	15.12893635	5.3921704
	15.14254151	5.4399204
	15.15614667	5.6217858
	15.16975183	5.7610532
	15.18335699	5.758794
	15.19696215	5.8553351
	15.21056731	5.825298
	15.22417246	5.8269702
	15.23777762	5.800085
	15.25138278	5.7925451
	15.26498794	5.8005991
	15.2785931	5.7848459
	15.29219826	5.7431025
	15.30580342	5.7953196
	15.31940857	5.8135918
	15.33301373	5.7989026
	15.34661889	5.7673411
	15.36022405	5.7943282
	15.37382921	5.7994908
	15.38743437	5.8133995
	15.40103953	5.7912071
	15.41464468	5.7428274
	15.42824984	5.6439281
	15.441855	5.602826
	15.45546016	5.6513007
	15.46906532	5.6151803
	15.48267048	5.5821347
	15.50988079	5.522231
	15.52348595	5.4990395
	15.53709111	5.4685933
	15.55069627	5.436854
	15.56430143	5.4041683
	15.57790659	5.3840462
	15.59151175	5.3452364
	15.6051169	5.3294469
	15.61872206	5.3237495
	15.63232722	5.3257855
	15.64593238	5.228597
	15.65953754	5.2637699
	15.6731427	5.2396037
	15.68674786	5.2471555
	15.70035301	5.2250136
	15.71395817	5.2449799
	15.72756333	5.2003464
	15.74116849	5.1612901
	15.75477365	5.2006128
	15.76837881	5.1893837
	15.78198397	5.1777571
	15.79558912	5.1603271
	15.80919428	5.165586
	15.82279944	5.1595688
	15.8364046	5.182485
	15.85000976	5.1313919
	15.86361492	5.1524663
	15.87722008	5.1779564
	15.89082524	5.1555038
	15.90443039	5.178483
	15.91803555	5.1297902
	15.93164071	5.1243499
	15.94524587	5.152621
	15.95885103	5.1164817
	15.97245619	5.0865509
	15.98606135	5.0744073
	15.9996665	5.1626665
	16.01327166	5.2013812
	16.02687682	5.2379487
	16.04048198	5.2079747
	16.05408714	5.1243002
	16.0676923	5.1591255
	16.08129746	5.1570873
	16.09490261	5.2039332
	16.10850777	5.2048687
	16.12211293	5.2091854
	16.13571809	5.2175859
	16.14932325	5.2209264
	16.16292841	5.1826475
	16.17653357	5.1874032
	16.19013872	5.1749294
	16.20374388	5.1821023
	16.21734904	5.1739042
	16.2309542	5.1975081
	16.24455936	5.1956293
	16.25816452	5.2209999
	16.27176968	5.2222413
	16.28537483	5.1742892
	16.29897999	5.1837312
	16.31258515	5.2060375
	16.32619031	5.186849
	16.33979547	5.1632667
	16.35340063	5.121048
	16.36700579	5.1188247
	16.3942161	5.0533162
	16.40782126	5.0379469
	16.42142642	5.0534207
	16.43503158	5.018323
	16.44863674	5.0025607
	16.4622419	5.0107262
	16.47584705	5.0008883
	16.48945221	4.9559624
	16.50305737	4.9935121
	16.51666253	5.0000823
	16.53026769	4.9675546
	16.54387285	4.9779938
	16.55747801	4.9851987
	16.57108316	4.9553832
	16.58468832	4.9540766
	16.59829348	4.9214174
	16.61189864	4.916765
	16.6255038	4.9179941
	16.63910896	4.9136136
	16.65271412	4.882487
	16.67992443	4.9037508
	16.69352959	4.9096076
	16.70713475	4.9247566
	16.72073991	4.9081867
	16.73434507	4.885569
	16.74795023	4.8930243
	16.76155538	4.8965543
	16.77516054	4.8862309
	16.7887657	4.8969037
	16.80237086	4.9172588
	16.81597602	4.9068476
	16.82958118	4.8572404
	16.84318634	4.8685819
	16.8567915	4.865696
	16.87039665	4.8536021
	16.88400181	4.8527568
	16.89760697	4.830048
	16.91121213	4.8609191
	16.92481729	4.8287385
	16.93842245	4.823948
	16.95202761	4.8434755
	16.96563276	4.8418974
	16.97923792	4.8451248
	16.99284308	4.8562925
	17.00644824	4.8370567
	17.0200534	4.8453708
	17.03365856	4.8423267
	17.04726372	4.7989826
	17.06086887	4.8072468
	17.07447403	4.794377
	17.08807919	4.7813866
	17.10168435	4.7944252
	17.11528951	4.7875193
	17.12889467	4.7608571
	17.14249983	4.7663193
	17.15610498	4.7827047
	17.16971014	4.791749
	17.1833153	4.7944103
	17.19692046	4.8086202
	17.21052562	4.7778565
	17.22413078	4.7854427
	17.23773594	4.7644425
	17.25134109	4.7678208
	17.26494625	4.7752746
	17.27855141	4.7846836
	17.29215657	4.7658338
	17.30576173	4.7644342
	17.31936689	4.7497765
	17.33297205	4.7666537
	17.3465772	4.7700425
	17.36018236	4.7551977
	17.37378752	4.743199
	17.38739268	4.7074833
	17.40099784	4.7186901
	17.414603	4.6965895
	17.42820816	4.6939779
	17.44181331	4.7036485
	17.45541847	4.7066763
	17.46902363	4.7081702
	17.48262879	4.7029841
	17.49623395	4.6815134
	17.50983911	4.6845572
	17.52344427	4.7429646
	17.53704942	4.7185224
	17.55065458	4.6966984
	17.56425974	4.6861571
	17.5778649	4.6687004
	17.59147006	4.6322307
	17.60507522	4.6265773
	17.61868038	4.6428814
	17.63228553	4.6147141
	17.64589069	4.6096167
	17.65949585	4.5807725
	17.67310101	4.5734191
	17.68670617	4.5606121
	17.70031133	4.5333147
	17.71391649	4.5554174
	17.72752164	4.5225177
	17.7411268	4.4882346
	17.75473196	4.4520757
	17.76833712	4.4556489
	17.78194228	4.4999853
	17.79554744	4.5116651
	17.8091526	4.5292235
	17.82275776	4.5147507
	17.83636291	4.4801105
	17.84996807	4.4779702
	17.86357323	4.4489406
	17.87717839	4.4381266
	17.89078355	4.4078632
	17.90438871	4.3828698
	17.91799387	4.3862349
	17.93159902	4.3942508
	17.94520418	4.3818426
	17.95880934	4.3874703
	17.9724145	4.4059583
	17.98601966	4.4125806
	17.99962482	4.4175922
	18.01322998	4.4048282
	18.02683513	4.4193188
	18.04044029	4.4207988
	18.05404545	4.4179628
	18.06765061	4.4115369
	18.08125577	4.4122451
	18.09486093	4.4092218
	18.10846609	4.4118425
	18.12207124	4.409175
	18.1356764	4.4046284
	18.14928156	4.3948673
	18.16288672	4.3931679
	18.17649188	4.374842
	18.19009704	4.3449174
	18.2037022	4.36092
	18.21730735	4.357685
	18.23091251	4.3491107
	18.24451767	4.3539087
	18.25812283	4.3396318
	18.27172799	4.3373104
	18.28533315	4.3425216
	18.29893831	4.3388115
	18.31254346	4.3373925
	18.32614862	4.2744303
	18.33975378	4.3291543
	18.35335894	4.3312616
	18.3669641	4.3277403
	18.38056926	4.3178199
	18.39417442	4.3239003
	18.40777957	4.3205379
	18.42138473	4.3020345
	18.43498989	4.2906685
	18.44859505	4.301772
	18.46220021	4.304149
	18.47580537	4.3144616
	18.48941053	4.3248327
	18.50301568	4.288783
	18.51662084	4.2939884
	18.530226	4.2859471
	18.54383116	4.276531
	18.55743632	4.2728031
	18.57104148	4.2330144
	18.58464664	4.2386069
	18.59825179	4.2516572
	18.61185695	4.2535819
	18.62546211	4.2539781
	18.63906727	4.2535528
	18.65267243	4.2356365
	18.66627759	4.2449191
	18.67988275	4.2266851
	18.6934879	4.2171774
	18.70709306	4.2055913
	18.72069822	4.2015285
	18.73430338	4.2027183
	18.74790854	4.2031087
	18.7615137	4.1988534
	18.77511886	4.1880574
	18.78872402	4.1828058
	18.80232917	4.1841973
	18.81593433	4.1742167
	18.82953949	4.1774096
	18.84314465	4.170591
	18.85674981	4.1625005
	18.87035497	4.1573528
	18.88396013	4.1575944
	18.89756528	4.1503221
	18.91117044	4.156938
	18.9247756	4.1407879
	18.93838076	4.1327244
	18.95198592	4.1329015
	18.96559108	4.1483621
	18.97919624	4.1090166
	18.99280139	4.0907588
	19.00640655	4.0948598
	19.02001171	4.0841781
	19.03361687	4.2438493
	19.04722203	4.0733655
	19.06082719	4.0694441
	19.07443235	4.0670506
	19.0880375	4.0548031
	19.10164266	4.0488059
	19.11524782	4.0459914
	19.12885298	4.0374601
	19.14245814	4.0211144
	19.1560633	4.0161428
	19.16966846	4.0063602
	19.18327361	4.0014985
	19.19687877	4.0028191
	19.21048393	3.9983988
	19.22408909	3.9899553
	19.23769425	3.9891633
	19.25129941	3.9709566
	19.26490457	3.9695678
	19.27850972	3.9609044
	19.29211488	3.9549147
	19.30572004	3.9441749
	19.3193252	3.9367227
	19.33293036	3.9349401
	19.34653552	3.9270813
	19.36014068	3.9240522
	19.37374583	3.9128315
	19.38735099	3.9150593
	19.40095615	3.9038685
	19.41456131	3.9694953
	19.42816647	3.8911804
	19.44177163	3.9042548
	19.45537679	3.8835369
	19.46898194	3.8825656
	19.4825871	3.8625405
	19.49619226	3.8602005
	19.50979742	3.8543557
	19.52340258	3.8471631
	19.53700774	3.8429396
	19.5506129	3.8366665
	19.56421805	3.8283158
	19.57782321	3.8222455
	19.59142837	3.816784
	19.99958313	3.5959836
	24.99947891	2.1841244
	29.99937469	1.3930332
	34.99927048	0.94730057
	39.99916626	0.67418875
	44.99906204	0.49988508
	49.99895782	0.38181552
	54.99885361	0.29977946
	59.99874939	0.24062503
	64.99864517	0.19664945
	69.99854095	0.16327137
	74.99843674	0.13734486
	79.99833252	0.11684078
	84.9982283	0.10043427
	89.99812408	0.087143509
	94.99801987	0.076200175
	99.99791565	0.067198948
	104.99781143	0.059701965
	109.99770721	0.053330595
	114.997603	0.048020127
	119.99749878	0.043451924
	124.99739456	0.039533703
	129.99729034	0.036227461
	134.99718613	0.033288825
