csdata_id	e_energy	sigma
170468	0.04198226000000105	0.0
170469	0.0435316100000005	6.0284777
170470	0.05713677000000139	38.398156
170471	0.07074193000000051	45.262679
170472	0.0843470900000014	51.464999
170473	0.09795225000000052	58.11980500000001
170474	0.11155741000000141	58.955187
170475	0.12516257000000053	57.83518
170476	0.1387677200000006	63.303808999999994
170477	0.1523728800000015	59.626249
170478	0.1659780400000006	56.805141000000006
170479	0.1795832000000015	54.539634
170480	0.19318836000000061	61.350502
170481	0.2067935200000015	58.242615
170482	0.22039868000000062	55.750112
170483	0.2340038300000007	55.712493
170484	0.24760899000000158	55.023297
170485	0.2612141500000007	53.024976
170486	0.2748193100000016	52.055685
170487	0.2884244700000007	53.297652
170488	0.3020296300000016	51.391971999999996
170489	0.3156347900000007	49.729927
170490	0.3428451000000017	51.410276
170491	0.3564502600000008	51.340231
170492	0.3700554200000017	49.202856
170493	0.3836605800000008	46.852057
170494	0.3972657399999999	46.104172
170495	0.4108709000000008	46.075327
170496	0.4244760500000009	43.134757
170497	0.43808121	41.47016
170498	0.4516863700000009	38.681074
170499	0.46529153	39.698161999999996
170500	0.4788966900000009	36.065086
170501	0.49250185	34.370616999999996
170502	0.5061070100000009	33.558509
170503	0.519712160000001	32.247779
170504	0.5333173200000001	30.880837
170505	0.546922480000001	31.032056
170506	0.5605276400000001	31.459114000000003
170507	0.574132800000001	29.123077000000002
170508	0.5877379600000001	28.60215
170509	0.601343120000001	27.798890000000004
170510	0.6149482700000011	27.518424
170511	0.6285534300000002	26.733086
170512	0.6421585900000011	25.802677
170513	0.6557637500000002	24.30648
170514	0.6693689100000011	22.944106
170515	0.6829740700000002	22.58635
170516	0.6965792300000011	23.324334
170517	0.7101843800000012	25.057861
170518	0.7373947000000012	23.793034
170519	0.7509998600000003	27.025353000000003
170520	0.7918153400000012	28.278013
170521	0.8054204900000013	27.389696
170522	0.8190256500000004	26.535832
170523	0.8326308100000013	25.805749
170524	0.8462359700000004	26.381457
170525	0.8598411300000013	24.752589999999998
170526	0.8734462900000004	23.602169
170527	0.8870514500000013	22.35684
170528	0.9006566000000014	21.510277
170529	0.9142617600000005	18.914438
170530	0.9278669200000014	16.656973999999998
170531	0.9414720800000005	16.453813
170532	0.9550772400000014	16.172960999999997
170533	0.9686824000000005	15.299892999999999
170534	0.9822875600000014	14.316566
170535	0.9958927200000005	13.708131
170536	1.0094978700000006	13.070729
170537	1.0231030300000015	12.640916
170538	1.0367081900000006	11.895986
170539	1.0503133500000015	11.498021000000001
170540	1.0639185100000006	11.137547
170541	1.0775236700000015	11.126717
170542	1.0911288300000006	11.070357000000001
170543	1.1047339800000007	10.564857
170544	1.1183391400000016	9.909469999999999
170545	1.1319443000000007	9.319730300000002
170546	1.1455494600000016	8.9309947
170547	1.1591546200000007	8.570100199999999
170548	1.1727597800000016	8.2510748
170549	1.1863649400000007	7.6388133
170550	1.1999700900000008	7.6560689
170551	1.2135752500000017	7.399977499999999
170552	1.2271804100000008	6.9639433
170553	1.2407855700000017	6.7930671
170554	1.2543907300000008	6.4413379
170555	1.2679958900000017	6.2411010000000005
170556	1.2816010500000008	6.1210958
170557	1.2952062000000009	6.0256365999999995
170558	1.30881136	6.0307606
170559	1.3224165200000009	5.9729113
170560	1.33602168	5.9558926
170561	1.3496268400000009	5.9103027
170562	1.363232	6.108957599999999
170563	1.376837160000001	6.3235177
170564	1.390442310000001	6.1648804
170565	1.40404747	6.12584
170566	1.417652630000001	6.5851057
170567	1.43125779	6.6977522
170568	1.444862950000001	7.3600262999999995
170569	1.45846811	7.858927799999999
170570	1.472073270000001	8.0792853
170571	1.485678420000001	8.2110218
170572	1.4992835800000002	7.8417895
170573	1.512888740000001	7.3352398
170574	1.5264939000000002	6.9573217000000005
170575	1.540099060000001	6.6958636
170576	1.5537042200000002	6.3735192000000005
170577	1.567309380000001	6.1711456
170578	1.5809145300000012	5.7660324
170579	1.5945196900000003	5.55699
170580	1.6081248500000012	5.523004900000001
170581	1.6217300100000003	5.3226071
170582	1.6353351700000012	5.0794019
170583	1.6489403300000003	4.8940985
170584	1.6625454900000012	4.801474
170585	1.6761506400000012	4.5415957
170586	1.6897558000000004	4.4257193
170587	1.7033609600000013	4.233982900000001
170588	1.7169661200000004	4.0549478
170589	1.7305712800000013	3.8705621
170590	1.7441764400000004	3.866572
170591	1.7577816000000013	3.7764914
170592	1.7713867500000013	3.7013542999999998
170593	1.7849919100000005	3.666672
170594	1.7985970700000014	3.5289349999999997
170595	1.8122022300000005	3.2486686000000002
170596	1.8258073900000014	3.2327452
170597	1.8394125500000005	3.2384991000000003
170598	1.8530177100000014	3.2668152000000004
170599	1.8666228600000014	3.2590619
170600	1.8802280200000006	3.2431955
170601	1.8938331800000014	3.158399
170602	1.9074383400000006	3.1483462
170603	1.9210435000000015	3.2359181
170604	1.9346486600000006	3.0987005
170605	1.9482538200000015	2.9937597
170606	1.9618589800000006	2.9937357999999996
170607	1.9754641300000007	2.8815076
170608	1.9890692900000015	2.7612433999999997
170609	2.0026744500000007	2.7762322
170610	2.0162796100000016	2.7673357000000003
170611	2.0298847700000007	2.7210785
170612	2.0434899300000016	2.703751
170613	2.0570950900000007	2.6571674
170614	2.0707002400000007	2.7217338
170615	2.0843054000000016	2.7107848999999997
170616	2.0979105600000008	2.6943045
170617	2.1115157200000017	2.6467103
170618	2.1251208800000008	2.6271104
170619	2.1387260400000017	2.5321933
170620	2.1523312000000008	2.6085167
170621	2.165936350000001	2.6374299
170622	2.17954151	2.6704898
170623	2.193146670000001	2.5510764
170624	2.20675183	2.4706822
170625	2.220356990000001	2.4894472000000003
170626	2.23396215	2.4696142999999995
170627	2.247567310000001	2.5704776000000003
170628	2.261172460000001	2.6319767000000005
170629	2.27477762	2.6477556
170630	2.288382780000001	2.7108249
170631	2.30198794	2.5935366
170632	2.315593100000001	2.6325781000000004
170633	2.32919826	2.6122566000000003
170634	2.342803420000001	2.5897451
170635	2.356408570000001	2.6856623
170636	2.37001373	2.6848185
170637	2.383618890000001	2.6545091
170638	2.39722405	2.5591567000000004
170639	2.410829210000001	2.4750838
170640	2.42443437	2.4543531
170641	2.438039530000001	2.3662995
170642	2.451644680000001	2.2021096
170643	2.4652498400000002	2.0232699
170644	2.478855000000001	1.8858863000000001
170645	2.4924601600000003	1.8179906000000003
170646	2.506065320000001	1.7490854
170647	2.5196704800000003	1.6812014
170648	2.5468807900000012	1.6761262
170649	2.5604859500000003	1.6296663999999998
170650	2.5740911100000012	1.5856914
170651	2.5876962700000004	1.5579797
170652	2.6013014300000012	1.5065796999999999
170653	2.6149065900000004	1.5332552
170654	2.6285117500000013	1.4991796
170655	2.6421169000000013	1.4437208000000001
170656	2.6557220600000004	1.3669464
170657	2.6693272200000013	1.407965
170658	2.6829323800000004	1.3559780000000001
170659	2.6965375400000013	1.3080715
170660	2.7101427000000005	1.3112445
170661	2.7237478600000014	1.2645336999999999
170662	2.7373530100000014	1.2674032
170663	2.7509581700000005	1.2177084999999999
170664	2.7645633300000014	1.2686665000000001
170665	2.7781684900000005	1.2237827
170666	2.7917736500000014	1.1868798
170667	2.8053788100000006	1.1347081
170668	2.8189839700000014	1.140708
170669	2.8325891200000015	1.1202383
170670	2.8461942800000006	1.1581357
170671	2.8597994400000015	1.1384495000000001
170672	2.8734046000000006	1.109043
170673	2.8870097600000015	1.1050368
170674	2.9006149200000007	1.0939143999999998
170675	2.9142200800000015	1.0924989
170676	2.9278252400000007	1.0824397
170677	2.9414303900000007	1.0667565
170678	2.9550355500000016	1.0542711999999999
170679	2.9686407100000007	1.0431329
170680	2.9822458700000016	1.0156832
170681	2.9958510300000007	1.0533991000000003
170682	3.0094561900000016	1.08189
170683	3.0230613500000008	1.0505198999999998
170684	3.036666500000001	1.0699256000000001
170685	3.0502716600000017	1.0938841000000001
170686	3.063876819999999	1.0689194
170687	3.07748198	1.0340268
170688	3.091087140000001	1.0370784
170689	3.1046923000000017	1.0309636
170690	3.118297459999999	1.0479729
170691	3.131902609999999	1.0413035
170692	3.14550777	1.0338896
170693	3.159112930000001	1.0330219999999999
170694	3.172718090000002	1.0288201
170695	3.186323249999999	1.0270675
170696	3.19992841	1.0267518
170697	3.213533570000001	0.99679033
170698	3.227138720000001	1.0163512
170699	3.240743880000002	0.99476239
170700	3.2543490399999992	1.024469
170701	3.2679542	1.0039135000000001
170702	3.281559360000001	0.98598122
170703	3.295164520000002	0.98454156
170704	3.3087696799999993	1.0098629000000001
170705	3.3223748299999993	0.94606094
170706	3.3359799900000002	0.9214966
170707	3.349585150000001	0.89984715
170708	3.363190310000002	0.89678683
170709	3.3767954699999994	0.89188836
170710	3.3904006300000002	0.91016403
170711	3.404005790000001	0.87420837
170712	3.431216100000002	0.84571385
170713	3.4448212599999994	0.83634801
170714	3.4584264200000003	0.82300888
170715	3.4720315800000012	0.81468659
170716	3.485636740000002	0.80785356
170717	3.4992418999999995	0.76605816
170718	3.5128470499999995	0.77449542
170719	3.5264522100000004	0.76003671
170720	3.5400573700000013	0.75393434
170721	3.553662530000002	0.72212316
170722	3.5672676899999995	0.70501186
170723	3.5808728500000004	0.71074439
170724	3.5944780100000013	0.71104324
170725	3.6080831600000014	0.67704677
170726	3.6216883200000023	0.67153064
170727	3.6352934799999996	0.64961513
170728	3.6488986400000005	0.63687655
170729	3.6625038000000014	0.63230031
170730	3.6761089600000023	0.61841025
170731	3.6897141199999997	0.60710458
170732	3.7169244300000006	0.57277365
170733	3.7305295900000015	0.55649992
170734	3.7441347500000024	0.56336528
170735	3.7577399099999997	0.54400875
170736	3.7713450700000006	0.55237984
170737	3.7849502300000015	0.5604083
170738	3.7985553800000016	0.53743266
170739	3.8121605400000025	0.56969403
170740	3.8257657	0.57111739
170741	3.8393708600000007	0.56137784
170742	3.8529760200000016	0.56690259
170743	3.8665811800000025	0.57174749
170744	3.88018634	0.58820725
170745	3.8937915000000007	0.57081494
170746	3.907396650000001	0.55553808
170747	3.9210018100000017	0.53896566
170748	3.934606969999999	0.54943029
170749	3.94821213	0.55380864
170750	3.961817290000001	0.51852085
170751	3.9754224500000017	0.50462363
170752	3.989027609999999	0.49960424
170753	4.002632759999999	0.49627959
170754	4.01623792	0.50714709
170755	4.029843080000001	0.51189829
170756	4.043448240000002	0.51442254
170757	4.057053399999999	0.495687
170758	4.07065856	0.50045866
170759	4.084263720000001	0.49986096
170760	4.097868870000001	0.47296365
170761	4.111474030000002	0.46504073
170762	4.125079189999999	0.46792003
170763	4.13868435	0.44620932
170764	4.152289510000001	0.45310528
170765	4.165894670000002	0.46256436
170766	4.179499829999999	0.44780979
170767	4.193104979999999	0.44644284
170768	4.20671014	0.44435713
170769	4.220315300000001	0.43114588
170770	4.233920460000002	0.42577377
170771	4.247525619999999	0.41090272
170772	4.26113078	0.43716769
170773	4.274735940000001	0.44019366
170774	4.288341090000001	0.44858595
170775	4.301946250000002	0.45753212
170776	4.315551409999999	0.42331103
170777	4.32915657	0.4235655
170778	4.342761730000001	0.43731159
170779	4.356366890000002	0.42897146
170780	4.369972049999999	0.42263413
170781	4.3835771999999995	0.41997171
170782	4.39718236	0.41490577
170783	4.410787520000001	0.40950167
170784	4.424392680000002	0.4000292
170785	4.4379978399999995	0.40697731
170786	4.451603	0.40252328
170787	4.465208160000001	0.40392076
170788	4.478813310000001	0.39793627
170789	4.492418470000002	0.40077164
170790	4.50602363	0.38809806
170791	4.5196287900000005	0.38026456
170792	4.533233950000001	0.37296225
170793	4.546839110000002	0.37723405
170794	4.56044427	0.36077567
170795	4.57404942	0.36090377
170796	4.587654580000001	0.35102317
170797	4.6012597400000015	0.34465855
170798	4.614864900000002	0.33566408
170799	4.62847006	0.32378596
170800	4.642075220000001	0.32896021
170801	4.6556803800000015	0.32644099
170802	4.669285530000002	0.32091503
170803	4.6828906900000025	0.3058192
170804	4.69649585	0.30253387
170805	4.710101010000001	0.31489772
170806	4.723706170000002	0.30636014
170807	4.7373113300000025	0.32510607
170808	4.75091649	0.30739423
170809	4.76452164	0.30807386
170810	4.778126800000001	0.30413657
170811	4.791731960000002	0.29371623
170812	4.805337120000003	0.29456663
170813	4.81894228	0.29940785
170814	4.832547440000001	0.3076814
170815	4.846152600000002	0.29887166
170816	4.859757759999999	0.29256924
170817	4.873362909999999	0.28920144
170818	4.88696807	0.2835055
170819	4.900573230000001	0.27323577
170820	4.914178390000002	0.28821589
170821	4.927783549999999	0.29038038
170822	4.94138871	0.28938986
170823	4.954993870000001	0.2916291
170824	4.968599020000001	0.29553952
170825	4.982204180000002	0.28872056
170826	4.995809339999999	0.2861926
170827	5.0094145	0.28198223
170828	5.023019660000001	0.29163114
170829	5.036624820000002	0.28435647
170830	5.050229979999999	0.28930576
170831	5.063835129999999	0.2935269
170832	5.07744029	0.28886598
170833	5.091045450000001	0.28433868
170834	5.104650610000002	0.28086217
170835	5.118255769999999	0.28602561
170836	5.13186093	0.27848608
170837	5.145466090000001	0.27569779
170838	5.159071240000001	0.26922202
170839	5.172676400000002	0.27054246
170840	5.186281559999999	0.2639303
170841	5.19988672	0.26406229
170842	5.213491880000001	0.26213998
170843	5.227097040000002	0.26521424
170844	5.240702199999999	0.25879575
170845	5.2543073499999995	0.25794924
170846	5.26791251	0.25810087
170847	5.281517670000001	0.25840812
170848	5.295122830000002	0.26557563
170849	5.3087279899999995	0.25996022
170850	5.32233315	0.25687072
170851	5.335938310000001	0.26005357
170852	5.349543460000001	0.26608068
170853	5.363148620000002	0.26218288
170854	5.37675378	0.26442863
170855	5.3903589400000005	0.26920981
170856	5.403964100000001	0.26898339
170857	5.417569260000002	0.27160526
170858	5.43117442	0.26973998
170859	5.44477957	0.26603052
170860	5.458384730000001	0.26872491
170861	5.4719898900000015	0.26350647
170862	5.485595050000002	0.26562687
170863	5.49920021	0.26110906
170864	5.512805370000001	0.24972535
170865	5.5264105300000015	0.25091949
170866	5.5400156800000016	0.24610439
170867	5.5536208400000024	0.24048081
170868	5.567226	0.23298537
170869	5.580831160000001	0.23500681
170870	5.594436320000002	0.22627937
170871	5.6080414800000025	0.21172213
170872	5.62164664	0.20797539
170873	5.63525179	0.21659526
170874	5.648856950000001	0.20169284
170875	5.662462110000002	0.20045999
170876	5.6760672700000026	0.2013219
170877	5.68967243	0.19497474
170878	5.703277590000001	0.19480055
170879	5.716882750000002	0.18750198
170880	5.730487900000002	0.19039417
170881	5.744093059999999	3.9323773
170882	5.75769822	0.18900696
170883	5.771303380000001	0.1823794
170884	5.784908540000002	0.17929094
170885	5.798513699999999	0.17886307
170886	5.81211886	0.17599708
170887	5.825724020000001	0.17168283
170888	5.839329170000001	0.17188208
170889	5.852934330000002	0.17230273
170890	5.866539489999999	0.16615808
170891	5.88014465	0.16509266
170892	5.893749810000001	0.16132884
170893	5.907354970000002	0.16287185
170894	5.920960129999999	0.16847506
170895	5.934565279999999	0.15985164
170896	5.94817044	0.15594641
170897	5.961775600000001	0.16897384
170898	5.975380760000002	0.15891902
170899	5.988985919999999	0.15953391
170900	6.00259108	0.15731005
170901	6.016196240000001	0.15717654
170902	6.029801390000001	0.15985517
170903	6.043406550000002	0.16041143
170904	6.057011709999999	0.15879588
170905	6.07061687	0.15461556
170906	6.084222030000001	0.15872651
170907	6.097827190000002	0.16210066
170908	6.111432349999999	0.16110919
170909	6.1250374999999995	0.15910235
170910	6.13864266	0.15990444
170911	6.152247820000001	0.15589507
170912	6.165852980000002	0.15232519
170913	6.1794581399999995	0.15388093
170914	6.1930633	0.15095496
170915	6.206668460000001	0.14538882
170916	6.220273610000001	0.14410033
170917	6.233878770000002	0.14213336
170918	6.24748393	0.14063261
170919	6.2610890900000005	0.140946
170920	6.274694250000001	0.14115526
170921	6.288299410000002	0.13870424
170922	6.30190457	0.13812902
170923	6.31550972	0.13442762
170924	6.3291148800000006	0.13491997
170925	6.3427200400000014	0.12951641
170926	6.356325200000002	0.12753677
170927	6.36993036	0.12518718
170928	6.383535520000001	0.13412166
170929	6.3971406800000015	0.13359721
170930	6.4107458300000015	0.12973295
170931	6.424350990000002	0.13390461
170932	6.43795615	0.1281971
170933	6.451561310000001	6.260509
170934	6.4651664700000016	0.12654151
170935	6.4787716300000024	0.12725187
170936	6.49237679	0.12494242
170937	6.50598194	0.12772813
170938	6.519587100000001	0.12772656
170939	6.533192260000002	0.12633217
170940	6.5467974200000025	0.12788358
170941	6.56040258	0.25590876
170942	6.574007740000001	0.12490464
170943	6.587612900000002	0.12563649
170944	6.601218050000002	0.12649425
170945	6.614823209999999	0.12321376
170946	6.62842837	0.12283682
170947	7.036583130000002	10.826571000000001
170948	12.036478910000001	0.030418419
170949	17.036374690000002	0.013962708999999998
170950	22.03627048	0.0084431278
170951	27.03616626	0.0059410768
170952	32.03606204	0.004877408
170953	37.03595782	0.0038255606
170954	42.03585361	0.003205874
170955	47.03574939	0.0026529635999999997
170956	52.03564517	0.0021979859
170957	57.035540950000005	0.0018517225
170958	62.03543674	0.0015672895
170959	67.03533252000001	0.0012947536999999999
170960	72.0352283	0.0011437052000000001
170961	77.03512408	0.00096884016
170962	82.03501987	0.00083958927
170963	87.03491565	0.00072679985
170964	92.03481143	0.0006304512
170965	97.03470721000001	0.00054938879
170966	102.034603	0.00048497567000000004
170967	107.03449878	0.00042701276
170968	112.03439456000001	0.00037783453
170969	117.03429034000001	0.00033640975
170970	122.03418613	0.00029922368
