csdata_id	e_energy	sigma
78668	2.14385156	0.0
78669	2.1509006599999996	0.35979652
78670	2.1645058199999987	0.47104781
78671	2.1781109799999996	0.93630147
78672	2.1917161399999987	1.3529109
78673	2.2053212999999996	0.91169441
78674	2.2189264599999987	1.088718
78675	2.232531609999999	0.87191006
78676	2.2461367699999997	1.1499057
78677	2.259741929999999	1.1728787
78678	2.2733470899999997	1.0348955
78679	2.286952249999999	1.0357794
78680	2.3005574099999997	1.0662593999999999
78681	2.314162569999999	1.164728
78682	2.327767719999999	1.2478046999999999
78683	2.3413728799999998	1.2907057
78684	2.354978039999999	1.2887963
78685	2.3685831999999998	1.3170858
78686	2.382188359999999	1.3153946
78687	2.39579352	1.3204561000000001
78688	2.409398679999999	1.3477743
78689	2.423003829999999	1.3806125
78690	2.43660899	1.3995078
78691	2.450214149999999	1.4147357
78692	2.46381931	1.3973168
78693	2.477424469999999	1.4509796999999998
78694	2.49102963	1.4683084
78695	2.504634789999999	1.4602801
78696	2.5318451	1.5670028
78697	2.545450259999999	1.6462892
78698	2.55905542	1.7207935
78699	2.572660579999999	1.7544549999999999
78700	2.586265739999998	1.9032723999999999
78701	2.599870899999999	1.9947776000000002
78702	2.613476049999999	1.8901552
78703	2.6270812099999983	1.8407736000000001
78704	2.640686369999999	1.8321025000000002
78705	2.6542915299999983	1.8051697
78706	2.667896689999999	1.8219299999999998
78707	2.6815018499999983	1.8177691000000002
78708	2.695107009999999	1.7575709
78709	2.7087121599999993	1.9165925
78710	2.7223173199999984	1.9182403000000001
78711	2.7359224799999993	1.8870356
78712	2.7495276399999984	1.8619904999999999
78713	2.7631327999999993	1.9992908999999999
78714	2.7767379599999984	1.9958169999999997
78715	2.7903431199999993	1.9496391
78716	2.8039482699999994	1.9107901000000003
78717	2.8175534299999985	1.860839
78718	2.8311585899999994	1.8714013999999999
78719	2.8447637499999985	1.8116005000000002
78720	2.8583689099999994	1.6780279999999999
78721	2.8719740699999985	1.4847574
78722	2.8855792299999994	1.4387645
78723	2.8991843799999995	1.6020501
78724	2.9263946999999995	1.9606151
78725	2.9399998599999986	1.6578083
78726	2.9808153399999995	1.7004738999999998
78727	2.9944204899999995	1.8413967
78728	3.0080256499999987	1.8714345000000001
78729	3.0216308099999996	1.7873226999999998
78730	3.0352359699999987	1.7439361
78731	3.0488411299999996	1.7247946
78732	3.0624462899999987	1.7443093
78733	3.0760514499999996	1.7157362
78734	3.0896565999999996	1.7496418000000002
78735	3.1032617599999988	1.7187740000000002
78736	3.1168669199999997	1.6718697
78737	3.1304720799999988	1.7104626
78738	3.1440772399999997	1.7227874
78739	3.157682399999999	1.7325529999999998
78740	3.1712875599999997	1.8016485
78741	3.184892719999999	1.8483413
78742	3.198497869999999	1.8202011000000002
78743	3.2121030299999997	1.8112284
78744	3.225708189999999	1.7952206999999998
78745	3.2393133499999998	1.8655528000000001
78746	3.252918509999999	1.9090737000000002
78747	3.2665236699999998	1.8231061999999998
78748	3.280128829999999	1.8074818
78749	3.293733979999999	1.8263352
78750	3.30733914	1.8440191000000004
78751	3.320944299999999	1.8467148000000002
78752	3.33454946	1.8489598999999999
78753	3.348154619999999	1.8241565
78754	3.36175978	1.7611556000000002
78755	3.375364939999999	1.7175509999999998
78756	3.388970089999999	1.7662314
78757	3.40257525	1.7279939999999998
78758	3.416180409999999	1.681644
78759	3.42978557	1.6295001
78760	3.443390729999999	1.5958451
78761	3.45699589	1.5377665
78762	3.470601049999999	1.4871011
78763	3.484206199999999	1.4933531999999998
78764	3.4978113599999983	1.465825
78765	3.511416519999999	1.4726416000000002
78766	3.5250216799999983	1.4836006000000002
78767	3.538626839999999	1.4291221
78768	3.5522319999999983	1.3951885
78769	3.565837159999999	1.4195267
78770	3.5794423099999992	1.4669618999999998
78771	3.5930474699999984	1.5403227
78772	3.6066526299999992	1.5887242
78773	3.6202577899999984	1.650782
78774	3.6338629499999993	1.6507714
78775	3.6474681099999984	1.707243
78776	3.6610732699999993	1.6897215
78777	3.6746784199999993	1.6426005000000001
78778	3.6882835799999985	1.6428136000000002
78779	3.7018887399999993	1.6455171000000002
78780	3.7154938999999985	1.6591622
78781	3.7290990599999994	1.6871226000000001
78782	3.7427042199999985	1.7327296000000003
78783	3.7563093799999994	1.7840358
78784	3.7699145299999994	1.7471539
78785	3.7835196899999985	1.7373401999999998
78786	3.7971248499999994	1.7295861000000001
78787	3.8107300099999986	1.7691225
78788	3.8243351699999995	1.7984191000000003
78789	3.8379403299999986	1.7909311
78790	3.8515454899999995	1.8198165000000002
78791	3.8651506399999995	1.8609692
78792	3.8787557999999986	1.8587401999999997
78793	3.8923609599999995	1.8570168000000002
78794	3.9059661199999987	1.8528938000000001
78795	3.9195712799999995	1.8584181
78796	3.9331764399999987	1.870657
78797	3.9467815999999996	1.8737406000000003
78798	3.9603867499999996	1.8818411
78799	3.9739919099999987	1.8720386000000002
78800	3.9875970699999996	1.8214759999999999
78801	4.001202229999999	1.8311224999999998
78802	4.01480739	1.8206278999999999
78803	4.028412549999999	1.8024734
78804	4.04201771	1.8096715
78805	4.05562286	1.8211658
78806	4.069228019999999	1.8024186000000002
78807	4.08283318	1.8029148000000002
78808	4.096438339999999	1.7967419999999998
78809	4.1100435	1.7816933999999998
78810	4.123648659999999	1.7633915
78811	4.13725382	1.7497932
78812	4.150858979999999	1.7186999
78813	4.164464129999999	1.6743816000000002
78814	4.17806929	1.6814601999999998
78815	4.191674449999999	1.6785188999999998
78816	4.20527961	1.7085241999999998
78817	4.218884769999999	1.7136538000000001
78818	4.23248993	1.7127379
78819	4.246095089999999	1.7278136000000002
78820	4.259700239999999	1.7233892
78821	4.2733054	1.7395216
78822	4.286910559999999	1.7258830000000003
78823	4.30051572	1.7271808999999998
78824	4.314120879999999	1.7221724999999999
78825	4.32772604	1.700694
78826	4.341331199999999	1.6952821
78827	4.354936349999999	1.6952770000000001
78828	4.368541509999998	1.6629358
78829	4.382146669999999	1.6312094
78830	4.395751829999998	1.6290476999999999
78831	4.409356989999999	1.6285425
78832	4.422962149999998	1.6258036
78833	4.436567309999999	1.6305120000000002
78834	4.450172459999999	1.6207552
78835	4.463777619999998	1.619269
78836	4.477382779999999	1.6353393
78837	4.490987939999998	1.6421303
78838	4.504593099999999	1.6644174999999999
78839	4.518198259999998	1.6488183999999997
78840	4.531803419999999	1.6629348000000002
78841	4.545408569999999	1.7161036
78842	4.559013729999998	1.785173
78843	4.572618889999999	1.7505734
78844	4.586224049999998	1.7602811
78845	4.599829209999999	1.7805305
78846	4.6134343699999985	1.7833197
78847	4.627039529999999	1.7764494
78848	4.640644679999999	1.7716953999999998
78849	4.6542498399999985	1.7647043999999998
78850	4.667854999999999	1.7562395
78851	4.6814601599999985	1.7558083999999998
78852	4.695065319999999	1.7525692
78853	4.7086704799999985	1.7562916000000002
78854	4.7358807899999995	1.7431688000000003
78855	4.749485949999999	1.7505548999999998
78856	4.7630911099999995	1.7672031000000004
78857	4.776696269999999	1.7521711
78858	4.7903014299999995	1.751927
78859	4.803906589999999	1.7512667000000002
78860	4.8175117499999995	1.7643508999999997
78861	4.8311169	1.7499582999999999
78862	4.844722059999999	1.747557
78863	4.85832722	1.7580749
78864	4.871932379999999	1.7362646000000002
78865	4.88553754	1.7437953000000002
78866	4.899142699999999	1.7398939999999998
78867	4.91274786	1.7450249
78868	4.92635301	1.7649990000000002
78869	4.939958169999999	1.7465297
78870	4.95356333	1.7477302
78871	4.967168489999999	1.7583171999999998
78872	4.98077365	1.751912
78873	4.994378809999999	1.7507101000000003
78874	5.00798397	1.7584958
78875	5.02158912	1.7675866999999998
78876	5.035194279999999	1.7604596000000001
78877	5.04879944	1.7520129
78878	5.062404599999999	1.7602421999999998
78879	5.07600976	1.7647633999999999
78880	5.089614919999999	1.7597911
78881	5.10322008	1.7599942
78882	5.116825239999999	1.7545321
78883	5.130430389999999	1.7476464
78884	5.14403555	1.7434676
78885	5.157640709999999	1.7332651000000001
78886	5.17124587	1.7257708999999999
78887	5.184851029999999	1.7465990000000002
78888	5.19845619	1.7151580000000002
78889	5.212061349999999	1.7327438999999998
78890	5.225666499999999	1.7349436000000003
78891	5.23927166	1.7318669999999998
78892	5.252876819999997	1.722696
78893	5.266481979999998	1.7158759
78894	5.280087139999999	1.7126229
78895	5.2936923	1.711122
78896	5.307297459999997	1.7017634
78897	5.320902609999997	1.6914866999999998
78898	5.334507769999998	1.6812485000000001
78899	5.348112929999999	1.6664221000000001
78900	5.36171809	1.653059
78901	5.375323249999997	1.6502688
78902	5.388928409999998	1.6484148
78903	5.402533569999999	1.6545823
78904	5.416138719999999	1.6489153000000003
78905	5.42974388	1.6551971999999997
78906	5.4433490399999975	1.6499126
78907	5.456954199999998	1.629492
78908	5.470559359999999	1.6385752
78909	5.48416452	1.6379449
78910	5.4977696799999975	1.6493528999999998
78911	5.511374829999998	1.6530403000000002
78912	5.5249799899999985	1.6516851000000001
78913	5.538585149999999	1.6635944999999999
78914	5.55219031	1.6599575
78915	5.565795469999998	1.6801296000000001
78916	5.5794006299999985	1.6769268
78917	5.593005789999999	1.6850672999999998
78918	5.6202161	1.6905474999999999
78919	5.633821259999998	1.6911754
78920	5.647426419999999	1.6957001
78921	5.6610315799999995	1.698075
78922	5.67463674	1.6942013999999999
78923	5.688241899999998	1.7036953000000001
78924	5.701847049999998	1.7146063000000002
78925	5.715452209999999	1.7150855999999999
78926	5.72905737	1.7184406000000003
78927	5.7426625300000005	1.7408089
78928	5.756267689999998	1.7341749
78929	5.769872849999999	1.7199238999999997
78930	5.78347801	1.7244165
78931	5.79708316	1.7472964
78932	5.810688320000001	1.7449563999999997
78933	5.824293479999998	1.7590815
78934	5.837898639999999	1.7594633000000002
78935	5.8515038	1.7783372
78936	5.865108960000001	1.7898213
78937	5.878714119999998	1.8038793999999998
78938	5.905924429999999	1.7831976000000003
78939	5.91952959	1.7690772000000001
78940	5.933134750000001	1.7646921000000002
78941	5.946739909999998	1.7621212
78942	5.960345069999999	1.7495061
78943	5.97395023	1.7286021
78944	5.98755538	1.7349298999999998
78945	6.001160540000001	1.7248077000000002
78946	6.014765699999998	1.7189535
78947	6.028370859999999	1.7170211
78948	6.04197602	1.7158631000000002
78949	6.055581180000001	1.710423
78950	6.069186339999998	1.7111836999999999
78951	6.082791499999999	1.7052935000000002
78952	6.096396649999999	1.6985363999999998
78953	6.11000181	1.7077238999999997
78954	6.123606969999997	1.7189264
78955	6.137212129999998	1.7190542000000002
78956	6.150817289999999	1.7150283
78957	6.16442245	1.7189891
78958	6.178027609999997	1.7112561999999998
78959	6.191632759999997	1.7110066000000002
78960	6.205237919999998	1.7115623
78961	6.218843079999999	1.712494
78962	6.23244824	1.7129464
78963	6.246053399999997	1.7125119999999998
78964	6.259658559999998	1.7115271
78965	6.273263719999999	1.7116012999999999
78966	6.286868869999999	1.7128378
78967	6.30047403	1.7187017
78968	6.3140791899999975	1.716435
78969	6.327684349999998	1.7247151
78970	6.341289509999999	1.7293896
78971	6.35489467	1.7195658
78972	6.3684998299999975	1.7277605999999999
78973	6.382104979999998	1.7286461
78974	6.3957101399999985	1.7294164
78975	6.409315299999999	1.7148574
78976	6.42292046	1.7151648999999998
78977	6.436525619999998	1.7181038
78978	6.4501307799999985	1.7098555
78979	6.463735939999999	1.703759
78980	6.4773410899999995	1.7041177
78981	6.49094625	1.7052512
78982	6.504551409999998	1.7069311999999999
78983	6.518156569999999	1.6995993000000003
78984	6.5317617299999995	1.7057115000000003
78985	6.54536689	1.70249
78986	6.558972049999998	1.7031266999999999
78987	6.572577199999998	1.6960157
78988	6.586182359999999	1.6894381999999997
78989	6.59978752	1.6826168999999997
78990	6.6133926800000005	1.6795064999999998
78991	6.626997839999998	1.6860324
78992	6.640602999999999	1.6901764
78993	6.65420816	1.6883666000000002
78994	6.66781331	1.6878155
78995	6.6814184700000006	1.6836464
78996	6.695023629999998	1.6820456999999998
78997	6.708628789999999	1.6748322
78998	6.72223395	1.6693218
78999	6.735839110000001	1.6646743999999998
79000	6.749444269999998	1.6734948
79001	6.763049419999998	1.6918714
79002	6.776654579999999	1.6879304
79003	6.79025974	1.6843648
79004	6.803864900000001	1.6836639
79005	6.817470059999998	1.6848931
79006	6.831075219999999	1.6814296000000002
79007	6.84468038	1.6827815
79008	6.85828553	1.6729357
79009	6.871890690000001	1.6768043000000001
79010	6.885495849999998	1.684278
79011	6.899101009999999	1.6820781000000002
79012	6.91270617	1.6812566000000002
79013	6.926311330000001	1.6800624
79014	6.939916489999998	1.6815321
79015	6.953521639999998	1.6823655
79016	6.967126799999999	1.6799511000000003
79017	6.98073196	1.6825047999999998
79018	6.994337120000001	1.677368
79019	7.007942279999998	1.6757129000000002
79020	7.021547439999999	1.6782761999999998
79021	7.0351526	1.6772918
79022	7.048757759999997	1.6808409
79023	7.062362909999997	1.6789644
79024	7.075968069999998	1.6841429
79025	7.089573229999999	1.6925033
79026	7.10317839	1.6945495
79027	7.116783549999997	1.7033851000000002
79028	7.130388709999998	1.7033783
79029	7.143993869999999	1.7088446
79030	7.157599019999999	1.7158786
79031	7.17120418	1.7266323000000001
79032	7.1848093399999975	1.7322908
79033	7.198414499999998	1.7415231
79034	7.212019659999999	1.7290587
79035	7.22562482	1.7396665
79036	7.2392299799999975	1.7507754
79037	7.252835129999998	1.7563596000000001
79038	7.2664402899999985	1.768388
79039	7.280045449999999	1.7679221999999999
79040	7.29365061	1.7739375
79041	7.307255769999998	1.7794653000000002
79042	7.3208609299999985	1.778886
79043	7.334466089999999	1.7799083999999998
79044	7.3480712399999994	1.7812608
79045	7.3616764	1.7819546000000002
79046	7.375281559999998	1.7773249
79047	7.388886719999999	1.7788915
79048	7.4024918799999995	1.7759188999999997
79049	7.41609704	1.7795425
79050	7.429702199999998	1.7743247
79051	7.443307349999998	1.7770228
79052	7.456912509999999	1.7795436999999998
79053	7.4705176699999996	1.7688988999999997
79054	7.4841228300000004	1.7673336
79055	7.497727989999998	1.7623071
79056	7.511333149999999	1.7603657
79057	7.52493831	1.7586404999999998
79058	7.53854346	1.7517294999999997
79059	7.5521486200000005	1.7588026
79060	7.565753779999998	1.7370131000000002
79061	7.579358939999999	1.7322701
79062	7.5929641	1.7301798
79063	7.6065692600000006	1.7253528000000002
79064	7.620174419999998	1.7206666000000002
79065	7.633779569999998	1.7191355
79066	7.647384729999999	1.7183116999999999
79067	7.66098989	1.7162422
79068	7.674595050000001	1.7164035
79069	7.688200209999998	1.715154
79070	7.701805369999999	1.7134431
79071	7.71541053	1.7243191000000002
79072	7.72901568	1.7198182
79073	7.742620840000001	1.7236717000000001
79074	7.756225999999998	1.720637
79075	7.769831159999999	1.7167788
79076	7.78343632	1.7172171000000003
79077	7.797041480000001	1.7186922999999998
79078	7.810646639999998	1.7138122
79079	7.824251789999998	1.7131379
79080	7.837856949999999	1.7144053
79081	7.85146211	1.7122488
79082	7.865067270000001	1.7133106
79083	7.878672429999998	1.7129785
79084	7.892277589999999	1.7179958999999998
79085	7.90588275	1.7197620999999998
79086	7.9194879	1.7144872
79087	7.933093059999997	4.8711038
79088	7.946698219999998	1.7162361000000002
79089	7.960303379999999	1.7101288000000001
79090	7.97390854	1.7169467
79091	7.987513699999997	1.7155915000000002
79092	8.001118859999998	1.717416
79093	8.01472402	1.7155543000000002
79094	8.02832917	1.7173805
79095	8.04193433	1.7164970000000002
79096	8.055539489999997	1.7213054
79097	8.069144649999998	1.7207227999999999
79098	8.08274981	1.7187055
79099	8.09635497	1.7187105999999999
79100	8.109960129999997	1.719265
79101	8.123565279999998	1.7210291000000002
79102	8.137170439999998	1.7210587
79103	8.1507756	1.7182754
79104	8.16438076	1.7186881
79105	8.177985919999998	1.7189275000000002
79106	8.191591079999998	1.7185464
79107	8.20519624	1.7146221999999998
79108	8.21880139	1.7058431
79109	8.23240655	1.7077452000000002
79110	8.246011709999998	1.7051949
79111	8.259616869999999	1.7392145
79112	8.27322203	1.7060841
79113	8.28682719	1.7089503000000001
79114	8.300432349999998	1.7137185000000001
79115	8.314037499999998	1.7087752
79116	8.327642659999999	1.7076996
79117	8.34124782	1.7093662
79118	8.35485298	1.707928
79119	8.368458139999998	1.7088081999999998
79120	8.382063299999999	1.7096431
79121	8.39566846	1.7082586
79122	8.40927361	1.7083723000000002
79123	8.42287877	1.7059958999999998
79124	8.436483929999998	1.7034418999999998
79125	8.450089089999999	1.7051869
79126	8.46369425	1.7041674999999998
79127	8.47729941	1.7041291
79128	8.490904569999998	1.7032801
79129	8.504509719999998	1.704459
79130	8.518114879999999	1.7029756
79131	8.53172004	1.7062893
79132	8.5453252	1.7038468
79133	8.558930359999998	1.6968811000000001
79134	8.572535519999999	1.6987457
79135	8.58614068	1.7030587
79136	8.59974583	1.7018654999999998
79137	8.61335099	1.7052606
79138	8.626956149999998	1.7034605999999999
79139	8.640561309999999	1.6948881999999998
79140	8.65416647	1.7047569
79141	8.66777163	1.7017682
79142	8.681376789999998	1.7041686000000003
79143	8.694981939999998	1.7061796999999999
79144	8.708587099999999	1.7008772
79145	8.72219226	1.7080457999999998
79146	8.73579742	1.7197202
79147	8.749402579999998	1.6994393
79148	8.763007739999999	1.7062747
79149	8.7766129	1.7047336
79150	8.79021805	1.7087058999999998
79151	8.803823209999997	1.7124150000000002
79152	8.817428369999998	1.7110377
79153	9.22558313	1.7529197
79154	14.22547891	1.5942661
79155	19.22537469	1.4186107
79156	24.22527048	1.2487966000000001
79157	29.22516626	1.0945001
79158	34.22506204	0.98414279
79159	39.22495782	0.89811058
79160	44.22485361	0.8259801
79161	49.22474939	0.76627524
79162	54.22464517	0.71492257
79163	59.224540950000005	0.67016818
79164	64.22443674	0.63070716
79165	69.22433252	0.59489779
79166	74.2242283	0.56148922
79167	79.22412408	0.5307924
79168	84.22401986999999	0.50288558
79169	89.22391565	0.47664859
79170	94.22381143	0.45247152
79171	99.22370721	0.43058611
79172	104.223603	0.41022742
79173	109.22349878	0.39178398
79174	114.22339456	0.37491063
79175	119.22329034	0.35936302
79176	124.22318612999999	0.34524452
