csdata_id	e_energy	sigma
175879	13.02126328	0.0
175880	13.03374193	3.4368564
175881	13.04734709	6.1118961
175882	13.06095225	7.2058232
175883	13.07455741	8.7066345
175884	13.08816257	10.782344
175885	13.10176772	12.264609
175886	13.11537288	19.544273
175887	13.12897804	19.872985
175888	13.1425832	20.036043
175889	13.15618836	22.673792
175890	13.16979352	22.516976
175891	13.18339868	22.300846
175892	13.19700383	21.799478
175893	13.21060899	23.851992
175894	13.22421415	23.813151
175895	13.23781931	23.877682
175896	13.25142447	23.047592
175897	13.26502963	23.143394
175898	13.27863479	23.333203
175899	13.3058451	22.723077
175900	13.31945026	22.557079
175901	13.33305542	22.567876
175902	13.34666058	22.529269
175903	13.36026574	21.813178
175904	13.3738709	21.258459
175905	13.38747605	20.298292
175906	13.40108121	19.587912
175907	13.41468637	19.054308
175908	13.42829153	18.718949
175909	13.44189669	18.148324
175910	13.45550185	17.770199
175911	13.46910701	17.356984
175912	13.48271216	17.037531
175913	13.49631732	16.525295
175914	13.50992248	16.18554
175915	13.52352764	15.358385
175916	13.5371328	15.192624
175917	13.55073796	14.936421
175918	13.56434312	14.533295
175919	13.57794827	14.076714
175920	13.59155343	13.693185
175921	13.60515859	13.095325
175922	13.61876375	12.22075
175923	13.63236891	11.599546
175924	13.64597407	11.242797
175925	13.65957923	11.733903
175926	13.67318438	11.605149
175927	13.7003947	11.444706
175928	13.71399986	13.352171
175929	13.75481534	13.686701
175930	13.76842049	14.0685
175931	13.78202565	14.087384
175932	13.79563081	13.152306
175933	13.80923597	13.825443
175934	13.82284113	12.218291
175935	13.83644629	11.535307
175936	13.85005145	10.864788
175937	13.8636566	10.136138
175938	13.87726176	9.7406918
175939	13.89086692	9.0995921
175940	13.90447208	9.0111491
175941	13.91807724	9.0055017
175942	13.9316824	8.2453029
175943	13.94528756	7.7822237
175944	13.95889272	7.518426
175945	13.97249787	7.1265971
175946	13.98610303	7.0111561
175947	13.99970819	6.5894484
175948	14.01331335	6.4993968
175949	14.02691851	6.4264919
175950	14.04052367	6.5192452
175951	14.05412883	6.2474886
175952	14.06773398	6.3046484
175953	14.08133914	6.1743792
175954	14.0949443	5.8880039
175955	14.10854946	5.5505426
175956	14.12215462	5.1864188
175957	14.13575978	5.1527424
175958	14.14936494	5.000655
175959	14.16297009	4.8687464
175960	14.17657525	4.729812
175961	14.19018041	4.5494745
175962	14.20378557	4.3858121
175963	14.21739073	4.2231867
175964	14.23099589	4.0972596
175965	14.24460105	4.0089147
175966	14.2582062	3.9412242
175967	14.27181136	3.9080031
175968	14.28541652	3.8516819
175969	14.29902168	3.7877666
175970	14.31262684	3.7916873
175971	14.326232	3.9586487
175972	14.33983716	3.999222
175973	14.35344231	3.7973794
175974	14.36704747	3.8275283
175975	14.38065263	3.9655543
175976	14.39425779	4.0560972
175977	14.40786295	4.1985724
175978	14.42146811	4.4357577
175979	14.43507327	4.553361
175980	14.44867842	4.5036596
175981	14.46228358	4.3742344
175982	14.47588874	4.2087651
175983	14.4894939	3.9918938
175984	14.50309906	3.8190569
175985	14.51670422	3.6429556
175986	14.53030938	3.566786
175987	14.54391453	3.5461344
175988	14.55751969	3.4052213
175989	14.57112485	3.3140943
175990	14.58473001	3.3884257
175991	14.59833517	3.2508301
175992	14.61194033	3.1194014
175993	14.62554549	2.9643916
175994	14.63915064	2.9387565
175995	14.6527558	2.8314424
175996	14.66636096	2.7699755
175997	14.67996612	2.6498508
175998	14.69357128	2.5956793
175999	14.70717644	2.5196348
176000	14.7207816	2.4782017
176001	14.73438675	2.3751327
176002	14.74799191	2.4044823
176003	14.76159707	2.3896878
176004	14.77520223	2.3503271
176005	14.78880739	2.2813447
176006	14.80241255	2.2810892
176007	14.81601771	2.2778807
176008	14.82962286	2.2777009
176009	14.84322802	2.2348485
176010	14.85683318	2.1999709
176011	14.87043834	2.2051521
176012	14.8840435	2.1427408
176013	14.89764866	2.1260844
176014	14.91125382	2.0983772
176015	14.92485898	2.0951667
176016	14.93846413	2.0669664
176017	14.95206929	2.0146881
176018	14.96567445	1.9749373
176019	14.97927961	1.9228569
176020	14.99288477	1.9010982
176021	15.00648993	1.8688959
176022	15.02009509	1.816619
176023	15.03370024	1.8303714
176024	15.0473054	1.8285775
176025	15.06091056	1.7755343
176026	15.07451572	1.7391393
176027	15.08812088	1.7164674
176028	15.10172604	1.6833672
176029	15.1153312	1.6640429
176030	15.12893635	1.6515131
176031	15.14254151	1.6533994
176032	15.15614667	1.6512713
176033	15.16975183	1.6834564
176034	15.18335699	1.6854152
176035	15.19696215	1.712226
176036	15.21056731	1.6662045
176037	15.22417246	1.6879771
176038	15.23777762	1.6732315
176039	15.25138278	1.6713773
176040	15.26498794	1.6436996
176041	15.2785931	1.683727
176042	15.29219826	1.67109
176043	15.30580342	1.6521656
176044	15.31940857	1.6305186
176045	15.33301373	1.6268232
176046	15.34661889	1.6159297
176047	15.36022405	1.604774
176048	15.37382921	1.5884488
176049	15.38743437	1.5486113
176050	15.40103953	1.5129486
176051	15.41464468	1.4473186
176052	15.42824984	1.3962843
176053	15.441855	1.3378983
176054	15.45546016	1.2914065
176055	15.46906532	1.2270345
176056	15.48267048	1.2034506
176057	15.50988079	1.1655935
176058	15.52348595	1.1383154
176059	15.53709111	1.1228582
176060	15.55069627	1.0797465
176061	15.56430143	1.0558534
176062	15.57790659	1.0499263
176063	15.59151175	1.0587654
176064	15.6051169	1.0232215
176065	15.61872206	1.0064169
176066	15.63232722	0.97627007
176067	15.64593238	0.97172066
176068	15.65953754	0.96198011
176069	15.6731427	0.94747201
176070	15.68674786	0.91788571
176071	15.70035301	0.90180663
176072	15.71395817	0.88038815
176073	15.72756333	0.88000337
176074	15.74116849	0.84516924
176075	15.75477365	0.87492486
176076	15.76837881	0.84985297
176077	15.78198397	0.83631988
176078	15.79558912	0.81959284
176079	15.80919428	0.80898936
176080	15.82279944	0.81529958
176081	15.8364046	0.79777212
176082	15.85000976	0.79693989
176083	15.86361492	0.79150149
176084	15.87722008	0.79267741
176085	15.89082524	0.76474602
176086	15.90443039	0.76271669
176087	15.91803555	0.78163621
176088	15.93164071	0.76746383
176089	15.94524587	0.76327882
176090	15.95885103	0.75610904
176091	15.97245619	0.75583088
176092	15.98606135	0.74358634
176093	15.9996665	0.72086935
176094	16.01327166	0.74693826
176095	16.02687682	0.73605484
176096	16.04048198	0.74119081
176097	16.05408714	0.72914719
176098	16.0676923	0.72552433
176099	16.08129746	0.71509035
176100	16.09490261	0.70449763
176101	16.10850777	0.69504613
176102	16.12211293	0.70680253
176103	16.13571809	0.70446862
176104	16.14932325	0.69791322
176105	16.16292841	0.68540411
176106	16.17653357	0.67533009
176107	16.19013872	0.67415354
176108	16.20374388	0.66727438
176109	16.21734904	0.65515387
176110	16.2309542	0.65598363
176111	16.24455936	0.65340261
176112	16.25816452	0.6561613
176113	16.27176968	0.67420936
176114	16.28537483	0.65864037
176115	16.29897999	0.6570394
176116	16.31258515	0.63823108
176117	16.32619031	0.63461455
176118	16.33979547	0.63485915
176119	16.35340063	0.6189809
176120	16.36700579	0.60235092
176121	16.3942161	0.58103753
176122	16.40782126	0.57624722
176123	16.42142642	0.58562532
176124	16.43503158	0.5791411
176125	16.44863674	0.56832812
176126	16.4622419	0.54920544
176127	16.47584705	0.5422968
176128	16.48945221	0.54412384
176129	16.50305737	0.54717159
176130	16.51666253	0.5324
176131	16.53026769	0.53250992
176132	16.54387285	0.49468434
176133	16.55747801	0.49223399
176134	16.57108316	0.5039852
176135	16.58468832	0.49441681
176136	16.59829348	0.48393189
176137	16.61189864	0.47898737
176138	16.6255038	0.45651333
176139	16.63910896	0.45905516
176140	16.65271412	0.45688606
176141	16.67992443	0.45651588
176142	16.69352959	0.43920922
176143	16.70713475	0.43021698
176144	16.72073991	0.43460487
176145	16.73434507	0.43805606
176146	16.74795023	0.4276003
176147	16.76155538	0.43241912
176148	16.77516054	0.42866599
176149	16.7887657	0.43979366
176150	16.80237086	0.4465368
176151	16.81597602	0.45473043
176152	16.82958118	0.45395587
176153	16.84318634	0.45381642
176154	16.8567915	0.45544051
176155	16.87039665	0.44732282
176156	16.88400181	0.44117534
176157	16.89760697	0.43810726
176158	16.91121213	0.41450522
176159	16.92481729	0.42273478
176160	16.93842245	0.42806807
176161	16.95202761	0.4220105
176162	16.96563276	0.42818736
176163	16.97923792	0.42207695
176164	16.99284308	0.4119151
176165	17.00644824	0.4128248
176166	17.0200534	0.40256308
176167	17.03365856	0.40191875
176168	17.04726372	0.39486646
176169	17.06086887	0.39635908
176170	17.07447403	0.3895998
176171	17.08807919	0.38946415
176172	17.10168435	0.38821447
176173	17.11528951	0.38717544
176174	17.12889467	0.39271187
176175	17.14249983	0.39068148
176176	17.15610498	0.39447211
176177	17.16971014	0.38766011
176178	17.1833153	0.3770616
176179	17.19692046	0.3807199
176180	17.21052562	0.37975697
176181	17.22413078	0.37412513
176182	17.23773594	0.37156942
176183	17.25134109	0.37791054
176184	17.26494625	0.37450046
176185	17.27855141	0.36971502
176186	17.29215657	0.36708072
176187	17.30576173	0.3584744
176188	17.31936689	0.36454726
176189	17.33297205	0.3615564
176190	17.3465772	0.36548181
176191	17.36018236	0.36416915
176192	17.37378752	0.3570085
176193	17.38739268	0.35843105
176194	17.40099784	0.34505811
176195	17.414603	0.33659322
176196	17.42820816	0.32916962
176197	17.44181331	0.32470251
176198	17.45541847	0.31528364
176199	17.46902363	0.31414491
176200	17.48262879	0.31090894
176201	17.49623395	0.31138977
176202	17.50983911	0.30643173
176203	17.52344427	0.30086417
176204	17.53704942	0.29810032
176205	17.55065458	0.28691694
176206	17.56425974	0.28658617
176207	17.5778649	0.28505989
176208	17.59147006	0.2812158
176209	17.60507522	0.28278197
176210	17.61868038	0.28398071
176211	17.63228553	0.27571614
176212	17.64589069	0.27731904
176213	17.65949585	0.26659978
176214	17.67310101	0.26513094
176215	17.68670617	0.25997472
176216	17.70031133	0.26398497
176217	17.71391649	0.26929451
176218	17.72752164	0.2693907
176219	17.7411268	0.2685129
176220	17.75473196	0.26632994
176221	17.76833712	0.25729964
176222	17.78194228	0.26144149
176223	17.79554744	0.25562858
176224	17.8091526	0.25396133
176225	17.82275776	0.25088872
176226	17.83636291	0.24477455
176227	17.84996807	0.24290095
176228	17.86357323	0.24400357
176229	17.87717839	0.24253894
176230	17.89078355	0.241369
176231	17.90438871	0.23427304
176232	17.91799387	0.23478319
176233	17.93159902	0.23129451
176234	17.94520418	0.2277711
176235	17.95880934	0.23197522
176236	17.9724145	0.23143853
176237	17.98601966	0.22990023
176238	17.99962482	0.23038485
176239	18.01322998	0.2289694
176240	18.02683513	0.22746632
176241	18.04044029	0.22860123
176242	18.05404545	0.22629574
176243	18.06765061	0.22292617
176244	18.08125577	0.22297469
176245	18.09486093	0.21743074
176246	18.10846609	0.21315489
176247	18.12207124	0.20937154
176248	18.1356764	0.20728219
176249	18.14928156	0.21043989
176250	18.16288672	0.2085844
176251	18.17649188	0.20569647
176252	18.19009704	0.21109232
176253	18.2037022	0.21102206
176254	18.21730735	0.21027702
176255	18.23091251	0.20883782
176256	18.24451767	0.209262
176257	18.25812283	0.20997365
176258	18.27172799	0.21400942
176259	18.28533315	0.21475016
176260	18.29893831	0.21521629
176261	18.31254346	0.22051086
176262	18.32614862	0.21657067
176263	18.33975378	0.21786267
176264	18.35335894	0.21728242
176265	18.3669641	0.21724387
176266	18.38056926	0.21863086
176267	18.39417442	0.21837912
176268	18.40777957	0.22131526
176269	18.42138473	0.21744119
176270	18.43498989	0.21931501
176271	18.44859505	0.21694028
176272	18.46220021	0.21525673
176273	18.47580537	0.21555311
176274	18.48941053	0.2123102
176275	18.50301568	0.21154162
176276	18.51662084	0.20672875
176277	18.530226	0.20797693
176278	18.54383116	0.20766875
176279	18.55743632	0.20200711
176280	18.57104148	0.20288761
176281	18.58464664	0.20081458
176282	18.59825179	0.19916683
176283	18.61185695	0.19800315
176284	18.62546211	0.19674327
176285	18.63906727	0.19708983
176286	18.65267243	0.19757174
176287	18.66627759	0.19116455
176288	18.67988275	0.19362912
176289	18.6934879	0.1912126
176290	18.70709306	12.559739
176291	18.72069822	0.18675568
176292	18.73430338	0.18309734
176293	18.74790854	0.18474947
176294	18.7615137	0.18405223
176295	18.77511886	0.18591261
176296	18.78872402	0.18066882
176297	18.80232917	0.18190047
176298	18.81593433	5.7738982
176299	18.82953949	0.1742361
176300	18.84314465	0.16830844
176301	18.85674981	0.16298426
176302	18.87035497	0.16624756
176303	18.88396013	0.16026887
176304	18.89756528	0.16313266
176305	18.91117044	0.1615174
176306	18.9247756	0.15872038
176307	18.93838076	0.15756712
176308	18.95198592	0.15791179
176309	18.96559108	0.16184468
176310	18.97919624	0.15570636
176311	18.99280139	0.15319931
176312	19.00640655	0.15525835
176313	19.02001171	0.15551084
176314	19.03361687	0.1546936
176315	19.04722203	0.15055572
176316	19.06082719	0.14670045
176317	19.07443235	0.15267303
176318	19.0880375	0.15142248
176319	19.10164266	0.15131306
176320	19.11524782	0.15604293
176321	19.12885298	0.1480741
176322	19.14245814	0.14365643
176323	19.1560633	0.14638016
176324	19.16966846	0.14435292
176325	19.18327361	0.14108028
176326	19.19687877	0.14030059
176327	19.21048393	0.13996133
176328	19.22408909	0.14025043
176329	19.23769425	0.13813109
176330	19.25129941	0.13680713
176331	19.26490457	0.1365144
176332	19.27850972	0.13349921
176333	19.29211488	0.13554881
176334	19.30572004	0.13397216
176335	19.3193252	0.13185481
176336	19.33293036	0.1319464
176337	19.34653552	0.13083448
176338	19.36014068	0.13047472
176339	19.37374583	0.13032509
176340	19.38735099	0.12840306
176341	19.40095615	0.13028215
176342	19.41456131	1.4216315
176343	19.42816647	0.12744888
176344	19.44177163	0.1245949
176345	19.45537679	0.12345912
176346	19.46898194	0.12393325
176347	19.4825871	0.12401007
176348	19.49619226	0.12526456
176349	19.50979742	0.12249665
176350	19.52340258	0.31990183
176351	19.53700774	0.12200364
176352	19.5506129	0.12287534
176353	19.56421805	0.1231439
176354	19.57782321	0.12016442
176355	19.59142837	0.11980893
176356	19.99958313	0.22452053
176357	24.99947891	0.030834164
176358	29.99937469	0.012556165
176359	34.99927048	0.0074960162
176360	39.99916626	0.0047001703
176361	44.99906204	0.0033026382
176362	49.99895782	0.0024886833
176363	54.99885361	0.0019872295
176364	59.99874939	0.0016192482
176365	64.99864517	0.0013645716
176366	69.99854095	0.0011560739
176367	74.99843674	0.00099457234
176368	79.99833252	0.00085733533
176369	84.9982283	0.00074695604
176370	89.99812408	0.00065134737
176371	94.99801987	0.00057139632
176372	99.99791565	0.00050377889
176373	104.99781143	0.00044531914
176374	109.99770721	0.00039589603
176375	114.997603	0.00035347126
176376	119.99749878	0.00031581659
176377	124.99739456	0.00028378182
176378	129.99729034	0.00025527672
176379	134.99718613	0.00023045014
