       eV          sigma            Ry          om               in 10^-16                                                                       
   13.31994413  0.00000000E+00    0.979036  0.00000000E+00
   13.33305542  0.81226258E+01    0.980000  0.27789985E+00
   13.34666058  0.12452632E+02    0.981000  0.56759158E+00
   13.36026574  0.93127992E+01    0.982000  0.53033635E+00
   13.37387090  0.88152699E+01    0.983000  0.60220664E+00
   13.38747605  0.11473006E+02    0.984000  0.91418087E+00
   13.40108121  0.89462676E+01    0.985000  0.81453993E+00
   13.41468637  0.81237535E+01    0.986000  0.83199430E+00
   13.42829153  0.70049837E+01    0.987000  0.79704107E+00
   13.44189669  0.71730723E+01    0.988000  0.89770279E+00
   13.45550185  0.96837237E+01    0.989000  0.13219831E+01
   13.46910701  0.64511766E+01    0.990000  0.95401921E+00
   13.48271216  0.57294236E+01    0.991000  0.91241054E+00
   13.49631732  0.54069673E+01    0.992000  0.92252035E+00
   13.50992248  0.54274725E+01    0.993000  0.98771292E+00
   13.52352764  0.55658920E+01    0.994000  0.10761705E+01
   13.53713280  0.52932840E+01    0.995000  0.10836302E+01
   13.55073796  0.53145024E+01    0.996000  0.11483839E+01
   13.56434312  0.56568296E+01    0.997000  0.12866568E+01
   13.57794827  0.56109081E+01    0.998000  0.13399910E+01
   13.59155343  0.56968855E+01    0.999000  0.14252805E+01
   13.60515859  0.85451802E+01    1.000000  0.22350167E+01
   13.61876375  0.50561345E+01    1.001000  0.13799197E+01
   13.63236891  0.43726515E+01    1.002000  0.12430875E+01
   13.64597407  0.40004515E+01    1.003000  0.11827490E+01
   13.65957923  0.35545697E+01    1.004000  0.10913271E+01
   13.67318438  0.32651794E+01    1.005000  0.10395935E+01
   13.70039470  0.31234675E+01    1.007000  0.10654830E+01
   13.71399986  0.34463531E+01    1.008000  0.12148010E+01
   13.75481534  0.26472456E+01    1.011000  0.10233982E+01
   13.76842049  0.26970995E+01    1.012000  0.10733291E+01
   13.78202565  0.29785497E+01    1.013000  0.12191913E+01
   13.79563081  0.26079156E+01    1.014000  0.10971261E+01
   13.80923597  0.27435214E+01    1.015000  0.11853598E+01
   13.82284113  0.26556556E+01    1.016000  0.11775835E+01
   13.83644629  0.27665243E+01    1.017000  0.12581925E+01
   13.85005145  0.27713176E+01    1.018000  0.12918740E+01
   13.86365660  0.25057840E+01    1.019000  0.11965764E+01
   13.87726176  0.19892435E+01    1.020000  0.97252674E+00
   13.89086692  0.16511211E+01    1.021000  0.82598941E+00
   13.90447208  0.14039381E+01    1.022000  0.71829227E+00
   13.91807724  0.16927814E+01    1.023000  0.88531404E+00
   13.93168240  0.18286345E+01    1.024000  0.97715045E+00
   13.94528756  0.19883101E+01    1.025000  0.10850759E+01
   13.95889272  0.18734278E+01    1.026000  0.10436767E+01
   13.97249787  0.17814157E+01    1.027000  0.10126666E+01
   13.98610303  0.14737443E+01    1.028000  0.85451925E+00
   13.99970819  0.15847042E+01    1.029000  0.93687028E+00
   14.01331335  0.20262030E+01    1.030000  0.12209143E+01
   14.02691851  0.17777896E+01    1.031000  0.10914378E+01
   14.04052367  0.16767579E+01    1.032000  0.10484711E+01
   14.05412883  0.15935375E+01    1.033000  0.10145474E+01
   14.06773398  0.16277687E+01    1.034000  0.10548440E+01
   14.08133914  0.18189490E+01    1.035000  0.11994107E+01
   14.09494430  0.17790163E+01    1.036000  0.11933012E+01
   14.10854946  0.19109044E+01    1.037000  0.13034883E+01
   14.12215462  0.20780295E+01    1.038000  0.14411106E+01
   14.13575978  0.22064974E+01    1.039000  0.15552841E+01
   14.14936494  0.19232417E+01    1.040000  0.13774884E+01
   14.16297009  0.17230767E+01    1.041000  0.12537099E+01
   14.17657525  0.16858911E+01    1.042000  0.12458172E+01
   14.19018041  0.15218466E+01    1.043000  0.11418926E+01
   14.20378557  0.13396112E+01    1.044000  0.10203826E+01
   14.21739073  0.15100296E+01    1.045000  0.11673549E+01
   14.23099589  0.14722156E+01    1.046000  0.11548568E+01
   14.24460105  0.12906595E+01    1.047000  0.10271088E+01
   14.25820620  0.11562534E+01    1.048000  0.93329138E+00
   14.27181136  0.11182089E+01    1.049000  0.91529372E+00
   14.28541652  0.10626552E+01    1.050000  0.88190026E+00
   14.29902168  0.11064624E+01    1.051000  0.93083312E+00
   14.31262684  0.10452652E+01    1.052000  0.89123130E+00
   14.32623200  0.10836569E+01    1.053000  0.93628334E+00
   14.33983716  0.11035833E+01    1.054000  0.96604423E+00
   14.35344231  0.10526933E+01    1.055000  0.93346261E+00
   14.36704747  0.11200450E+01    1.056000  0.10059174E+01
   14.38065263  0.81832485E+00    1.057000  0.74424310E+00
   14.39425779  0.11003686E+01    1.058000  0.10132617E+01
   14.40786295  0.11651177E+01    1.059000  0.10861291E+01
   14.42146811  0.11791051E+01    1.060000  0.11125711E+01
   14.43507327  0.11282654E+01    1.061000  0.10774251E+01
   14.44867842  0.11567425E+01    1.062000  0.11177677E+01
   14.46228358  0.11080477E+01    1.063000  0.10833088E+01
   14.47588874  0.10795059E+01    1.064000  0.10676750E+01
   14.48949390  0.10957622E+01    1.065000  0.10962086E+01
   14.50309906  0.11200117E+01    1.066000  0.11331992E+01
   14.51670422  0.11384595E+01    1.067000  0.11648050E+01
   14.53030938  0.10106349E+01    1.068000  0.10455103E+01
   14.54391453  0.89761121E+00    1.069000  0.93878946E+00
   14.55751969  0.10379532E+01    1.070000  0.10973681E+01
   14.57112485  0.10884144E+01    1.071000  0.11630898E+01
   14.58473001  0.10445083E+01    1.072000  0.11280443E+01
   14.59833517  0.10719440E+01    1.073000  0.11698589E+01
   14.61194033  0.13027713E+01    1.074000  0.14365794E+01
   14.62554549  0.12295896E+01    1.075000  0.13698579E+01
   14.63915064  0.11408145E+01    1.076000  0.12839232E+01
   14.65275580  0.10810073E+01    1.077000  0.12289013E+01
   14.66636096  0.11378182E+01    1.078000  0.13064182E+01
   14.67996612  0.99729385E+00    1.079000  0.11564074E+01
   14.69357128  0.10157918E+01    1.080000  0.11894031E+01
   14.70717644  0.95496953E+00    1.081000  0.11290407E+01
   14.72078160  0.81205961E+00    1.082000  0.96931193E+00
   14.73438675  0.91052408E+00    1.083000  0.10971936E+01
   14.74799191  0.87090570E+00    1.084000  0.10593525E+01
   14.76159707  0.80034211E+00    1.085000  0.98261783E+00
   14.77520223  0.77532563E+00    1.086000  0.96071704E+00
   14.78880739  0.74841333E+00    1.087000  0.93587683E+00
   14.80241255  0.69911862E+00    1.088000  0.88218160E+00
   14.81601771  0.76576209E+00    1.089000  0.97497995E+00
   14.82962286  0.70668038E+00    1.090000  0.90778905E+00
   14.84322802  0.68073496E+00    1.091000  0.88219793E+00
   14.85683318  0.69068767E+00    1.092000  0.90294718E+00
   14.87043834  0.68011225E+00    1.093000  0.89685260E+00
   14.88404350  0.65778825E+00    1.094000  0.87489138E+00
   14.89764866  0.69947566E+00    1.095000  0.93828867E+00
   14.91125382  0.61215150E+00    1.096000  0.82810886E+00
   14.92485898  0.55043462E+00    1.097000  0.75087603E+00
   14.93846413  0.51836141E+00    1.098000  0.71301553E+00
   14.95206929  0.51687873E+00    1.099000  0.71685144E+00
   14.96567445  0.43847051E+00    1.100000  0.61309233E+00
   14.97927961  0.44844686E+00    1.101000  0.63213928E+00
   14.99288477  0.44760697E+00    1.102000  0.63604329E+00
   15.00648993  0.38124345E+00    1.103000  0.54607524E+00
   15.02009509  0.37225915E+00    1.104000  0.53743802E+00
   15.03370024  0.36660129E+00    1.105000  0.53343681E+00
   15.04730540  0.34783200E+00    1.106000  0.51007966E+00
   15.06091056  0.34571014E+00    1.107000  0.51089774E+00
   15.07451572  0.35315540E+00    1.108000  0.52591481E+00
   15.08812088  0.36026384E+00    1.109000  0.54059574E+00
   15.10172604  0.36227107E+00    1.110000  0.54772562E+00
   15.11533120  0.41084610E+00    1.111000  0.62583737E+00
   15.12893635  0.43855694E+00    1.112000  0.67303406E+00
   15.14254151  0.45175902E+00    1.113000  0.69842986E+00
   15.15614667  0.48082651E+00    1.114000  0.74883441E+00
   15.16975183  0.48694664E+00    1.115000  0.76390096E+00
   15.18335699  0.53674334E+00    1.116000  0.84812105E+00
   15.19696215  0.55404815E+00    1.117000  0.88176265E+00
   15.21056731  0.56060633E+00    1.118000  0.89857234E+00
   15.22417246  0.52365460E+00    1.119000  0.84529635E+00
   15.23777762  0.48949576E+00    1.120000  0.79572038E+00
   15.25138278  0.45982335E+00    1.121000  0.75271197E+00
   15.26498794  0.46160550E+00    1.122000  0.76087634E+00
   15.27859310  0.45177692E+00    1.123000  0.74981097E+00
   15.29219826  0.45141421E+00    1.124000  0.75434021E+00
   15.30580342  0.46355469E+00    1.125000  0.77989691E+00
   15.31940857  0.42901705E+00    1.126000  0.72666648E+00
   15.33301373  0.43907563E+00    1.127000  0.74869462E+00
   15.34661889  0.42709124E+00    1.128000  0.73311404E+00
   15.36022405  0.40954277E+00    1.129000  0.70764687E+00
   15.37382921  0.41094701E+00    1.130000  0.71474449E+00
   15.38743437  0.40738821E+00    1.131000  0.71318557E+00
   15.40103953  0.42703117E+00    1.132000  0.75242717E+00
   15.41464468  0.42914635E+00    1.133000  0.76103222E+00
   15.42824984  0.42301303E+00    1.134000  0.75496400E+00
   15.44185500  0.44360416E+00    1.135000  0.79675605E+00
   15.45546016  0.43516882E+00    1.136000  0.78655192E+00
   15.46906532  0.42616178E+00    1.137000  0.77511620E+00
   15.48267048  0.44842189E+00    1.138000  0.82070078E+00
   15.50988079  0.41055612E+00    1.140000  0.76073251E+00
   15.52348595  0.38820524E+00    1.141000  0.72373058E+00
   15.53709111  0.37639677E+00    1.142000  0.70599456E+00
   15.55069627  0.36872209E+00    1.143000  0.69579069E+00
   15.56430143  0.36758464E+00    1.144000  0.69782260E+00
   15.57790659  0.35508884E+00    1.145000  0.67813688E+00
   15.59151175  0.35125775E+00    1.146000  0.67481314E+00
   15.60511690  0.33832802E+00    1.147000  0.65381916E+00
   15.61872206  0.33839487E+00    1.148000  0.65779488E+00
   15.63232722  0.32611697E+00    1.149000  0.63763523E+00
   15.64593238  0.32428407E+00    1.150000  0.63773763E+00
   15.65953754  0.31680420E+00    1.151000  0.62662881E+00
   15.67314270  0.34773547E+00    1.152000  0.69176260E+00
   15.68674786  0.34785952E+00    1.153000  0.69596349E+00
   15.70035301  0.35280793E+00    1.154000  0.70987415E+00
   15.71395817  0.32422616E+00    1.155000  0.65605111E+00
   15.72756333  0.31607614E+00    1.156000  0.64315291E+00
   15.74116849  0.30055809E+00    1.157000  0.61499316E+00
   15.75477365  0.29974723E+00    1.158000  0.61674122E+00
   15.76837881  0.31096923E+00    1.159000  0.64336570E+00
   15.78198397  0.32296046E+00    1.160000  0.67184549E+00
   15.79558912  0.28799065E+00    1.161000  0.60237239E+00
   15.80919428  0.27370587E+00    1.162000  0.57560499E+00
   15.82279944  0.26701505E+00    1.163000  0.56456933E+00
   15.83640460  0.25850918E+00    1.164000  0.54952322E+00
   15.85000976  0.25105295E+00    1.165000  0.53652692E+00
   15.86361492  0.25245465E+00    1.166000  0.54239216E+00
   15.87722008  0.24247868E+00    1.167000  0.52371531E+00
   15.89082524  0.23430637E+00    1.168000  0.50872778E+00
   15.90443039  0.23547929E+00    1.169000  0.51395113E+00
   15.91803555  0.22198852E+00    1.170000  0.48702985E+00
   15.93164071  0.22385559E+00    1.171000  0.49367066E+00
   15.94524587  0.22412269E+00    1.172000  0.49680730E+00
   15.95885103  0.23033185E+00    1.173000  0.51318917E+00
   15.97245619  0.20755081E+00    1.174000  0.46479128E+00
   15.98606135  0.21397973E+00    1.175000  0.48162057E+00
   15.99966650  0.21372069E+00    1.176000  0.48346688E+00
   16.01327166  0.22084404E+00    1.177000  0.50209126E+00
   16.02687682  0.22371030E+00    1.178000  0.51115065E+00
   16.04048198  0.21322236E+00    1.179000  0.48961068E+00
   16.05408714  0.21896913E+00    1.180000  0.50529570E+00
   16.06769230  0.21189641E+00    1.181000  0.49138322E+00
   16.08129746  0.20556786E+00    1.182000  0.47904413E+00
   16.09490261  0.20150750E+00    1.183000  0.47187264E+00
   16.10850777  0.19813308E+00    1.184000  0.46622288E+00
   16.12211293  0.19919800E+00    1.185000  0.47099302E+00
   16.13571809  0.19545778E+00    1.186000  0.46437124E+00
   16.14932325  0.19227182E+00    1.187000  0.45898754E+00
   16.16292841  0.19321789E+00    1.188000  0.46344228E+00
   16.17653357  0.18435202E+00    1.189000  0.44427259E+00
   16.19013872  0.18719257E+00    1.190000  0.45324591E+00
   16.20374388  0.18723168E+00    1.191000  0.45546885E+00
   16.21734904  0.19098160E+00    1.192000  0.46676199E+00
   16.23095420  0.19383195E+00    1.193000  0.47593156E+00
   16.24455936  0.19403706E+00    1.194000  0.47864081E+00
   16.25816452  0.19222488E+00    1.195000  0.47635563E+00
   16.27176968  0.19765276E+00    1.196000  0.49205327E+00
   16.28537483  0.19546135E+00    1.197000  0.48881960E+00
   16.29897999  0.19138556E+00    1.198000  0.48080214E+00
   16.31258515  0.19540303E+00    1.199000  0.49311603E+00
   16.32619031  0.19108438E+00    1.200000  0.48438961E+00
   16.33979547  0.19025869E+00    1.201000  0.48445920E+00
   16.35340063  0.18777030E+00    1.202000  0.48025735E+00
   16.36700579  0.18162846E+00    1.203000  0.46661303E+00
   16.39421610  0.19081754E+00    1.205000  0.49455829E+00
   16.40782126  0.18842311E+00    1.206000  0.49049424E+00
   16.42142642  0.18812827E+00    1.207000  0.49186519E+00
   16.43503158  0.18719757E+00    1.208000  0.49155973E+00
   16.44863674  0.18361143E+00    1.209000  0.48423003E+00
   16.46224190  0.18839179E+00    1.210000  0.49897852E+00
   16.47584705  0.19240876E+00    1.211000  0.51180505E+00
   16.48945221  0.19337480E+00    1.212000  0.51657280E+00
   16.50305737  0.19153295E+00    1.213000  0.51382972E+00
   16.51666253  0.18703516E+00    1.214000  0.50388942E+00
   16.53026769  0.18262667E+00    1.215000  0.49408847E+00
   16.54387285  0.18598469E+00    1.216000  0.50528752E+00
   16.55747801  0.18293328E+00    1.217000  0.49907679E+00
   16.57108316  0.17638217E+00    1.218000  0.48320904E+00
   16.58468832  0.17665930E+00    1.219000  0.48597635E+00
   16.59829348  0.17451673E+00    1.220000  0.48206602E+00
   16.61189864  0.16917126E+00    1.221000  0.46922326E+00
   16.62550380  0.17550876E+00    1.222000  0.48879633E+00
   16.63910896  0.17564047E+00    1.223000  0.49115964E+00
   16.65271412  0.18322479E+00    1.224000  0.51445110E+00
   16.67992443  0.18031536E+00    1.226000  0.51038140E+00
   16.69352959  0.17396301E+00    1.227000  0.49437855E+00
   16.70713475  0.17750073E+00    1.228000  0.50644990E+00
   16.72073991  0.17203775E+00    1.229000  0.49281833E+00
   16.73434507  0.17357203E+00    1.230000  0.49918641E+00
   16.74795023  0.16559596E+00    1.231000  0.47812988E+00
   16.76155538  0.16667981E+00    1.232000  0.48315396E+00
   16.77516054  0.16690516E+00    1.233000  0.48570439E+00
   16.78876570  0.16488529E+00    1.234000  0.48170070E+00
   16.80237086  0.16306451E+00    1.235000  0.47823495E+00
   16.81597602  0.16076003E+00    1.236000  0.47330375E+00
   16.82958118  0.16424044E+00    1.237000  0.48541757E+00
   16.84318634  0.16315097E+00    1.238000  0.48405215E+00
   16.85679150  0.16436293E+00    1.239000  0.48951622E+00
   16.87039665  0.16606677E+00    1.240000  0.49647838E+00
   16.88400181  0.16679772E+00    1.241000  0.50055963E+00
   16.89760697  0.16335686E+00    1.242000  0.49209050E+00
   16.91121213  0.16769707E+00    1.243000  0.50707101E+00
   16.92481729  0.17112525E+00    1.244000  0.51938209E+00
   16.93842245  0.18218894E+00    1.245000  0.55503242E+00
   16.95202761  0.16892003E+00    1.246000  0.51652926E+00
   16.96563276  0.17546413E+00    1.247000  0.53853450E+00
   16.97923792  0.17296669E+00    1.248000  0.53283548E+00
   16.99284308  0.17471596E+00    1.249000  0.54021023E+00
   17.00644824  0.17527185E+00    1.250000  0.54392132E+00
   17.02005340  0.16803126E+00    1.251000  0.52336158E+00
   17.03365856  0.16881618E+00    1.252000  0.52772527E+00
   17.04726372  0.16625054E+00    1.253000  0.52159477E+00
   17.06086887  0.16567414E+00    1.254000  0.52166960E+00
   17.07447403  0.16576906E+00    1.255000  0.52385278E+00
   17.08807919  0.17046039E+00    1.256000  0.54061562E+00
   17.10168435  0.16985101E+00    1.257000  0.54061369E+00
   17.11528951  0.16368777E+00    1.258000  0.52285753E+00
   17.12889467  0.16070351E+00    1.259000  0.51515179E+00
   17.14249983  0.15861043E+00    1.260000  0.51024513E+00
   17.15610498  0.16373318E+00    1.261000  0.52858603E+00
   17.16971014  0.15944620E+00    1.262000  0.51655865E+00
   17.18331530  0.16162855E+00    1.263000  0.52546604E+00
   17.19692046  0.16389443E+00    1.264000  0.53469556E+00
   17.21052562  0.15282099E+00    1.265000  0.50030626E+00
   17.22413078  0.15433253E+00    1.266000  0.50700904E+00
   17.23773594  0.15331293E+00    1.267000  0.50540217E+00
   17.25134109  0.14040202E+00    1.268000  0.46443681E+00
   17.26494625  0.14210817E+00    1.269000  0.47169593E+00
   17.27855141  0.14198338E+00    1.270000  0.47289563E+00
   17.29215657  0.13468203E+00    1.271000  0.45010839E+00
   17.30576173  0.13287034E+00    1.272000  0.44556407E+00
   17.31936689  0.12933527E+00    1.273000  0.43517978E+00
   17.33297205  0.12709169E+00    1.274000  0.42907538E+00
   17.34657720  0.13217654E+00    1.275000  0.44774482E+00
   17.36018236  0.13168487E+00    1.276000  0.44757616E+00
   17.37378752  0.12901257E+00    1.277000  0.43995992E+00
   17.38739268  0.12796283E+00    1.278000  0.43783465E+00
   17.40099784  0.12023848E+00    1.279000  0.41277194E+00
   17.41460300  0.11753331E+00    1.280000  0.40482125E+00
   17.42820816  0.11550032E+00    1.281000  0.39913189E+00
   17.44181331  0.11961744E+00    1.282000  0.41471901E+00
   17.45541847  0.11297279E+00    1.283000  0.39296589E+00
   17.46902363  0.11451270E+00    1.284000  0.39962399E+00
   17.48262879  0.11090928E+00    1.285000  0.38830954E+00
   17.49623395  0.10908806E+00    1.286000  0.38317321E+00
   17.50983911  0.10526135E+00    1.287000  0.37092834E+00
   17.52344427  0.10338386E+00    1.288000  0.36548745E+00
   17.53704942  0.10425666E+00    1.289000  0.36975810E+00
   17.55065458  0.10318936E+00    1.290000  0.36714574E+00
   17.56425974  0.99648785E-01    1.291000  0.35568116E+00
   17.57786490  0.95854758E-01    1.292000  0.34322854E+00
   17.59147006  0.94588211E-01    1.293000  0.33976858E+00
   17.60507522  0.95159441E-01    1.294000  0.34290216E+00
   17.61868038  0.91408075E-01    1.295000  0.33042334E+00
   17.63228553  0.92877768E-01    1.296000  0.33679175E+00
   17.64589069  0.94319045E-01    1.297000  0.34309021E+00
   17.65949585  0.99267346E-01    1.298000  0.36221827E+00
   17.67310101  0.96588062E-01    1.299000  0.35353970E+00
   17.68670617  0.92449997E-01    1.300000  0.33944409E+00
   17.70031133  0.92866010E-01    1.301000  0.34202715E+00
   17.71391649  0.88739681E-01    1.302000  0.32783851E+00
   17.72752164  0.86338448E-01    1.303000  0.31994884E+00
   17.74112680  0.89182379E-01    1.304000  0.33150148E+00
   17.75473196  0.90022341E-01    1.305000  0.33564700E+00
   17.76833712  0.88432764E-01    1.306000  0.33072550E+00
   17.78194228  0.89350102E-01    1.307000  0.33517185E+00
   17.79554744  0.86588706E-01    1.308000  0.32579750E+00
   17.80915260  0.86798122E-01    1.309000  0.32757208E+00
   17.82275776  0.87768163E-01    1.310000  0.33223063E+00
   17.83636291  0.87413620E-01    1.311000  0.33188220E+00
   17.84996807  0.88692924E-01    1.312000  0.33774749E+00
   17.86357323  0.87843714E-01    1.313000  0.33551217E+00
   17.87717839  0.87995837E-01    1.314000  0.33709344E+00
   17.89078355  0.88822774E-01    1.315000  0.34127091E+00
   17.90438871  0.88118595E-01    1.316000  0.33956699E+00
   17.91799387  0.88334497E-01    1.317000  0.34140307E+00
   17.93159902  0.92094208E-01    1.318000  0.35698077E+00
   17.94520418  0.90399580E-01    1.319000  0.35143953E+00
   17.95880934  0.92082292E-01    1.320000  0.35902798E+00
   17.97241450  0.96781945E-01    1.321000  0.37845200E+00
   17.98601966  0.97372275E-01    1.322000  0.38186723E+00
   17.99962482  0.10078196E+00    1.323000  0.39638465E+00
   18.01322998  0.10208632E+00    1.324000  0.40267526E+00
   18.02683513  0.10491241E+00    1.325000  0.41501517E+00
   18.04044029  0.10679513E+00    1.326000  0.42367684E+00
   18.05404545  0.10472508E+00    1.327000  0.41665494E+00
   18.06765061  0.10624639E+00    1.328000  0.42391527E+00
   18.08125577  0.10442213E+00    1.329000  0.41782358E+00
   18.09486093  0.10408918E+00    1.330000  0.41767451E+00
   18.10846609  0.10481190E+00    1.331000  0.42176597E+00
   18.12207124  0.10259243E+00    1.332000  0.41400092E+00
   18.13567640  0.10148845E+00    1.333000  0.41069952E+00
   18.14928156  0.10059427E+00    1.334000  0.40822448E+00
   18.16288672  0.99385746E-01    1.335000  0.40444983E+00
   18.17649188  0.99320758E-01    1.336000  0.40531434E+00
   18.19009704  0.98090030E-01    1.337000  0.40140690E+00
   18.20370220  0.99262042E-01    1.338000  0.40733135E+00
   18.21730735  0.99605221E-01    1.339000  0.40987183E+00
   18.23091251  0.98892614E-01    1.340000  0.40806359E+00
   18.24451767  0.97336707E-01    1.341000  0.40274983E+00
   18.25812283  0.94588115E-01    1.342000  0.39245217E+00
   18.27172799  0.90310623E-01    1.343000  0.37573114E+00
   18.28533315  0.91546310E-01    1.344000  0.38191274E+00
   18.29893831  0.89668016E-01    1.345000  0.37509613E+00
   18.31254346  0.89989326E-01    1.346000  0.37746313E+00
   18.32614862  0.88690198E-01    1.347000  0.37302204E+00
   18.33975378  0.87210531E-01    1.348000  0.36779003E+00
   18.35335894  0.89096244E-01    1.349000  0.37675534E+00
   18.36696410  0.90639049E-01    1.350000  0.38430959E+00
   18.38056926  0.86222890E-01    1.351000  0.36656517E+00
   18.39417442  0.85093222E-01    1.352000  0.36272979E+00
   18.40777957  0.85970877E-01    1.353000  0.36744823E+00
   18.42138473  0.86377201E-01    1.354000  0.37016675E+00
   18.43498989  0.89634632E-01    1.355000  0.38514524E+00
   18.44859505  0.86483803E-01    1.356000  0.37258971E+00
   18.46220021  0.87259014E-01    1.357000  0.37692135E+00
   18.47580537  0.87499445E-01    1.358000  0.37895451E+00
   18.48941053  0.86556481E-01    1.359000  0.37585448E+00
   18.50301568  0.89362241E-01    1.360000  0.38905372E+00
   18.51662084  0.87965313E-01    1.361000  0.38397186E+00
   18.53022600  0.89987370E-01    1.362000  0.39382110E+00
   18.54383116  0.88415856E-01    1.363000  0.38794854E+00
   18.55743632  0.84474683E-01    1.364000  0.37161580E+00
   18.57104148  0.89265551E-01    1.365000  0.39370617E+00
   18.58464664  0.90054750E-01    1.366000  0.39821059E+00
   18.59825179  0.84967125E-01    1.367000  0.37667958E+00
   18.61185695  0.85546289E-01    1.368000  0.38021956E+00
   18.62546211  0.85775522E-01    1.369000  0.38221342E+00
   18.63906727  0.84699106E-01    1.370000  0.37837971E+00
   18.65267243  0.80622060E-01    1.371000  0.36108259E+00
   18.66627759  0.78238607E-01    1.372000  0.35129714E+00
   18.67988275  0.79463835E-01    1.373000  0.35770177E+00
   18.69348790  0.76376517E-01    1.374000  0.34467256E+00
   18.70709306  0.75836730E-01    1.375000  0.34309864E+00
   18.72069822  0.72882934E-01    1.376000  0.33056361E+00
   18.73430338  0.71217534E-01    1.377000  0.32381965E+00
   18.74790854  0.71494562E-01    1.378000  0.32589195E+00
   18.76151370  0.68273685E-01    1.379000  0.31198637E+00
   18.77511886  0.70463614E-01    1.380000  0.32279452E+00
   18.78872402  0.69887884E-01    1.381000  0.32095151E+00
   18.80232917  0.65940850E-01    1.382000  0.30357479E+00
   18.81593433  0.65072374E-01    1.383000  0.30031623E+00
   18.82953949  0.64857644E-01    1.384000  0.30006246E+00
   18.84314465  0.65717313E-01    1.385000  0.30478671E+00
   18.85674981  0.64200400E-01    1.386000  0.29848127E+00
   18.87035497  0.64472563E-01    1.387000  0.30047947E+00
   18.88396013  0.61521716E-01    1.388000  0.28742613E+00
   18.89756528  0.62912832E-01    1.389000  0.29464048E+00
   18.91117044  0.61602496E-01    1.390000  0.28920400E+00
   18.92477560  0.62601887E-01    1.391000  0.29460742E+00
   18.93838076  0.64310009E-01    1.392000  0.30337693E+00
   18.95198592  0.62775763E-01    1.393000  0.29685283E+00
   18.96559108  0.62856883E-01    1.394000  0.29795092E+00
   18.97919624  0.63608678E-01    1.395000  0.30223758E+00
   18.99280139  0.62151272E-01    1.396000  0.29601917E+00
   19.00640655  0.60383362E-01    1.397000  0.28828520E+00
   19.02001171  0.58774822E-01    1.398000  0.28127372E+00
   19.03361687  0.61060670E-01    1.399000  0.29290699E+00
   19.04722203  0.58515031E-01    1.400000  0.28136074E+00
   19.06082719  0.57643229E-01    1.401000  0.27782404E+00
   19.07443235  0.57418616E-01    1.402000  0.27739415E+00
   19.08803750  0.54529400E-01    1.403000  0.26405594E+00
   19.10164266  0.55036258E-01    1.404000  0.26713597E+00
   19.11524782  0.53102007E-01    1.405000  0.25835108E+00
   19.12885298  0.52795537E-01    1.406000  0.25746017E+00
   19.14245814  0.54226429E-01    1.407000  0.26505438E+00
   19.15606330  0.51578781E-01    1.408000  0.25269919E+00
   19.16966846  0.50534980E-01    1.409000  0.24815974E+00
   19.18327361  0.50008464E-01    1.410000  0.24614265E+00
   19.19687877  0.48758547E-01    1.411000  0.24054477E+00
   19.21048393  0.47256863E-01    1.412000  0.23367355E+00
   19.22408909  0.47639122E-01    1.413000  0.23610524E+00
   19.23769425  0.48686099E-01    1.414000  0.24184760E+00
   19.25129941  0.48300447E-01    1.415000  0.24048091E+00
   19.26490457  0.46344490E-01    1.416000  0.23126928E+00
   19.27850972  0.45452088E-01    1.417000  0.22733265E+00
   19.29211488  0.44653925E-01    1.418000  0.22384815E+00
   19.30572004  0.43013885E-01    1.419000  0.21611564E+00
   19.31932520  0.43504817E-01    1.420000  0.21907676E+00
   19.33293036  0.42800304E-01    1.421000  0.21601556E+00
   19.34653552  0.43715310E-01    1.422000  0.22113056E+00
   19.36014068  0.43623908E-01    1.423000  0.22116408E+00
   19.37374583  0.42142971E-01    1.424000  0.21413508E+00
   19.38735099  0.41021412E-01    1.425000  0.20890255E+00
   19.40095615  0.40842989E-01    1.426000  0.20845819E+00
   19.41456131  0.41955761E+00    1.427000  0.21461457E+01
   19.42816647  0.41284920E-01    1.428000  0.21165233E+00
   19.44177163  0.40672135E-01    1.429000  0.20897313E+00
   19.45537679  0.42241860E-01    1.430000  0.21751853E+00
   19.46898194  0.41804231E-01    1.431000  0.21574021E+00
   19.48258710  0.41651771E-01    1.432000  0.21542686E+00
   19.49619226  0.41461683E-01    1.433000  0.21491500E+00
   19.50979742  0.41097770E-01    1.434000  0.21349583E+00
   19.52340258  0.41205169E-01    1.435000  0.21452213E+00
   19.53700774  0.42195490E-01    1.436000  0.22015757E+00
   19.55061290  0.41929955E-01    1.437000  0.21924874E+00
   19.56421805  0.41960118E-01    1.438000  0.21988342E+00
   19.57782321  0.42029304E-01    1.439000  0.22072372E+00
   19.59142837  0.42669930E-01    1.440000  0.22457310E+00
   19.99958313  0.41062656E+01    1.470000  0.23011674E+02
   24.99947891  0.80123945E-02    1.837500  0.78372508E-01
   29.99937469  0.57292158E-02    2.205000  0.79972856E-01
   34.99927048  0.41792908E-02    2.572500  0.75796238E-01
   39.99916626  0.34347312E-02    2.940000  0.76640937E-01
   44.99906204  0.27829005E-02    3.307500  0.73721504E-01
   49.99895782  0.23175962E-02    3.675000  0.71076636E-01
   54.99885361  0.20078335E-02    4.042500  0.69964219E-01
   59.99874939  0.14165388E-02    4.410000  0.55277588E-01
   64.99864517  0.11976963E-02    4.777500  0.51740919E-01
   69.99854095  0.10060865E-02    5.145000  0.47666103E-01
   74.99843674  0.84855979E-03    5.512500  0.43747590E-01
   79.99833252  0.72346153E-03    5.880000  0.40320302E-01
   84.99822830  0.61264845E-03    6.247500  0.36703674E-01
   89.99812408  0.52942424E-03    6.615000  0.33929325E-01
   94.99801987  0.45867319E-03    6.982500  0.31311135E-01
   99.99791565  0.39849396E-03    7.350000  0.28867681E-01
  104.99781143  0.34690760E-03    7.717500  0.26579826E-01
  109.99770721  0.30746280E-03    8.085000  0.24841978E-01
  114.99760300  0.26867662E-03    8.452500  0.22830544E-01
  119.99749878  0.24137172E-03    8.820000  0.21518635E-01
  124.99739456  0.21220429E-03    9.187500  0.19804772E-01
  129.99729034  0.18803681E-03    9.555000  0.18334750E-01
  134.99718613  0.16879561E-03    9.922500  0.17163736E-01
