       eV          sigma            Ry          om               in 10^-16                                                                       
   12.98346461  0.00000000E+00    0.954305  0.00000000E+00
   12.99292646  0.95550090E+01    0.955000  0.14328405E+00
   13.00653161  0.20789244E+02    0.956000  0.45353597E+00
   13.02013677  0.26031609E+02    0.957000  0.74544352E+00
   13.03374193  0.23945269E+02    0.958000  0.84901032E+00
   13.04734709  0.28329623E+02    0.959000  0.11976768E+01
   13.06095225  0.32070268E+02    0.960000  0.15745436E+01
   13.07455741  0.36664275E+02    0.961000  0.20501516E+01
   13.08816257  0.33729667E+02    0.962000  0.21161004E+01
   13.10176772  0.31970841E+02    0.963000  0.22238042E+01
   13.11537288  0.31279208E+02    0.964000  0.23890264E+01
   13.12897804  0.28554535E+02    0.965000  0.23756703E+01
   13.14258320  0.28213416E+02    0.966000  0.25397110E+01
   13.15618836  0.31257361E+02    0.967000  0.30269017E+01
   13.16979352  0.29408017E+02    0.968000  0.30483833E+01
   13.18339868  0.27987414E+02    0.969000  0.30920057E+01
   13.19700383  0.26888304E+02    0.970000  0.31539613E+01
   13.21060899  0.26850196E+02    0.971000  0.33326148E+01
   13.22421415  0.26045073E+02    0.972000  0.34103164E+01
   13.23781931  0.26270917E+02    0.973000  0.36190610E+01
   13.25142447  0.25678320E+02    0.974000  0.37125564E+01
   13.26502963  0.25078875E+02    0.975000  0.37969318E+01
   13.27863479  0.24861675E+02    0.976000  0.39336093E+01
   13.30584510  0.20711836E+02    0.978000  0.35595401E+01
   13.31945026  0.19308470E+02    0.979000  0.34500449E+01
   13.33305542  0.19859307E+02    0.980000  0.36839131E+01
   13.34666058  0.19058146E+02    0.981000  0.36652776E+01
   13.36026574  0.19492540E+02    0.982000  0.38817634E+01
   13.37387090  0.19336978E+02    0.983000  0.39826666E+01
   13.38747605  0.20943070E+02    0.984000  0.44562951E+01
   13.40108121  0.20481214E+02    0.985000  0.44977067E+01
   13.41468637  0.21881666E+02    0.986000  0.49544854E+01
   13.42829153  0.19512545E+02    0.987000  0.45511442E+01
   13.44189669  0.19521838E+02    0.988000  0.46864543E+01
   13.45550185  0.18664753E+02    0.989000  0.46079979E+01
   13.46910701  0.18359183E+02    0.990000  0.46577713E+01
   13.48271216  0.17267265E+02    0.991000  0.44985151E+01
   13.49631732  0.16817728E+02    0.992000  0.44961006E+01
   13.50992248  0.17352106E+02    0.993000  0.47573076E+01
   13.52352764  0.16712330E+02    0.994000  0.46958861E+01
   13.53713280  0.17390383E+02    0.995000  0.50050133E+01
   13.55073796  0.17309216E+02    0.996000  0.50997054E+01
   13.56434312  0.17262888E+02    0.997000  0.52037925E+01
   13.57794827  0.17374563E+02    0.998000  0.53559541E+01
   13.59155343  0.17376184E+02    0.999000  0.54749627E+01
   13.60515859  0.17682812E+02    1.000000  0.56921766E+01
   13.61876375  0.18160238E+02    1.001000  0.59697187E+01
   13.63236891  0.18844043E+02    1.002000  0.63230222E+01
   13.64597407  0.19631541E+02    1.003000  0.67211541E+01
   13.65957923  0.20392605E+02    1.004000  0.71207975E+01
   13.67318438  0.20983317E+02    1.005000  0.74701755E+01
   13.70039470  0.22032973E+02    1.007000  0.81443974E+01
   13.71399986  0.23417020E+02    1.008000  0.88157132E+01
   13.75481534  0.19258344E+02    1.011000  0.76441497E+01
   13.76842049  0.17064947E+02    1.012000  0.68899183E+01
   13.78202565  0.16580796E+02    1.013000  0.68075284E+01
   13.79563081  0.15751865E+02    1.014000  0.65746275E+01
   13.80923597  0.15648787E+02    1.015000  0.66383315E+01
   13.82284113  0.15374286E+02    1.016000  0.66267419E+01
   13.83644629  0.14562248E+02    1.017000  0.63760486E+01
   13.85005145  0.13938819E+02    1.018000  0.61981470E+01
   13.86365660  0.13369410E+02    1.019000  0.60361309E+01
   13.87726176  0.12389262E+02    1.020000  0.56781031E+01
   13.89086692  0.12077185E+02    1.021000  0.56174441E+01
   13.90447208  0.11905214E+02    1.022000  0.56186512E+01
   13.91807724  0.11197820E+02    1.023000  0.53611690E+01
   13.93168240  0.10894004E+02    1.024000  0.52900105E+01
   13.94528756  0.10479001E+02    1.025000  0.51599582E+01
   13.95889272  0.99055488E+01    1.026000  0.49451429E+01
   13.97249787  0.98780094E+01    1.027000  0.49987644E+01
   13.98610303  0.99269506E+01    1.028000  0.50912348E+01
   13.99970819  0.97465632E+01    1.029000  0.50651930E+01
   14.01331335  0.95886999E+01    1.030000  0.50485498E+01
   14.02691851  0.10217959E+02    1.031000  0.54495496E+01
   14.04052367  0.10567519E+02    1.032000  0.57080533E+01
   14.05412883  0.10988182E+02    1.033000  0.60102161E+01
   14.06773398  0.10851519E+02    1.034000  0.60094750E+01
   14.08133914  0.99373997E+01    1.035000  0.55710189E+01
   14.09494430  0.93059027E+01    1.036000  0.52804626E+01
   14.10854946  0.89452706E+01    1.037000  0.51368371E+01
   14.12215462  0.87110399E+01    1.038000  0.50617407E+01
   14.13575978  0.88658454E+01    1.039000  0.52121606E+01
   14.14936494  0.89195757E+01    1.040000  0.53045815E+01
   14.16297009  0.84717593E+01    1.041000  0.50960386E+01
   14.17657525  0.85094036E+01    1.042000  0.51767187E+01
   14.19018041  0.85019984E+01    1.043000  0.52301990E+01
   14.20378557  0.85125817E+01    1.044000  0.52947670E+01
   14.21739073  0.82861016E+01    1.045000  0.52104108E+01
   14.23099589  0.82746407E+01    1.046000  0.52596387E+01
   14.24460105  0.81967947E+01    1.047000  0.52660609E+01
   14.25820620  0.80376556E+01    1.048000  0.52186398E+01
   14.27181136  0.79244580E+01    1.049000  0.51991899E+01
   14.28541652  0.78771637E+01    1.050000  0.52218842E+01
   14.29902168  0.77294098E+01    1.051000  0.51766521E+01
   14.31262684  0.74757004E+01    1.052000  0.50577199E+01
   14.32623200  0.73319935E+01    1.053000  0.50105000E+01
   14.33983716  0.73108737E+01    1.054000  0.50459288E+01
   14.35344231  0.72316737E+01    1.055000  0.50405868E+01
   14.36704747  0.69671138E+01    1.056000  0.49037016E+01
   14.38065263  0.67810770E+01    1.057000  0.48190106E+01
   14.39425779  0.69519667E+01    1.058000  0.49878681E+01
   14.40786295  0.69303226E+01    1.059000  0.50196051E+01
   14.42146811  0.68942945E+01    1.060000  0.50405305E+01
   14.43507327  0.68841466E+01    1.061000  0.50800625E+01
   14.44867842  0.67574887E+01    1.062000  0.50326844E+01
   14.46228358  0.66193613E+01    1.063000  0.49749584E+01
   14.47588874  0.64082424E+01    1.064000  0.48599918E+01
   14.48949390  0.63767376E+01    1.065000  0.48795893E+01
   14.50309906  0.61929964E+01    1.066000  0.47812248E+01
   14.51670422  0.61056200E+01    1.067000  0.47554085E+01
   14.53030938  0.60316541E+01    1.068000  0.47389366E+01
   14.54391453  0.58663747E+01    1.069000  0.46490901E+01
   14.55751969  0.57894283E+01    1.070000  0.46275953E+01
   14.57112485  0.55550357E+01    1.071000  0.44781274E+01
   14.58473001  0.53859425E+01    1.072000  0.43785481E+01
   14.59833517  0.54496130E+01    1.073000  0.44674770E+01
   14.61194033  0.53188317E+01    1.074000  0.43965407E+01
   14.62554549  0.51018732E+01    1.075000  0.42519988E+01
   14.63915064  0.52122771E+01    1.076000  0.43795603E+01
   14.65275580  0.51898419E+01    1.077000  0.43961051E+01
   14.66636096  0.50498642E+01    1.078000  0.43119767E+01
   14.67996612  0.49272248E+01    1.079000  0.42408621E+01
   14.69357128  0.48547082E+01    1.080000  0.42115571E+01
   14.70717644  0.48888541E+01    1.081000  0.42745223E+01
   14.72078160  0.47449265E+01    1.082000  0.41810419E+01
   14.73438675  0.47363453E+01    1.083000  0.42057833E+01
   14.74799191  0.46325627E+01    1.084000  0.41452213E+01
   14.76159707  0.46856994E+01    1.085000  0.42247255E+01
   14.77520223  0.47289260E+01    1.086000  0.42959517E+01
   14.78880739  0.45936440E+01    1.087000  0.42043855E+01
   14.80241255  0.47578918E+01    1.088000  0.43871649E+01
   14.81601771  0.46869518E+01    1.089000  0.43537184E+01
   14.82962286  0.48542221E+01    1.090000  0.45422028E+01
   14.84322802  0.48181900E+01    1.091000  0.45413478E+01
   14.85683318  0.46387623E+01    1.092000  0.44038669E+01
   14.87043834  0.46486660E+01    1.093000  0.44449739E+01
   14.88404350  0.46248147E+01    1.094000  0.44537098E+01
   14.89764866  0.45619034E+01    1.095000  0.44242391E+01
   14.91125382  0.45193558E+01    1.096000  0.44137984E+01
   14.92485898  0.45482372E+01    1.097000  0.44730251E+01
   14.93846413  0.44736186E+01    1.098000  0.44301513E+01
   14.95206929  0.44455138E+01    1.099000  0.44326389E+01
   14.96567445  0.44163742E+01    1.100000  0.44337042E+01
   14.97927961  0.44522272E+01    1.101000  0.45000630E+01
   14.99288477  0.43391797E+01    1.102000  0.44153949E+01
   15.00648993  0.43308722E+01    1.103000  0.44364789E+01
   15.02009509  0.42985656E+01    1.104000  0.44327016E+01
   15.03370024  0.42294556E+01    1.105000  0.43902807E+01
   15.04730540  0.41710754E+01    1.106000  0.43581281E+01
   15.06091056  0.40525458E+01    1.107000  0.42619222E+01
   15.07451572  0.39901624E+01    1.108000  0.42235294E+01
   15.08812088  0.39468172E+01    1.109000  0.42045672E+01
   15.10172604  0.38402307E+01    1.110000  0.41172112E+01
   15.11533120  0.38050088E+01    1.111000  0.41053997E+01
   15.12893635  0.37998070E+01    1.112000  0.41257027E+01
   15.14254151  0.37235295E+01    1.113000  0.40682783E+01
   15.15614667  0.36306714E+01    1.114000  0.39915847E+01
   15.16975183  0.33834715E+01    1.115000  0.37428874E+01
   15.18335699  0.33447221E+01    1.116000  0.37228334E+01
   15.19696215  0.33092612E+01    1.117000  0.37059336E+01
   15.21056731  0.33184847E+01    1.118000  0.37388954E+01
   15.22417246  0.33081060E+01    1.119000  0.37497638E+01
   15.23777762  0.32872166E+01    1.120000  0.37485050E+01
   15.25138278  0.32079206E+01    1.121000  0.36799602E+01
   15.26498794  0.32034116E+01    1.122000  0.36966355E+01
   15.27859310  0.32285841E+01    1.123000  0.37477034E+01
   15.29219826  0.31830890E+01    1.124000  0.37166025E+01
   15.30580342  0.32456402E+01    1.125000  0.38117737E+01
   15.31940857  0.32728140E+01    1.126000  0.38660087E+01
   15.33301373  0.32704468E+01    1.127000  0.38855175E+01
   15.34661889  0.32834600E+01    1.128000  0.39233719E+01
   15.36022405  0.32501572E+01    1.129000  0.39057455E+01
   15.37382921  0.32360218E+01    1.130000  0.39108291E+01
   15.38743437  0.31875685E+01    1.131000  0.38740117E+01
   15.40103953  0.31576002E+01    1.132000  0.38591251E+01
   15.41464468  0.30622781E+01    1.133000  0.37635106E+01
   15.42824984  0.30028820E+01    1.134000  0.37109936E+01
   15.44185500  0.28948269E+01    1.135000  0.35972013E+01
   15.45546016  0.27806601E+01    1.136000  0.34742988E+01
   15.46906532  0.28055764E+01    1.137000  0.35245650E+01
   15.48267048  0.28639690E+01    1.138000  0.36174548E+01
   15.50988079  0.27196521E+01    1.140000  0.34722665E+01
   15.52348595  0.28110965E+01    1.141000  0.36081887E+01
   15.53709111  0.28320881E+01    1.142000  0.36544479E+01
   15.55069627  0.26560378E+01    1.143000  0.34453922E+01
   15.56430143  0.26618557E+01    1.144000  0.34710935E+01
   15.57790659  0.27255731E+01    1.145000  0.35727707E+01
   15.59151175  0.27092616E+01    1.146000  0.35698667E+01
   15.60511690  0.27022238E+01    1.147000  0.35790230E+01
   15.61872206  0.26474561E+01    1.148000  0.35245409E+01
   15.63232722  0.26924194E+01    1.149000  0.36027631E+01
   15.64593238  0.26655056E+01    1.150000  0.35849286E+01
   15.65953754  0.26070252E+01    1.151000  0.35240568E+01
   15.67314270  0.25501027E+01    1.152000  0.34645038E+01
   15.68674786  0.25358113E+01    1.153000  0.34623825E+01
   15.70035301  0.25359582E+01    1.154000  0.34798788E+01
   15.71395817  0.24952784E+01    1.155000  0.34410757E+01
   15.72756333  0.24839100E+01    1.156000  0.34423390E+01
   15.74116849  0.24466476E+01    1.157000  0.34073854E+01
   15.75477365  0.24192409E+01    1.158000  0.33857164E+01
   15.76837881  0.24258373E+01    1.159000  0.34114927E+01
   15.78198397  0.23641229E+01    1.160000  0.33408266E+01
   15.79558912  0.23881146E+01    1.161000  0.33910175E+01
   15.80919428  0.23462040E+01    1.162000  0.33475079E+01
   15.82279944  0.23524021E+01    1.163000  0.33723950E+01
   15.83640460  0.23107189E+01    1.164000  0.33283977E+01
   15.85000976  0.23281273E+01    1.165000  0.33693513E+01
   15.86361492  0.22922814E+01    1.166000  0.33331077E+01
   15.87722008  0.22686584E+01    1.167000  0.33142312E+01
   15.89082524  0.22838458E+01    1.168000  0.33519944E+01
   15.90443039  0.22351559E+01    1.169000  0.32957765E+01
   15.91803555  0.21716271E+01    1.170000  0.32169131E+01
   15.93164071  0.21695634E+01    1.171000  0.32286530E+01
   15.94524587  0.21938606E+01    1.172000  0.32797735E+01
   15.95885103  0.21146655E+01    1.173000  0.31758010E+01
   15.97245619  0.20390386E+01    1.174000  0.30761313E+01
   15.98606135  0.20534191E+01    1.175000  0.31118307E+01
   15.99966650  0.20534909E+01    1.176000  0.31259448E+01
   16.01327166  0.19986280E+01    1.177000  0.30560602E+01
   16.02687682  0.19999104E+01    1.178000  0.30716609E+01
   16.04048198  0.20076435E+01    1.179000  0.30972308E+01
   16.05408714  0.19769880E+01    1.180000  0.30634213E+01
   16.06769230  0.19622586E+01    1.181000  0.30539806E+01
   16.08129746  0.19726333E+01    1.182000  0.30835810E+01
   16.09490261  0.19792417E+01    1.183000  0.31074100E+01
   16.10850777  0.19363889E+01    1.184000  0.30533376E+01
   16.12211293  0.19234526E+01    1.185000  0.30460577E+01
   16.13571809  0.19188187E+01    1.186000  0.30518060E+01
   16.14932325  0.19042109E+01    1.187000  0.30415600E+01
   16.16292841  0.19003643E+01    1.188000  0.30483767E+01
   16.17653357  0.18442983E+01    1.189000  0.29710197E+01
   16.19013872  0.18132799E+01    1.190000  0.29334184E+01
   16.20374388  0.18025189E+01    1.191000  0.29283034E+01
   16.21734904  0.18261023E+01    1.192000  0.29790705E+01
   16.23095420  0.18260821E+01    1.193000  0.29914917E+01
   16.24455936  0.18113954E+01    1.194000  0.29797861E+01
   16.25816452  0.17996660E+01    1.195000  0.29727650E+01
   16.27176968  0.17737297E+01    1.196000  0.29420194E+01
   16.28537483  0.18443464E+01    1.197000  0.30717275E+01
   16.29897999  0.18247118E+01    1.198000  0.30514714E+01
   16.31258515  0.18395470E+01    1.199000  0.30888264E+01
   16.32619031  0.18042856E+01    1.200000  0.30419238E+01
   16.33979547  0.17545178E+01    1.201000  0.29699841E+01
   16.35340063  0.17379590E+01    1.202000  0.29538072E+01
   16.36700579  0.17338263E+01    1.203000  0.29586084E+01
   16.39421610  0.16958151E+01    1.205000  0.29168776E+01
   16.40782126  0.17162404E+01    1.206000  0.29637150E+01
   16.42142642  0.16938148E+01    1.207000  0.29365413E+01
   16.43503158  0.16667509E+01    1.208000  0.29009886E+01
   16.44863674  0.16429473E+01    1.209000  0.28707634E+01
   16.46224190  0.16309916E+01    1.210000  0.28609967E+01
   16.47584705  0.16100513E+01    1.211000  0.28352452E+01
   16.48945221  0.15831858E+01    1.212000  0.27987336E+01
   16.50305737  0.15567137E+01    1.213000  0.27625537E+01
   16.51666253  0.15453958E+01    1.214000  0.27530088E+01
   16.53026769  0.15477362E+01    1.215000  0.27677339E+01
   16.54387285  0.15336318E+01    1.216000  0.27529713E+01
   16.55747801  0.15583732E+01    1.217000  0.28080122E+01
   16.57108316  0.15639610E+01    1.218000  0.28287474E+01
   16.58468832  0.15883503E+01    1.219000  0.28836933E+01
   16.59829348  0.15429735E+01    1.220000  0.28118338E+01
   16.61189864  0.15145805E+01    1.221000  0.27704217E+01
   16.62550380  0.15262744E+01    1.222000  0.28022213E+01
   16.63910896  0.15043524E+01    1.223000  0.27722327E+01
   16.65271412  0.15100315E+01    1.224000  0.27929969E+01
   16.67992443  0.15096512E+01    1.226000  0.28128857E+01
   16.69352959  0.14991971E+01    1.227000  0.28036318E+01
   16.70713475  0.15116734E+01    1.228000  0.28372735E+01
   16.72073991  0.15302880E+01    1.229000  0.28826483E+01
   16.73434507  0.15307306E+01    1.230000  0.28939218E+01
   16.74795023  0.14926420E+01    1.231000  0.28320937E+01
   16.76155538  0.15446842E+01    1.232000  0.29413720E+01
   16.77516054  0.15322556E+01    1.233000  0.29281559E+01
   16.78876570  0.15510224E+01    1.234000  0.29745977E+01
   16.80237086  0.15553562E+01    1.235000  0.29935170E+01
   16.81597602  0.14913535E+01    1.236000  0.28805054E+01
   16.82958118  0.15353048E+01    1.237000  0.29758671E+01
   16.84318634  0.15068695E+01    1.238000  0.29310285E+01
   16.85679150  0.15210160E+01    1.239000  0.29689185E+01
   16.87039665  0.15080688E+01    1.240000  0.29539318E+01
   16.88400181  0.14744263E+01    1.241000  0.28980904E+01
   16.89760697  0.14575408E+01    1.242000  0.28748415E+01
   16.91121213  0.14404482E+01    1.243000  0.28509524E+01
   16.92481729  0.14325952E+01    1.244000  0.28451801E+01
   16.93842245  0.13993143E+01    1.245000  0.27886268E+01
   16.95202761  0.13797097E+01    1.246000  0.27589677E+01
   16.96563276  0.13753077E+01    1.247000  0.27595450E+01
   16.97923792  0.13524770E+01    1.248000  0.27229595E+01
   16.99284308  0.13414240E+01    1.249000  0.27098551E+01
   17.00644824  0.13564816E+01    1.250000  0.27495250E+01
   17.02005340  0.13425249E+01    1.251000  0.27303916E+01
   17.03365856  0.12640828E+01    1.252000  0.25794794E+01
   17.04726372  0.12879672E+01    1.253000  0.26370020E+01
   17.06086887  0.12706479E+01    1.254000  0.26102083E+01
   17.07447403  0.12673156E+01    1.255000  0.26120064E+01
   17.08807919  0.12654602E+01    1.256000  0.26168129E+01
   17.10168435  0.12398806E+01    1.257000  0.25723738E+01
   17.11528951  0.12363314E+01    1.258000  0.25734422E+01
   17.12889467  0.12195053E+01    1.259000  0.25467357E+01
   17.14249983  0.12100715E+01    1.260000  0.25352878E+01
   17.15610498  0.12218549E+01    1.261000  0.25683090E+01
   17.16971014  0.12180736E+01    1.262000  0.25686684E+01
   17.18331530  0.12370929E+01    1.263000  0.26172134E+01
   17.19692046  0.11987216E+01    1.264000  0.25442100E+01
   17.21052562  0.11822946E+01    1.265000  0.25174082E+01
   17.22413078  0.11604341E+01    1.266000  0.24787759E+01
   17.23773594  0.11715242E+01    1.267000  0.25104553E+01
   17.25134109  0.11324130E+01    1.268000  0.24343674E+01
   17.26494625  0.11359799E+01    1.269000  0.24497827E+01
   17.27855141  0.11247940E+01    1.270000  0.24333312E+01
   17.29215657  0.11098503E+01    1.271000  0.24085722E+01
   17.30576173  0.11271359E+01    1.272000  0.24537723E+01
   17.31936689  0.11250396E+01    1.273000  0.24568816E+01
   17.33297205  0.11038130E+01    1.274000  0.24180547E+01
   17.34657720  0.11054404E+01    1.275000  0.24291591E+01
   17.36018236  0.10614756E+01    1.276000  0.23397878E+01
   17.37378752  0.10719468E+01    1.277000  0.23701802E+01
   17.38739268  0.10311700E+01    1.278000  0.22870514E+01
   17.40099784  0.10502940E+01    1.279000  0.23366301E+01
   17.41460300  0.10426428E+01    1.280000  0.23267191E+01
   17.42820816  0.10482079E+01    1.281000  0.23462870E+01
   17.44181331  0.10748849E+01    1.282000  0.24133312E+01
   17.45541847  0.98272782E+00    1.283000  0.22131225E+01
   17.46902363  0.10055357E+01    1.284000  0.22713442E+01
   17.48262879  0.99686816E+00    1.285000  0.22585645E+01
   17.49623395  0.99827489E+00    1.286000  0.22685601E+01
   17.50983911  0.96244327E+00    1.287000  0.21936975E+01
   17.52344427  0.97602923E+00    1.288000  0.22313207E+01
   17.53704942  0.96242225E+00    1.289000  0.22067774E+01
   17.55065458  0.92984329E+00    1.290000  0.21384175E+01
   17.56425974  0.92139563E+00    1.291000  0.21252740E+01
   17.57786490  0.95400532E+00    1.292000  0.22069974E+01
   17.59147006  0.93020225E+00    1.293000  0.21582755E+01
   17.60507522  0.92636770E+00    1.294000  0.21556965E+01
   17.61868038  0.89656954E+00    1.295000  0.20924697E+01
   17.63228553  0.90398431E+00    1.296000  0.21159401E+01
   17.64589069  0.91012477E+00    1.297000  0.21365202E+01
   17.65949585  0.89324967E+00    1.298000  0.21029980E+01
   17.67310101  0.89520438E+00    1.299000  0.21137055E+01
   17.68670617  0.86872463E+00    1.300000  0.20571079E+01
   17.70031133  0.89566159E+00    1.301000  0.21270022E+01
   17.71391649  0.89508644E+00    1.302000  0.21317410E+01
   17.72752164  0.87842274E+00    1.303000  0.20980457E+01
   17.74112680  0.89713431E+00    1.304000  0.21488555E+01
   17.75473196  0.89900727E+00    1.305000  0.21594731E+01
   17.76833712  0.90687328E+00    1.306000  0.21845528E+01
   17.78194228  0.93092487E+00    1.307000  0.22488394E+01
   17.79554744  0.94205603E+00    1.308000  0.22821540E+01
   17.80915260  0.90923056E+00    1.309000  0.22088346E+01
   17.82275776  0.91197777E+00    1.310000  0.22217284E+01
   17.83636291  0.91921770E+00    1.311000  0.22456353E+01
   17.84996807  0.92057852E+00    1.312000  0.22552383E+01
   17.86357323  0.91825524E+00    1.313000  0.22558094E+01
   17.87717839  0.92090975E+00    1.314000  0.22686113E+01
   17.89078355  0.92354255E+00    1.315000  0.22813958E+01
   17.90438871  0.90427812E+00    1.316000  0.22399749E+01
   17.91799387  0.88832935E+00    1.317000  0.22065270E+01
   17.93159902  0.90460541E+00    1.318000  0.22531248E+01
   17.94520418  0.88481580E+00    1.319000  0.22098689E+01
   17.95880934  0.88633530E+00    1.320000  0.22197089E+01
   17.97241450  0.89378274E+00    1.321000  0.22444558E+01
   17.98601966  0.90434173E+00    1.322000  0.22771392E+01
   17.99962482  0.88658908E+00    1.323000  0.22384846E+01
   18.01322998  0.88324880E+00    1.324000  0.22360749E+01
   18.02683513  0.87927825E+00    1.325000  0.22320197E+01
   18.04044029  0.86722584E+00    1.326000  0.22073397E+01
   18.05404545  0.87146710E+00    1.327000  0.22240785E+01
   18.06765061  0.85786903E+00    1.328000  0.21952256E+01
   18.08125577  0.86804281E+00    1.329000  0.22271798E+01
   18.09486093  0.86953381E+00    1.330000  0.22369357E+01
   18.10846609  0.86950213E+00    1.331000  0.22427844E+01
   18.12207124  0.85593279E+00    1.332000  0.22136214E+01
   18.13567640  0.84856128E+00    1.333000  0.22003445E+01
   18.14928156  0.85493875E+00    1.334000  0.22227123E+01
   18.16288672  0.85139298E+00    1.335000  0.22193005E+01
   18.17649188  0.85251907E+00    1.336000  0.22280502E+01
   18.19009704  0.82958562E+00    1.337000  0.21737718E+01
   18.20370220  0.82905511E+00    1.338000  0.21780360E+01
   18.21730735  0.82588781E+00    1.339000  0.21753478E+01
   18.23091251  0.82081455E+00    1.340000  0.21675832E+01
   18.24451767  0.81592062E+00    1.341000  0.21602242E+01
   18.25812283  0.80700571E+00    1.342000  0.21421251E+01
   18.27172799  0.80810169E+00    1.343000  0.21505457E+01
   18.28533315  0.80686258E+00    1.344000  0.21527511E+01
   18.29893831  0.79169503E+00    1.345000  0.21176828E+01
   18.31254346  0.78243546E+00    1.346000  0.20982510E+01
   18.32614862  0.78406165E+00    1.347000  0.21079594E+01
   18.33975378  0.78456506E+00    1.348000  0.21146637E+01
   18.35335894  0.78140351E+00    1.349000  0.21114716E+01
   18.36696410  0.78267992E+00    1.350000  0.21202587E+01
   18.38056926  0.77457819E+00    1.351000  0.21035941E+01
   18.39417442  0.77225580E+00    1.352000  0.21025539E+01
   18.40777957  0.77737799E+00    1.353000  0.21218015E+01
   18.42138473  0.76537882E+00    1.354000  0.20942706E+01
   18.43498989  0.76399543E+00    1.355000  0.20956959E+01
   18.44859505  0.76301823E+00    1.356000  0.20982193E+01
   18.46220021  0.76149459E+00    1.357000  0.20992230E+01
   18.47580537  0.75411656E+00    1.358000  0.20840271E+01
   18.48941053  0.74501144E+00    1.359000  0.20639459E+01
   18.50301568  0.72950005E+00    1.360000  0.20259492E+01
   18.51662084  0.73251696E+00    1.361000  0.20393236E+01
   18.53022600  0.72075054E+00    1.362000  0.20114816E+01
   18.54383116  0.71833741E+00    1.363000  0.20096462E+01
   18.55743632  0.71370043E+00    1.364000  0.20015412E+01
   18.57104148  0.71498666E+00    1.365000  0.20100247E+01
   18.58464664  0.71814029E+00    1.366000  0.20237883E+01
   18.59825179  0.71376910E+00    1.367000  0.20163379E+01
   18.61185695  0.70637517E+00    1.368000  0.20002683E+01
   18.62546211  0.71438463E+00    1.369000  0.20278212E+01
   18.63906727  0.70665783E+00    1.370000  0.20107078E+01
   18.65267243  0.69443047E+00    1.371000  0.19806525E+01
   18.66627759  0.67445474E+00    1.372000  0.19282777E+01
   18.67988275  0.67467502E+00    1.373000  0.19335089E+01
   18.69348790  0.66925460E+00    1.374000  0.19225393E+01
   18.70709306  0.94578261E+01    1.375000  0.27233600E+02
   18.72069822  0.64754520E+00    1.376000  0.18690084E+01
   18.73430338  0.64777461E+00    1.377000  0.18740885E+01
   18.74790854  0.66153903E+00    1.378000  0.19184224E+01
   18.76151370  0.64405538E+00    1.379000  0.18721135E+01
   18.77511886  0.65615789E+00    1.380000  0.19117677E+01
   18.78872402  0.64940658E+00    1.381000  0.18965263E+01
   18.80232917  0.64837247E+00    1.382000  0.18979283E+01
   18.81593433  0.64275750E+00    1.383000  0.18858758E+01
   18.82953949  0.63270067E+00    1.384000  0.18606838E+01
   18.84314465  0.63531281E+00    1.385000  0.18726987E+01
   18.85674981  0.63664930E+00    1.386000  0.18809803E+01
   18.87035497  0.61563645E+00    1.387000  0.18230966E+01
   18.88396013  0.61516391E+00    1.388000  0.18258928E+01
   18.89756528  0.61287805E+00    1.389000  0.18232880E+01
   18.91117044  0.62259682E+00    1.390000  0.18564472E+01
   18.92477560  0.61810334E+00    1.391000  0.18472642E+01
   18.93838076  0.61528251E+00    1.392000  0.18430302E+01
   18.95198592  0.61597827E+00    1.393000  0.18493154E+01
   18.96559108  0.60755717E+00    1.394000  0.18281769E+01
   18.97919624  0.60521177E+00    1.395000  0.18252471E+01
   18.99280139  0.60100244E+00    1.396000  0.18166512E+01
   19.00640655  0.59760314E+00    1.397000  0.18104519E+01
   19.02001171  0.60183884E+00    1.398000  0.18273887E+01
   19.03361687  0.61955525E+00    1.399000  0.18854073E+01
   19.04722203  0.61728203E+00    1.400000  0.18826995E+01
   19.06082719  0.60457971E+00    1.401000  0.18480810E+01
   19.07443235  0.60013773E+00    1.402000  0.18385958E+01
   19.08803750  0.61496473E+00    1.403000  0.18882143E+01
   19.10164266  0.60371740E+00    1.404000  0.18577975E+01
   19.11524782  0.59695054E+00    1.405000  0.18410454E+01
   19.12885298  0.59862098E+00    1.406000  0.18502799E+01
   19.14245814  0.60029844E+00    1.407000  0.18595589E+01
   19.15606330  0.60787393E+00    1.408000  0.18871715E+01
   19.16966846  0.60127524E+00    1.409000  0.18707864E+01
   19.18327361  0.59327356E+00    1.410000  0.18499365E+01
   19.19687877  0.59114104E+00    1.411000  0.18473186E+01
   19.21048393  0.58795089E+00    1.412000  0.18413593E+01
   19.22408909  0.58006795E+00    1.413000  0.18206275E+01
   19.23769425  0.57809652E+00    1.414000  0.18183826E+01
   19.25129941  0.58246461E+00    1.415000  0.18360948E+01
   19.26490457  0.57720169E+00    1.416000  0.18234412E+01
   19.27850972  0.57557479E+00    1.417000  0.18222272E+01
   19.29211488  0.57407993E+00    1.418000  0.18214099E+01
   19.30572004  0.56645020E+00    1.419000  0.18010660E+01
   19.31932520  0.56186704E+00    1.420000  0.17903256E+01
   19.33293036  0.55596725E+00    1.421000  0.17753184E+01
   19.34653552  0.54509622E+00    1.422000  0.17443226E+01
   19.36014068  0.53339913E+00    1.423000  0.17105295E+01
   19.37374583  0.53925385E+00    1.424000  0.17329825E+01
   19.38735099  0.54139973E+00    1.425000  0.17435711E+01
   19.40095615  0.54322189E+00    1.426000  0.17531442E+01
   19.41456131  0.19076192E+01    1.427000  0.61694844E+01
   19.42816647  0.53458026E+00    1.428000  0.17325469E+01
   19.44177163  0.54236147E+00    1.429000  0.17614644E+01
   19.45537679  0.53743417E+00    1.430000  0.17491271E+01
   19.46898194  0.52607776E+00    1.431000  0.17157546E+01
   19.48258710  0.52191096E+00    1.432000  0.17057245E+01
   19.49619226  0.52415104E+00    1.433000  0.17166204E+01
   19.50979742  0.52743197E+00    1.434000  0.17309628E+01
   19.52340258  0.61137161E+00    1.435000  0.20106114E+01
   19.53700774  0.51896955E+00    1.436000  0.17102692E+01
   19.55061290  0.51906843E+00    1.437000  0.17141352E+01
   19.56421805  0.51314653E+00    1.438000  0.16980789E+01
   19.57782321  0.51024827E+00    1.439000  0.16919681E+01
   19.59142837  0.50412619E+00    1.440000  0.16751057E+01
   19.99958313  0.28322107E+01    1.470000  0.99903298E+01
   24.99947891  0.15765705E+00    1.837500  0.95127395E+00
   29.99937469  0.84092873E-01    2.205000  0.71817332E+00
   34.99927048  0.56659095E-01    2.572500  0.62589386E+00
   39.99916626  0.42370131E-01    2.940000  0.57424593E+00
   44.99906204  0.31508339E-01    3.307500  0.50600834E+00
   49.99895782  0.25100830E-01    3.675000  0.46602018E+00
   54.99885361  0.20439480E-01    4.042500  0.43070786E+00
   59.99874939  0.17079182E-01    4.410000  0.40270611E+00
   64.99864517  0.14486465E-01    4.777500  0.37788223E+00
   69.99854095  0.12353244E-01    5.145000  0.35319919E+00
   74.99843674  0.10632890E-01    5.512500  0.33066200E+00
   79.99833252  0.92406653E-02    5.880000  0.31052755E+00
   84.99822830  0.80202775E-02    6.247500  0.28961928E+00
   89.99812408  0.70744987E-02    6.615000  0.27319805E+00
   94.99801987  0.62403906E-02    6.982500  0.25662810E+00
   99.99791565  0.55283419E-02    7.350000  0.24120236E+00
  104.99781143  0.49243447E-02    7.717500  0.22719236E+00
  109.99770721  0.43922264E-02    8.085000  0.21365102E+00
  114.99760300  0.39363824E-02    8.452500  0.20134364E+00
  119.99749878  0.35366880E-02    8.820000  0.18976394E+00
  124.99739456  0.31939318E-02    9.187500  0.17937841E+00
  129.99729034  0.28932025E-02    9.555000  0.16974036E+00
  134.99718613  0.26181393E-02    9.922500  0.16016493E+00
