       eV          sigma            Ry          om               in 10^-16                                                                       
   13.19303956  0.00000000E+00    0.969709  0.00000000E+00
   13.19700383  0.57472467E-03    0.970000  0.12956413E-02
   13.21060899  0.25093573E-02    0.971000  0.56912451E-02
   13.22421415  0.94165486E-02    0.972000  0.21485263E-01
   13.23781931  0.12551907E-01    0.973000  0.28810265E-01
   13.25142447  0.13149304E-01    0.974000  0.30360826E-01
   13.26502963  0.14531109E-01    0.975000  0.33749528E-01
   13.27863479  0.16385299E-01    0.976000  0.38279516E-01
   13.30584510  0.25614114E-01    0.978000  0.60538748E-01
   13.31945026  0.27471451E-01    0.979000  0.65303271E-01
   13.33305542  0.29232394E-01    0.980000  0.69888005E-01
   13.34666058  0.30242239E-01    0.981000  0.72714833E-01
   13.36026574  0.31893132E-01    0.982000  0.77119296E-01
   13.37387090  0.31664569E-01    0.983000  0.76998535E-01
   13.38747605  0.22376558E-01    0.984000  0.54718162E-01
   13.40108121  0.21128717E-01    0.985000  0.51954976E-01
   13.41468637  0.19816545E-01    0.986000  0.48998685E-01
   13.42829153  0.18765975E-01    0.987000  0.46657006E-01
   13.44189669  0.17587951E-01    0.988000  0.43968044E-01
   13.45550185  0.19449089E-01    0.989000  0.48885987E-01
   13.46910701  0.19957777E-01    0.990000  0.50436825E-01
   13.48271216  0.19854273E-01    0.991000  0.50446071E-01
   13.49631732  0.35905725E-01    0.992000  0.91719640E-01
   13.50992248  0.20443212E-01    0.993000  0.52500165E-01
   13.52352764  0.20776648E-01    0.994000  0.53639864E-01
   13.53713280  0.20342273E-01    0.995000  0.52795897E-01
   13.55073796  0.19581401E-01    0.996000  0.51088244E-01
   13.56434312  0.18954138E-01    0.997000  0.49710244E-01
   13.57794827  0.17763644E-01    0.998000  0.46830287E-01
   13.59155343  0.18448231E-01    0.999000  0.48886706E-01
   13.60515859  0.15304391E-01    1.000000  0.40764476E-01
   13.61876375  0.15063099E-01    1.001000  0.40327243E-01
   13.63236891  0.13717794E-01    1.002000  0.36912680E-01
   13.64597407  0.16095252E-01    1.003000  0.43529635E-01
   13.65957923  0.26536869E-01    1.004000  0.72130976E-01
   13.67318438  0.20100235E-01    1.005000  0.54909467E-01
   13.70039470  0.27454702E-01    1.007000  0.75749256E-01
   13.71399986  0.27921923E-01    1.008000  0.77419215E-01
   13.75481534  0.20598168E-01    1.011000  0.57955514E-01
   13.76842049  0.19434679E-01    1.012000  0.54946989E-01
   13.78202565  0.16945083E-01    1.013000  0.48139379E-01
   13.79563081  0.12397039E-01    1.014000  0.35387916E-01
   13.80923597  0.11515761E-01    1.015000  0.33029347E-01
   13.82284113  0.11406882E-01    1.016000  0.32872656E-01
   13.83644629  0.11004099E-01    1.017000  0.31862007E-01
   13.85005145  0.11609945E-01    1.018000  0.33774577E-01
   13.86365660  0.13337001E-01    1.019000  0.38980691E-01
   13.87726176  0.14376764E-01    1.020000  0.42215760E-01
   13.89086692  0.17320928E-01    1.021000  0.51097234E-01
   13.90447208  0.17816764E-01    1.022000  0.52802990E-01
   13.91807724  0.19237131E-01    1.023000  0.57274891E-01
   13.93168240  0.19386123E-01    1.024000  0.57982919E-01
   13.94528756  0.18510577E-01    1.025000  0.55616697E-01
   13.95889272  0.20149627E-01    1.026000  0.60816219E-01
   13.97249787  0.17454135E-01    1.027000  0.52918686E-01
   13.98610303  0.15948147E-01    1.028000  0.48570264E-01
   13.99970819  0.17742976E-01    1.029000  0.54278456E-01
   14.01331335  0.21367452E-01    1.030000  0.65657738E-01
   14.02691851  0.23587969E-01    1.031000  0.72802675E-01
   14.04052367  0.21307243E-01    1.032000  0.66054006E-01
   14.05412883  0.19276698E-01    1.033000  0.60022111E-01
   14.06773398  0.20007880E-01    1.034000  0.62571718E-01
   14.08133914  0.19625766E-01    1.035000  0.61644416E-01
   14.09494430  0.18063681E-01    1.036000  0.56984311E-01
   14.10854946  0.19026118E-01    1.037000  0.60279971E-01
   14.12215462  0.20529809E-01    1.038000  0.65324114E-01
   14.13575978  0.20011029E-01    1.039000  0.63946356E-01
   14.14936494  0.19142179E-01    1.040000  0.61431005E-01
   14.16297009  0.17817524E-01    1.041000  0.57422964E-01
   14.17657525  0.19228179E-01    1.042000  0.62231556E-01
   14.19018041  0.19779787E-01    1.043000  0.64286626E-01
   14.20378557  0.19949480E-01    1.044000  0.65110267E-01
   14.21739073  0.19776320E-01    1.045000  0.64814873E-01
   14.23099589  0.17942706E-01    1.046000  0.59050133E-01
   14.24460105  0.16263953E-01    1.047000  0.53747139E-01
   14.25820620  0.17884812E-01    1.048000  0.59347513E-01
   14.27181136  0.17267471E-01    1.049000  0.57534514E-01
   14.28541652  0.18632442E-01    1.050000  0.62336696E-01
   14.29902168  0.17448714E-01    1.051000  0.58614423E-01
   14.31262684  0.16232591E-01    1.052000  0.54750592E-01
   14.32623200  0.15675375E-01    1.053000  0.53084988E-01
   14.33983716  0.14808700E-01    1.054000  0.50351972E-01
   14.35344231  0.15272536E-01    1.055000  0.52137413E-01
   14.36704747  0.14081520E-01    1.056000  0.48263598E-01
   14.38065263  0.16319450E-01    1.057000  0.56156577E-01
   14.39425779  0.14666005E-01    1.058000  0.50666985E-01
   14.40786295  0.15231362E-01    1.059000  0.52827899E-01
   14.42146811  0.15413823E-01    1.060000  0.53670992E-01
   14.43507327  0.16064667E-01    1.061000  0.56156359E-01
   14.44867842  0.15836446E-01    1.062000  0.55574598E-01
   14.46228358  0.15893916E-01    1.063000  0.55993073E-01
   14.47588874  0.16003823E-01    1.064000  0.56598566E-01
   14.48949390  0.16138184E-01    1.065000  0.57293873E-01
   14.50309906  0.15684732E-01    1.066000  0.55897974E-01
   14.51670422  0.14569799E-01    1.067000  0.52123259E-01
   14.53030938  0.15712997E-01    1.068000  0.56427369E-01
   14.54391453  0.13741228E-01    1.069000  0.49533930E-01
   14.55751969  0.15065931E-01    1.070000  0.54514681E-01
   14.57112485  0.15621899E-01    1.071000  0.56739489E-01
   14.58473001  0.14826654E-01    1.072000  0.54053361E-01
   14.59833517  0.14391456E-01    1.073000  0.52663070E-01
   14.61194033  0.14469885E-01    1.074000  0.53147443E-01
   14.62554549  0.15129996E-01    1.075000  0.55778392E-01
   14.63915064  0.15461943E-01    1.076000  0.57213056E-01
   14.65275580  0.15684136E-01    1.077000  0.58249165E-01
   14.66636096  0.13963722E-01    1.078000  0.52050206E-01
   14.67996612  0.13751901E-01    1.079000  0.51448218E-01
   14.69357128  0.14386402E-01    1.080000  0.54018230E-01
   14.70717644  0.15790155E-01    1.081000  0.59504442E-01
   14.72078160  0.15959752E-01    1.082000  0.60361259E-01
   14.73438675  0.17411623E-01    1.083000  0.66089870E-01
   14.74799191  0.16914708E-01    1.084000  0.64434437E-01
   14.76159707  0.16681606E-01    1.085000  0.63774007E-01
   14.77520223  0.16442266E-01    1.086000  0.63083285E-01
   14.78880739  0.15899045E-01    1.087000  0.61216005E-01
   14.80241255  0.14118665E-01    1.088000  0.54553602E-01
   14.81601771  0.14611001E-01    1.089000  0.56655254E-01
   14.82962286  0.13537796E-01    1.090000  0.52678481E-01
   14.84322802  0.13661282E-01    1.091000  0.53345339E-01
   14.85683318  0.14161531E-01    1.092000  0.55491907E-01
   14.87043834  0.14967561E-01    1.093000  0.58854495E-01
   14.88404350  0.14800920E-01    1.094000  0.58401132E-01
   14.89764866  0.14392341E-01    1.095000  0.56985288E-01
   14.91125382  0.14133220E-01    1.096000  0.56152102E-01
   14.92485898  0.14516234E-01    1.097000  0.57871845E-01
   14.93846413  0.14019208E-01    1.098000  0.56081582E-01
   14.95206929  0.14080946E-01    1.099000  0.56520624E-01
   14.96567445  0.13913723E-01    1.100000  0.56039181E-01
   14.97927961  0.14414893E-01    1.101000  0.58254329E-01
   14.99288477  0.14258730E-01    1.102000  0.57817728E-01
   15.00648993  0.12854565E-01    1.103000  0.52299322E-01
   15.02009509  0.12239201E-01    1.104000  0.49962635E-01
   15.03370024  0.11631281E-01    1.105000  0.47639650E-01
   15.04730540  0.11285962E-01    1.106000  0.46379231E-01
   15.06091056  0.12298666E-01    1.107000  0.50708658E-01
   15.07451572  0.11691059E-01    1.108000  0.48362902E-01
   15.08812088  0.11192690E-01    1.109000  0.46453949E-01
   15.10172604  0.10195400E-01    1.110000  0.42453883E-01
   15.11533120  0.10121773E-01    1.111000  0.42285365E-01
   15.12893635  0.99084696E-02    1.112000  0.41529410E-01
   15.14254151  0.98515073E-02    1.113000  0.41425042E-01
   15.15614667  0.95540288E-02    1.114000  0.40304482E-01
   15.16975183  0.97294295E-02    1.115000  0.41177138E-01
   15.18335699  0.93228899E-02    1.116000  0.39583739E-01
   15.19696215  0.95779418E-02    1.117000  0.40797302E-01
   15.21056731  0.93164318E-02    1.118000  0.39810478E-01
   15.22417246  0.93146146E-02    1.119000  0.39929768E-01
   15.23777762  0.95957848E-02    1.120000  0.41265975E-01
   15.25138278  0.87712212E-02    1.121000  0.37839642E-01
   15.26498794  0.86426853E-02    1.122000  0.37403019E-01
   15.27859310  0.84606313E-02    1.123000  0.36730549E-01
   15.29219826  0.77878608E-02    1.124000  0.33916047E-01
   15.30580342  0.76918644E-02    1.125000  0.33602904E-01
   15.31940857  0.77554525E-02    1.126000  0.33986484E-01
   15.33301373  0.78498467E-02    1.127000  0.34507220E-01
   15.34661889  0.80429644E-02    1.128000  0.35465857E-01
   15.36022405  0.81832011E-02    1.129000  0.36195860E-01
   15.37382921  0.83754942E-02    1.130000  0.37160654E-01
   15.38743437  0.83979113E-02    1.131000  0.37374666E-01
   15.40103953  0.84484879E-02    1.132000  0.37714996E-01
   15.41464468  0.85065731E-02    1.133000  0.38090328E-01
   15.42824984  0.85547388E-02    1.134000  0.38422692E-01
   15.44185500  0.83848022E-02    1.135000  0.37773812E-01
   15.45546016  0.83910540E-02    1.136000  0.37916434E-01
   15.46906532  0.81701959E-02    1.137000  0.37029893E-01
   15.48267048  0.81747244E-02    1.138000  0.37161924E-01
   15.50988079  0.79977465E-02    1.140000  0.36575575E-01
   15.52348595  0.78923561E-02    1.141000  0.36201255E-01
   15.53709111  0.82091389E-02    1.142000  0.37766274E-01
   15.55069627  0.86195869E-02    1.143000  0.39772121E-01
   15.56430143  0.86919646E-02    1.144000  0.40224645E-01
   15.57790659  0.82333993E-02    1.145000  0.38214805E-01
   15.59151175  0.81079136E-02    1.146000  0.37742966E-01
   15.60511690  0.84285179E-02    1.147000  0.39350372E-01
   15.61872206  0.88198546E-02    1.148000  0.41297719E-01
   15.63232722  0.81798493E-02    1.149000  0.38412561E-01
   15.64593238  0.84796813E-02    1.150000  0.39936238E-01
   15.65953754  0.82259766E-02    1.151000  0.38853586E-01
   15.67314270  0.88310110E-02    1.152000  0.41831791E-01
   15.68674786  0.87630215E-02    1.153000  0.41629261E-01
   15.70035301  0.87266684E-02    1.154000  0.41575599E-01
   15.71395817  0.83529948E-02    1.155000  0.39909281E-01
   15.72756333  0.86714600E-02    1.156000  0.41549139E-01
   15.74116849  0.87287228E-02    1.157000  0.41942576E-01
   15.75477365  0.86250190E-02    1.158000  0.41561915E-01
   15.76837881  0.82716474E-02    1.159000  0.39971930E-01
   15.78198397  0.82166560E-02    1.160000  0.39818268E-01
   15.79558912  0.85927480E-02    1.161000  0.41758034E-01
   15.80919428  0.89289004E-02    1.162000  0.43513422E-01
   15.82279944  0.87203247E-02    1.163000  0.42615914E-01
   15.83640460  0.90159320E-02    1.164000  0.44183517E-01
   15.85000976  0.87095987E-02    1.165000  0.42801101E-01
   15.86361492  0.87009215E-02    1.166000  0.42877143E-01
   15.87722008  0.84878618E-02    1.167000  0.41942987E-01
   15.89082524  0.84602115E-02    1.168000  0.41921753E-01
   15.90443039  0.78639585E-02    1.169000  0.39074488E-01
   15.91803555  0.76931063E-02    1.170000  0.38330493E-01
   15.93164071  0.74884165E-02    1.171000  0.37412782E-01
   15.94524587  0.76273079E-02    1.172000  0.38210735E-01
   15.95885103  0.71209013E-02    1.173000  0.35770908E-01
   15.97245619  0.72796136E-02    1.174000  0.36667475E-01
   15.98606135  0.70581550E-02    1.175000  0.35648262E-01
   15.99966650  0.74760142E-02    1.176000  0.37860698E-01
   16.01327166  0.74678753E-02    1.177000  0.37921345E-01
   16.02687682  0.74802466E-02    1.178000  0.38086199E-01
   16.04048198  0.74540446E-02    1.179000  0.38054466E-01
   16.05408714  0.70155753E-02    1.180000  0.35911683E-01
   16.06769230  0.68345018E-02    1.181000  0.35078020E-01
   16.08129746  0.58905931E-02    1.182000  0.30313767E-01
   16.09490261  0.60822770E-02    1.183000  0.31383162E-01
   16.10850777  0.65864704E-02    1.184000  0.34074527E-01
   16.12211293  0.66015074E-02    1.185000  0.34242367E-01
   16.13571809  0.63388613E-02    1.186000  0.32966472E-01
   16.14932325  0.61410767E-02    1.187000  0.32021622E-01
   16.16292841  0.57075197E-02    1.188000  0.29838764E-01
   16.17653357  0.55210778E-02    1.189000  0.28939360E-01
   16.19013872  0.54429606E-02    1.190000  0.28604144E-01
   16.20374388  0.52318554E-02    1.191000  0.27566097E-01
   16.21734904  0.52884310E-02    1.192000  0.27936324E-01
   16.23095420  0.50542799E-02    1.193000  0.26768355E-01
   16.24455936  0.47547243E-02    1.194000  0.25246712E-01
   16.25816452  0.48900269E-02    1.195000  0.26031846E-01
   16.27176968  0.47136809E-02    1.196000  0.25157372E-01
   16.28537483  0.47405552E-02    1.197000  0.25365466E-01
   16.29897999  0.47167806E-02    1.198000  0.25302593E-01
   16.31258515  0.46186114E-02    1.199000  0.24838976E-01
   16.32619031  0.46989088E-02    1.200000  0.25334912E-01
   16.33979547  0.46123887E-02    1.201000  0.24931340E-01
   16.35340063  0.46296770E-02    1.202000  0.25087939E-01
   16.36700579  0.42142192E-02    1.203000  0.22894082E-01
   16.39421610  0.41745810E-02    1.205000  0.22792630E-01
   16.40782126  0.41537384E-02    1.206000  0.22735491E-01
   16.42142642  0.40531070E-02    1.207000  0.22239971E-01
   16.43503158  0.39623992E-02    1.208000  0.21796293E-01
   16.44863674  0.40537138E-02    1.209000  0.22353889E-01
   16.46224190  0.39222131E-02    1.210000  0.21682239E-01
   16.47584705  0.40928383E-02    1.211000  0.22681294E-01
   16.48945221  0.41221687E-02    1.212000  0.22900062E-01
   16.50305737  0.43165178E-02    1.213000  0.24038617E-01
   16.51666253  0.42868921E-02    1.214000  0.23932107E-01
   16.53026769  0.44423667E-02    1.215000  0.24860659E-01
   16.54387285  0.44475045E-02    1.216000  0.24950077E-01
   16.55747801  0.44209204E-02    1.217000  0.24861246E-01
   16.57108316  0.43774170E-02    1.218000  0.24676312E-01
   16.58468832  0.44357336E-02    1.219000  0.25065559E-01
   16.59829348  0.45599831E-02    1.220000  0.25829871E-01
   16.61189864  0.48577313E-02    1.221000  0.27582717E-01
   16.62550380  0.43964319E-02    1.222000  0.25023379E-01
   16.63910896  0.43145730E-02    1.223000  0.24616311E-01
   16.65271412  0.43722124E-02    1.224000  0.25004805E-01
   16.67992443  0.41121445E-02    1.226000  0.23629652E-01
   16.69352959  0.43778270E-02    1.227000  0.25216061E-01
   16.70713475  0.41334227E-02    1.228000  0.23864686E-01
   16.72073991  0.41740906E-02    1.229000  0.24156422E-01
   16.73434507  0.42551772E-02    1.230000  0.24683731E-01
   16.74795023  0.42133454E-02    1.231000  0.24498542E-01
   16.76155538  0.39196927E-02    1.232000  0.22844561E-01
   16.77516054  0.41814278E-02    1.233000  0.24427029E-01
   16.78876570  0.44844136E-02    1.234000  0.26258178E-01
   16.80237086  0.45439248E-02    1.235000  0.26668623E-01
   16.81597602  0.48454447E-02    1.236000  0.28504359E-01
   16.82958118  0.46358890E-02    1.237000  0.27334838E-01
   16.84318634  0.42571189E-02    1.238000  0.25159545E-01
   16.85679150  0.42896806E-02    1.239000  0.25410497E-01
   16.87039665  0.43861579E-02    1.240000  0.26041822E-01
   16.88400181  0.43645831E-02    1.241000  0.25973261E-01
   16.89760697  0.46493896E-02    1.242000  0.27731540E-01
   16.91121213  0.49360441E-02    1.243000  0.29508636E-01
   16.92481729  0.47967036E-02    1.244000  0.28741060E-01
   16.93842245  0.46933015E-02    1.245000  0.28185510E-01
   16.95202761  0.44134314E-02    1.246000  0.26564958E-01
   16.96563276  0.45500093E-02    1.247000  0.27449100E-01
   16.97923792  0.46132438E-02    1.248000  0.27893505E-01
   16.99284308  0.45259953E-02    1.249000  0.27427702E-01
   17.00644824  0.45985461E-02    1.250000  0.27930089E-01
   17.02005340  0.45274518E-02    1.251000  0.27560041E-01
   17.03365856  0.46522082E-02    1.252000  0.28382931E-01
   17.04726372  0.46064696E-02    1.253000  0.28166716E-01
   17.06086887  0.45005748E-02    1.254000  0.27580601E-01
   17.07447403  0.45810984E-02    1.255000  0.28136557E-01
   17.08807919  0.46186083E-02    1.256000  0.28429938E-01
   17.10168435  0.45297522E-02    1.257000  0.27944770E-01
   17.11528951  0.43658743E-02    1.258000  0.26993333E-01
   17.12889467  0.45000091E-02    1.259000  0.27884044E-01
   17.14249983  0.45260000E-02    1.260000  0.28106831E-01
   17.15610498  0.44450753E-02    1.261000  0.27664915E-01
   17.16971014  0.43919986E-02    1.262000  0.27394489E-01
   17.18331530  0.43085008E-02    1.263000  0.26932452E-01
   17.19692046  0.44752137E-02    1.264000  0.28035619E-01
   17.21052562  0.44034432E-02    1.265000  0.27646067E-01
   17.22413078  0.44092850E-02    1.266000  0.27742888E-01
   17.23773594  0.43737970E-02    1.267000  0.27579260E-01
   17.25134109  0.41503577E-02    1.268000  0.26226962E-01
   17.26494625  0.40702019E-02    1.269000  0.25775960E-01
   17.27855141  0.41976258E-02    1.270000  0.26640173E-01
   17.29215657  0.39516009E-02    1.271000  0.25132681E-01
   17.30576173  0.37301885E-02    1.272000  0.23775351E-01
   17.31936689  0.37272700E-02    1.273000  0.23807591E-01
   17.33297205  0.37562629E-02    1.274000  0.24044017E-01
   17.34657720  0.37550644E-02    1.275000  0.24087566E-01
   17.36018236  0.36245398E-02    1.276000  0.23299732E-01
   17.37378752  0.35689980E-02    1.277000  0.22991373E-01
   17.38739268  0.33685860E-02    1.278000  0.21746274E-01
   17.40099784  0.32713395E-02    1.279000  0.21163111E-01
   17.41460300  0.34939040E-02    1.280000  0.22650595E-01
   17.42820816  0.33290566E-02    1.281000  0.21627317E-01
   17.44181331  0.33171332E-02    1.282000  0.21595103E-01
   17.45541847  0.32125107E-02    1.283000  0.20957813E-01
   17.46902363  0.32293061E-02    1.284000  0.21111432E-01
   17.48262879  0.32394950E-02    1.285000  0.21222229E-01
   17.49623395  0.31590928E-02    1.286000  0.20738598E-01
   17.50983911  0.32335666E-02    1.287000  0.21271606E-01
   17.52344427  0.37309285E-02    1.288000  0.24594329E-01
   17.53704942  0.32211861E-02    1.289000  0.21278039E-01
   17.55065458  0.29225488E-02    1.290000  0.19345209E-01
   17.56425974  0.28918508E-02    1.291000  0.19181456E-01
   17.57786490  0.28855983E-02    1.292000  0.19179344E-01
   17.59147006  0.28453459E-02    1.293000  0.18950615E-01
   17.60507522  0.27287036E-02    1.294000  0.18210973E-01
   17.61868038  0.26988213E-02    1.295000  0.18048356E-01
   17.63228553  0.28126250E-02    1.296000  0.18847783E-01
   17.64589069  0.28582183E-02    1.297000  0.19192297E-01
   17.65949585  0.27517730E-02    1.298000  0.18515076E-01
   17.67310101  0.25434849E-02    1.299000  0.17148321E-01
   17.68670617  0.24693364E-02    1.300000  0.16682090E-01
   17.70031133  0.22885394E-02    1.301000  0.15491897E-01
   17.71391649  0.23104139E-02    1.302000  0.15671488E-01
   17.72752164  0.23809044E-02    1.303000  0.16182100E-01
   17.74112680  0.23149702E-02    1.304000  0.15765547E-01
   17.75473196  0.22917919E-02    1.305000  0.15638958E-01
   17.76833712  0.20672306E-02    1.306000  0.14134772E-01
   17.78194228  0.20998633E-02    1.307000  0.14386542E-01
   17.79554744  0.21364198E-02    1.308000  0.14666139E-01
   17.80915260  0.21095694E-02    1.309000  0.14510591E-01
   17.82275776  0.21517515E-02    1.310000  0.14830090E-01
   17.83636291  0.21927039E-02    1.311000  0.15142247E-01
   17.84996807  0.22489330E-02    1.312000  0.15561227E-01
   17.86357323  0.22469827E-02    1.313000  0.15578382E-01
   17.87717839  0.22478094E-02    1.314000  0.15614775E-01
   17.89078355  0.20583394E-02    1.315000  0.14326667E-01
   17.90438871  0.20602645E-02    1.316000  0.14368169E-01
   17.91799387  0.20344313E-02    1.317000  0.14215760E-01
   17.93159902  0.20758384E-02    1.318000  0.14533411E-01
   17.94520418  0.20973999E-02    1.319000  0.14712977E-01
   17.95880934  0.21625599E-02    1.320000  0.15199564E-01
   17.97241450  0.21957996E-02    1.321000  0.15463141E-01
   17.98601966  0.22234988E-02    1.322000  0.15688532E-01
   17.99962482  0.22754171E-02    1.323000  0.16085894E-01
   18.01322998  0.22968420E-02    1.324000  0.16268686E-01
   18.02683513  0.22374742E-02    1.325000  0.15878700E-01
   18.04044029  0.22626188E-02    1.326000  0.16088007E-01
   18.05404545  0.22402085E-02    1.327000  0.15959219E-01
   18.06765061  0.23371599E-02    1.328000  0.16681779E-01
   18.08125577  0.23776568E-02    1.329000  0.17003263E-01
   18.09486093  0.24463405E-02    1.330000  0.17527808E-01
   18.10846609  0.24110680E-02    1.331000  0.17307972E-01
   18.12207124  0.24585369E-02    1.332000  0.17682265E-01
   18.13567640  0.24660694E-02    1.333000  0.17770078E-01
   18.14928156  0.25046934E-02    1.334000  0.18082561E-01
   18.16288672  0.25391008E-02    1.335000  0.18365599E-01
   18.17649188  0.26145856E-02    1.336000  0.18947253E-01
   18.19009704  0.26253688E-02    1.337000  0.19061207E-01
   18.20370220  0.26712167E-02    1.338000  0.19430517E-01
   18.21730735  0.27861569E-02    1.339000  0.20304600E-01
   18.23091251  0.26561876E-02    1.340000  0.19393658E-01
   18.24451767  0.29565669E-02    1.341000  0.21627150E-01
   18.25812283  0.28838702E-02    1.342000  0.21134714E-01
   18.27172799  0.29025841E-02    1.343000  0.21311453E-01
   18.28533315  0.28929488E-02    1.344000  0.21280169E-01
   18.29893831  0.28902810E-02    1.345000  0.21299970E-01
   18.31254346  0.28700531E-02    1.346000  0.21190049E-01
   18.32614862  0.28829138E-02    1.347000  0.21324325E-01
   18.33975378  0.28909953E-02    1.348000  0.21423537E-01
   18.35335894  0.28356059E-02    1.349000  0.21051756E-01
   18.36696410  0.28471942E-02    1.350000  0.21176625E-01
   18.38056926  0.28446129E-02    1.351000  0.21196228E-01
   18.39417442  0.27806609E-02    1.352000  0.20757628E-01
   18.40777957  0.28501275E-02    1.353000  0.21315073E-01
   18.42138473  0.28155926E-02    1.354000  0.21095205E-01
   18.43498989  0.28263711E-02    1.355000  0.21214513E-01
   18.44859505  0.27850090E-02    1.356000  0.20942041E-01
   18.46220021  0.27270342E-02    1.357000  0.20543294E-01
   18.47580537  0.27313307E-02    1.358000  0.20612917E-01
   18.48941053  0.26816968E-02    1.359000  0.20274917E-01
   18.50301568  0.26884579E-02    1.360000  0.20362706E-01
   18.51662084  0.26821916E-02    1.361000  0.20351830E-01
   18.53022600  0.26558856E-02    1.362000  0.20188454E-01
   18.54383116  0.26370098E-02    1.363000  0.20080941E-01
   18.55743632  0.26343618E-02    1.364000  0.20096710E-01
   18.57104148  0.26670575E-02    1.365000  0.20382515E-01
   18.58464664  0.25294508E-02    1.366000  0.19365383E-01
   18.59825179  0.26012255E-02    1.367000  0.19950369E-01
   18.61185695  0.24549319E-02    1.368000  0.18861841E-01
   18.62546211  0.24281489E-02    1.369000  0.18689182E-01
   18.63906727  0.23889284E-02    1.370000  0.18419892E-01
   18.65267243  0.24063119E-02    1.371000  0.18586751E-01
   18.66627759  0.23214435E-02    1.372000  0.17962879E-01
   18.67988275  0.23078550E-02    1.373000  0.17889214E-01
   18.69348790  0.22347577E-02    1.374000  0.17353087E-01
   18.70709306  0.22529433E-02    1.375000  0.17525031E-01
   18.72069822  0.22713105E-02    1.376000  0.17698886E-01
   18.73430338  0.22089332E-02    1.377000  0.17242950E-01
   18.74790854  0.21027854E-02    1.378000  0.16443042E-01
   18.76151370  0.21277539E-02    1.379000  0.16667310E-01
   18.77511886  0.22712164E-02    1.380000  0.17822074E-01
   18.78872402  0.21126316E-02    1.381000  0.16606487E-01
   18.80232917  0.21133969E-02    1.382000  0.16641330E-01
   18.81593433  0.19271436E-02    1.383000  0.15201020E-01
   18.82953949  0.20685996E-02    1.384000  0.16345020E-01
   18.84314465  0.20408576E-02    1.385000  0.16153655E-01
   18.85674981  0.19698641E-02    1.386000  0.15618602E-01
   18.87035497  0.19579019E-02    1.387000  0.15550463E-01
   18.88396013  0.18702967E-02    1.388000  0.14880178E-01
   18.89756528  0.18065480E-02    1.389000  0.14397632E-01
   18.91117044  0.18036032E-02    1.390000  0.14398765E-01
   18.92477560  0.17427853E-02    1.391000  0.13937007E-01
   18.93838076  0.17381999E-02    1.392000  0.13924048E-01
   18.95198592  0.18009159E-02    1.393000  0.14451007E-01
   18.96559108  0.17818847E-02    1.394000  0.14322601E-01
   18.97919624  0.17556219E-02    1.395000  0.14135451E-01
   18.99280139  0.17334132E-02    1.396000  0.13980281E-01
   19.00640655  0.18178250E-02    1.397000  0.14685873E-01
   19.02001171  0.16630218E-02    1.398000  0.13457931E-01
   19.03361687  0.17216054E-02    1.399000  0.13955499E-01
   19.04722203  0.17154025E-02    1.400000  0.13928617E-01
   19.06082719  0.16343648E-02    1.401000  0.13292905E-01
   19.07443235  0.16453238E-02    1.402000  0.13404482E-01
   19.08803750  0.16111181E-02    1.403000  0.13147784E-01
   19.10164266  0.16403671E-02    1.404000  0.13408850E-01
   19.11524782  0.16089355E-02    1.405000  0.13173865E-01
   19.12885298  0.16521906E-02    1.406000  0.13550572E-01
   19.14245814  0.15653169E-02    1.407000  0.12859422E-01
   19.15606330  0.16283936E-02    1.408000  0.13399823E-01
   19.16966846  0.16307290E-02    1.409000  0.13441284E-01
   19.18327361  0.16323019E-02    1.410000  0.13476514E-01
   19.19687877  0.16287568E-02    1.411000  0.13469462E-01
   19.21048393  0.16743124E-02    1.412000  0.13869035E-01
   19.22408909  0.16101174E-02    1.413000  0.13359244E-01
   19.23769425  0.16307203E-02    1.414000  0.13552431E-01
   19.25129941  0.15625637E-02    1.415000  0.13007316E-01
   19.26490457  0.15633259E-02    1.416000  0.13034985E-01
   19.27850972  0.15429304E-02    1.417000  0.12885974E-01
   19.29211488  0.15514331E-02    1.418000  0.12978147E-01
   19.30572004  0.14975816E-02    1.419000  0.12548093E-01
   19.31932520  0.15280322E-02    1.420000  0.12824078E-01
   19.33293036  0.15230186E-02    1.421000  0.12802776E-01
   19.34653552  0.14768829E-02    1.422000  0.12435096E-01
   19.36014068  0.14774263E-02    1.423000  0.12459824E-01
   19.37374583  0.14824990E-02    1.424000  0.12522826E-01
   19.38735099  0.13756472E-02    1.425000  0.11639002E-01
   19.40095615  0.14468496E-02    1.426000  0.12261163E-01
   19.41456131  0.65430997E-02    1.427000  0.55538009E-01
   19.42816647  0.15169895E-02    1.428000  0.12896941E-01
   19.44177163  0.15616695E-02    1.429000  0.13298097E-01
   19.45537679  0.15069450E-02    1.430000  0.12852656E-01
   19.46898194  0.14720468E-02    1.431000  0.12575091E-01
   19.48258710  0.14904998E-02    1.432000  0.12753058E-01
   19.49619226  0.14749874E-02    1.433000  0.12640450E-01
   19.50979742  0.14151806E-02    1.434000  0.12147217E-01
   19.52340258  0.15319031E-02    1.435000  0.13170001E-01
   19.53700774  0.15030475E-02    1.436000  0.12942428E-01
   19.55061290  0.14935085E-02    1.437000  0.12880661E-01
   19.56421805  0.14830906E-02    1.438000  0.12811043E-01
   19.57782321  0.14583869E-02    1.439000  0.12617543E-01
   19.59142837  0.14617325E-02    1.440000  0.12666427E-01
   19.99958313  0.63789645E-02    1.470000  0.57886322E-01
   24.99947891  0.38726453E-03    1.837500  0.54555533E-02
   29.99937469  0.21840044E-03    2.205000  0.41715033E-02
   34.99927048  0.13021150E-03    2.572500  0.31398022E-02
   39.99916626  0.10339156E-03    2.940000  0.30113763E-02
   44.99906204  0.88791084E-04    3.307500  0.30312195E-02
   49.99895782  0.64210748E-04    3.675000  0.25139552E-02
   54.99885361  0.56210280E-04    4.042500  0.24824972E-02
   59.99874939  0.38331236E-04    4.410000  0.18850272E-02
   64.99864517  0.29690121E-04    4.777500  0.16089123E-02
   69.99854095  0.23059738E-04    5.145000  0.13652057E-02
   74.99843674  0.17882657E-04    5.512500  0.11483499E-02
   79.99833252  0.14314878E-04    5.880000  0.99100025E-03
   84.99822830  0.11452974E-04    6.247500  0.85028634E-03
   89.99812408  0.93074023E-05    6.615000  0.73765235E-03
   94.99801987  0.77034116E-05    6.982500  0.64914507E-03
   99.99791565  0.64268374E-05    7.350000  0.57378844E-03
  104.99781143  0.54182274E-05    7.717500  0.51090041E-03
  109.99770721  0.45992855E-05    8.085000  0.45673549E-03
  114.99760300  0.39494942E-05    8.452500  0.41200568E-03
  119.99749878  0.34172298E-05    8.820000  0.37361064E-03
  124.99739456  0.29739518E-05    9.187500  0.34005438E-03
  129.99729034  0.26119944E-05    9.555000  0.31176014E-03
  134.99718613  0.22979741E-05    9.922500  0.28579896E-03
