       eV          sigma            Ry          om               in 10^-16                                                                       
   13.00498226  0.00000000E+00    0.955886  0.00000000E+00
   13.00653161  0.23954291E-01    0.956000  0.12675214E-01
   13.02013677  0.19937710E+00    0.957000  0.10776505E+00
   13.03374193  0.25280475E+00    0.958000  0.13951679E+00
   13.04734709  0.26207461E+00    0.959000  0.14761160E+00
   13.06095225  0.27409136E+00    0.960000  0.15749554E+00
   13.07455741  0.29740279E+00    0.961000  0.17427109E+00
   13.08816257  0.31177224E+00    0.962000  0.18623516E+00
   13.10176772  0.37212518E+00    0.963000  0.22651655E+00
   13.11537288  0.35063881E+00    0.964000  0.21742328E+00
   13.12897804  0.34713011E+00    0.965000  0.21919344E+00
   13.14258320  0.34522202E+00    0.966000  0.22191272E+00
   13.15618836  0.34863285E+00    0.967000  0.22806815E+00
   13.16979352  0.34740834E+00    0.968000  0.23121609E+00
   13.18339868  0.35192447E+00    0.969000  0.23822210E+00
   13.19700383  0.37523929E+00    0.970000  0.25826954E+00
   13.21060899  0.37615725E+00    0.971000  0.26317713E+00
   13.22421415  0.38000316E+00    0.972000  0.27018740E+00
   13.23781931  0.39112531E+00    0.973000  0.28254132E+00
   13.25142447  0.38283933E+00    0.974000  0.28090742E+00
   13.26502963  0.39728781E+00    0.975000  0.29602492E+00
   13.27863479  0.36383746E+00    0.976000  0.27523632E+00
   13.30584510  0.41080906E+00    0.978000  0.32010879E+00
   13.31945026  0.40096664E+00    0.979000  0.31699721E+00
   13.33305542  0.38640989E+00    0.980000  0.30988122E+00
   13.34666058  0.34761658E+00    0.981000  0.28272230E+00
   13.36026574  0.36316702E+00    0.982000  0.29949784E+00
   13.37387090  0.35347044E+00    0.983000  0.29551913E+00
   13.38747605  0.35445949E+00    0.984000  0.30037516E+00
   13.40108121  0.35499674E+00    0.985000  0.30486568E+00
   13.41468637  0.33891928E+00    0.986000  0.29491110E+00
   13.42829153  0.34812291E+00    0.987000  0.30687677E+00
   13.44189669  0.35657799E+00    0.988000  0.31838329E+00
   13.45550185  0.37596766E+00    0.989000  0.33996967E+00
   13.46910701  0.37908855E+00    0.990000  0.34710084E+00
   13.48271216  0.37640956E+00    0.991000  0.34892655E+00
   13.49631732  0.38327999E+00    0.992000  0.35965208E+00
   13.50992248  0.39606479E+00    0.993000  0.37615081E+00
   13.52352764  0.42005966E+00    0.994000  0.40371404E+00
   13.53713280  0.41124116E+00    0.995000  0.39991327E+00
   13.55073796  0.42264444E+00    0.996000  0.41580663E+00
   13.56434312  0.43723345E+00    0.997000  0.43512964E+00
   13.57794827  0.45854470E+00    0.998000  0.46155063E+00
   13.59155343  0.48597039E+00    0.999000  0.49468012E+00
   13.60515859  0.51314169E+00    1.000000  0.52817127E+00
   13.61876375  0.57275945E+00    1.001000  0.59604575E+00
   13.63236891  0.60039325E+00    1.002000  0.63162771E+00
   13.64597407  0.61684564E+00    1.003000  0.65594768E+00
   13.65957923  0.64204427E+00    1.004000  0.69004177E+00
   13.67318438  0.63484875E+00    1.005000  0.68952466E+00
   13.70039470  0.59741348E+00    1.007000  0.66244689E+00
   13.71399986  0.69445219E+00    1.008000  0.77794290E+00
   13.75481534  0.60900501E+00    1.011000  0.70299048E+00
   13.76842049  0.54344828E+00    1.012000  0.63349399E+00
   13.78202565  0.53340018E+00    1.013000  0.62784415E+00
   13.79563081  0.61043501E+00    1.014000  0.72545759E+00
   13.80923597  0.59167905E+00    1.015000  0.70989311E+00
   13.82284113  0.57644731E+00    1.016000  0.69817063E+00
   13.83644629  0.58301494E+00    1.017000  0.71275222E+00
   13.85005145  0.57721816E+00    1.018000  0.71222672E+00
   13.86365660  0.57992873E+00    1.019000  0.72216332E+00
   13.87726176  0.59083716E+00    1.020000  0.74246322E+00
   13.89086692  0.57185882E+00    1.021000  0.72511480E+00
   13.90447208  0.59846424E+00    1.022000  0.76565311E+00
   13.91807724  0.56025150E+00    1.023000  0.72313351E+00
   13.93168240  0.56059373E+00    1.024000  0.72994750E+00
   13.94528756  0.55193680E+00    1.025000  0.72494920E+00
   13.95889272  0.47399160E+00    1.026000  0.62795884E+00
   13.97249787  0.51605502E+00    1.027000  0.68955176E+00
   13.98610303  0.57840127E+00    1.028000  0.77943338E+00
   13.99970819  0.48385226E+00    1.029000  0.65752238E+00
   14.01331335  0.42540406E+00    1.030000  0.58293081E+00
   14.02691851  0.39902038E+00    1.031000  0.55131293E+00
   14.04052367  0.35449083E+00    1.032000  0.49381746E+00
   14.05412883  0.30841831E+00    1.033000  0.43314270E+00
   14.06773398  0.29452888E+00    1.034000  0.41698430E+00
   14.08133914  0.27056171E+00    1.035000  0.38612784E+00
   14.09494430  0.26011039E+00    1.036000  0.37416908E+00
   14.10854946  0.22317324E+00    1.037000  0.32357176E+00
   14.12215462  0.21564117E+00    1.038000  0.31510243E+00
   14.13575978  0.18167819E+00    1.039000  0.26753967E+00
   14.14936494  0.17743726E+00    1.040000  0.26331140E+00
   14.16297009  0.17783333E+00    1.041000  0.26592058E+00
   14.17657525  0.15871190E+00    1.042000  0.23913170E+00
   14.19018041  0.15415973E+00    1.043000  0.23402527E+00
   14.20378557  0.16495969E+00    1.044000  0.25229546E+00
   14.21739073  0.16098581E+00    1.045000  0.24804758E+00
   14.23099589  0.15674464E+00    1.046000  0.24329448E+00
   14.24460105  0.16034764E+00    1.047000  0.25070962E+00
   14.25820620  0.15509115E+00    1.048000  0.24425383E+00
   14.27181136  0.14760277E+00    1.049000  0.23413814E+00
   14.28541652  0.14639974E+00    1.050000  0.23389393E+00
   14.29902168  0.13843819E+00    1.051000  0.22274787E+00
   14.31262684  0.12151067E+00    1.052000  0.19689260E+00
   14.32623200  0.11295434E+00    1.053000  0.18431210E+00
   14.33983716  0.10982381E+00    1.054000  0.18045227E+00
   14.35344231  0.10855135E+00    1.055000  0.17959537E+00
   14.36704747  0.11570570E+00    1.056000  0.19274729E+00
   14.38065263  0.10586326E+00    1.057000  0.17755469E+00
   14.39425779  0.10841604E+00    1.058000  0.18306861E+00
   14.40786295  0.10128403E+00    1.059000  0.17217697E+00
   14.42146811  0.94227963E-01    1.060000  0.16125315E+00
   14.43507327  0.81756906E-01    1.061000  0.14084065E+00
   14.44867842  0.80052358E-01    1.062000  0.13881422E+00
   14.46228358  0.81124630E-01    1.063000  0.14159573E+00
   14.47588874  0.78326493E-01    1.064000  0.13760217E+00
   14.48949390  0.80437347E-01    1.065000  0.14222480E+00
   14.50309906  0.82949627E-01    1.066000  0.14760976E+00
   14.51670422  0.91435539E-01    1.067000  0.16374988E+00
   14.53030938  0.10560399E+00    1.068000  0.19032424E+00
   14.54391453  0.10382418E+00    1.069000  0.18829676E+00
   14.55751969  0.93170528E-01    1.070000  0.17003424E+00
   14.57112485  0.93603797E-01    1.071000  0.17188894E+00
   14.58473001  0.11386366E+00    1.072000  0.21038735E+00
   14.59833517  0.15258543E+00    1.073000  0.28366849E+00
   14.61194033  0.13018302E+00    1.074000  0.24350041E+00
   14.62554549  0.11316750E+00    1.075000  0.21296016E+00
   14.63915064  0.11286830E+00    1.076000  0.21368009E+00
   14.65275580  0.10602036E+00    1.077000  0.20192083E+00
   14.66636096  0.10201696E+00    1.078000  0.19545579E+00
   14.67996612  0.11379630E+00    1.079000  0.21931754E+00
   14.69357128  0.11107933E+00    1.080000  0.21534381E+00
   14.70717644  0.10663057E+00    1.081000  0.20793129E+00
   14.72078160  0.10457085E+00    1.082000  0.20510346E+00
   14.73438675  0.11209717E+00    1.083000  0.22113965E+00
   14.74799191  0.11589795E+00    1.084000  0.22995506E+00
   14.76159707  0.11664842E+00    1.085000  0.23277003E+00
   14.77520223  0.11712977E+00    1.086000  0.23506195E+00
   14.78880739  0.11917050E+00    1.087000  0.24051201E+00
   14.80241255  0.12617936E+00    1.088000  0.25609169E+00
   14.81601771  0.13589068E+00    1.089000  0.27734630E+00
   14.82962286  0.10467999E+00    1.090000  0.21483669E+00
   14.84322802  0.96300049E-01    1.091000  0.19873303E+00
   14.85683318  0.84614282E-01    1.092000  0.17557909E+00
   14.87043834  0.79908915E-01    1.093000  0.16672353E+00
   14.88404350  0.82924601E-01    1.094000  0.17395812E+00
   14.89764866  0.73380288E-01    1.095000  0.15477030E+00
   14.91125382  0.77540543E-01    1.096000  0.16442632E+00
   14.92485898  0.73474769E-01    1.097000  0.15663995E+00
   14.93846413  0.70536622E-01    1.098000  0.15117794E+00
   14.95206929  0.72603955E-01    1.099000  0.15643405E+00
   14.96567445  0.68532974E-01    1.100000  0.14844164E+00
   14.97927961  0.70431606E-01    1.101000  0.15335465E+00
   14.99288477  0.64407455E-01    1.102000  0.14097005E+00
   15.00648993  0.60171487E-01    1.103000  0.13238266E+00
   15.02009509  0.60418465E-01    1.104000  0.13361281E+00
   15.03370024  0.62437579E-01    1.105000  0.13878772E+00
   15.04730540  0.63312152E-01    1.106000  0.14145141E+00
   15.06091056  0.62676555E-01    1.107000  0.14074381E+00
   15.07451572  0.57269944E-01    1.108000  0.12925394E+00
   15.08812088  0.57362045E-01    1.109000  0.13011384E+00
   15.10172604  0.54878698E-01    1.110000  0.12510469E+00
   15.11533120  0.56449804E-01    1.111000  0.12932794E+00
   15.12893635  0.62385323E-01    1.112000  0.14363550E+00
   15.14254151  0.59241806E-01    1.113000  0.13707129E+00
   15.15614667  0.61604481E-01    1.114000  0.14323821E+00
   15.16975183  0.59020512E-01    1.115000  0.13790104E+00
   15.18335699  0.59602980E-01    1.116000  0.13993948E+00
   15.19696215  0.56308458E-01    1.117000  0.13284446E+00
   15.21056731  0.56862826E-01    1.118000  0.13479870E+00
   15.22417246  0.61099944E-01    1.119000  0.14553771E+00
   15.23777762  0.63134958E-01    1.120000  0.15110269E+00
   15.25138278  0.60358372E-01    1.121000  0.14514350E+00
   15.26498794  0.65441803E-01    1.122000  0.15811148E+00
   15.27859310  0.57704010E-01    1.123000  0.14007241E+00
   15.29219826  0.62205033E-01    1.124000  0.15170541E+00
   15.30580342  0.59972764E-01    1.125000  0.14694307E+00
   15.31940857  0.58956721E-01    1.126000  0.14512376E+00
   15.33301373  0.57373533E-01    1.127000  0.14187886E+00
   15.34661889  0.54843817E-01    1.128000  0.13624654E+00
   15.36022405  0.53141374E-01    1.129000  0.13262128E+00
   15.37382921  0.47315392E-01    1.130000  0.11861961E+00
   15.38743437  0.47306115E-01    1.131000  0.11913408E+00
   15.40103953  0.45046272E-01    1.132000  0.11395501E+00
   15.41464468  0.42409338E-01    1.133000  0.10776634E+00
   15.42824984  0.39800674E-01    1.134000  0.10158988E+00
   15.44185500  0.39163954E-01    1.135000  0.10040985E+00
   15.45546016  0.39426137E-01    1.136000  0.10153020E+00
   15.46906532  0.41922122E-01    1.137000  0.10843439E+00
   15.48267048  0.44047804E-01    1.138000  0.11443330E+00
   15.50988079  0.45894946E-01    1.140000  0.12027543E+00
   15.52348595  0.45321995E-01    1.141000  0.11928909E+00
   15.53709111  0.41962800E-01    1.142000  0.11092456E+00
   15.55069627  0.38532953E-01    1.143000  0.10229610E+00
   15.56430143  0.41139094E-01    1.144000  0.10968243E+00
   15.57790659  0.42793905E-01    1.145000  0.11458082E+00
   15.59151175  0.42058207E-01    1.146000  0.11308906E+00
   15.60511690  0.43052743E-01    1.147000  0.11625262E+00
   15.61872206  0.38973652E-01    1.148000  0.10568112E+00
   15.63232722  0.40230267E-01    1.149000  0.10954586E+00
   15.64593238  0.41720296E-01    1.150000  0.11407740E+00
   15.65953754  0.44229461E-01    1.151000  0.12144106E+00
   15.67314270  0.41583728E-01    1.152000  0.11464934E+00
   15.68674786  0.42199063E-01    1.153000  0.11682554E+00
   15.70035301  0.42750938E-01    1.154000  0.11883932E+00
   15.71395817  0.46686720E-01    1.155000  0.13031072E+00
   15.72756333  0.43983434E-01    1.156000  0.12326534E+00
   15.74116849  0.42517885E-01    1.157000  0.11964138E+00
   15.75477365  0.40105797E-01    1.158000  0.11330987E+00
   15.76837881  0.39733616E-01    1.159000  0.11271001E+00
   15.78198397  0.41944048E-01    1.160000  0.11945699E+00
   15.79558912  0.45290913E-01    1.161000  0.12950371E+00
   15.80919428  0.46003735E-01    1.162000  0.13206486E+00
   15.82279944  0.47530557E-01    1.163000  0.13698825E+00
   15.83640460  0.47531794E-01    1.164000  0.13753211E+00
   15.85000976  0.45720470E-01    1.165000  0.13281079E+00
   15.86361492  0.41319005E-01    1.166000  0.12049490E+00
   15.87722008  0.41256413E-01    1.167000  0.12078133E+00
   15.89082524  0.43320593E-01    1.168000  0.12731680E+00
   15.90443039  0.44298583E-01    1.169000  0.13069460E+00
   15.91803555  0.46574931E-01    1.170000  0.13793995E+00
   15.93164071  0.45394317E-01    1.171000  0.13495935E+00
   15.94524587  0.45368849E-01    1.172000  0.13539934E+00
   15.95885103  0.38740454E-01    1.173000  0.11605784E+00
   15.97245619  0.41093808E-01    1.174000  0.12357508E+00
   15.98606135  0.40130402E-01    1.175000  0.12113414E+00
   15.99966650  0.38161039E-01    1.176000  0.11562337E+00
   16.01327166  0.39109813E-01    1.177000  0.11894260E+00
   16.02687682  0.36586791E-01    1.178000  0.11168535E+00
   16.04048198  0.35271289E-01    1.179000  0.10807056E+00
   16.05408714  0.32340126E-01    1.180000  0.99457141E-01
   16.06769230  0.31857709E-01    1.181000  0.98335667E-01
   16.08129746  0.30503604E-01    1.182000  0.94502666E-01
   16.09490261  0.30553782E-01    1.183000  0.95005426E-01
   16.10850777  0.29577905E-01    1.184000  0.92307199E-01
   16.12211293  0.29793668E-01    1.185000  0.93319218E-01
   16.13571809  0.30115257E-01    1.186000  0.94668814E-01
   16.14932325  0.30058160E-01    1.187000  0.94830997E-01
   16.16292841  0.29344454E-01    1.188000  0.92912873E-01
   16.17653357  0.27962367E-01    1.189000  0.88854641E-01
   16.19013872  0.30242192E-01    1.190000  0.96442893E-01
   16.20374388  0.28679105E-01    1.191000  0.91784173E-01
   16.21734904  0.27470151E-01    1.192000  0.88227308E-01
   16.23095420  0.26686582E-01    1.193000  0.86014027E-01
   16.24455936  0.25541287E-01    1.194000  0.82612932E-01
   16.25816452  0.27206563E-01    1.195000  0.88308500E-01
   16.27176968  0.27758267E-01    1.196000  0.90414779E-01
   16.28537483  0.24527256E-01    1.197000  0.80169467E-01
   16.29897999  0.22313650E-01    1.198000  0.73187743E-01
   16.31258515  0.22745200E-01    1.199000  0.74861751E-01
   16.32619031  0.23862945E-01    1.200000  0.78811859E-01
   16.33979547  0.22509609E-01    1.201000  0.74598079E-01
   16.35340063  0.23216365E-01    1.202000  0.77204208E-01
   16.36700579  0.23375945E-01    1.203000  0.78000590E-01
   16.39421610  0.24446472E-01    1.205000  0.82128480E-01
   16.40782126  0.24570369E-01    1.206000  0.82824006E-01
   16.42142642  0.25815574E-01    1.207000  0.87314899E-01
   16.43503158  0.24969452E-01    1.208000  0.84736927E-01
   16.44863674  0.26828611E-01    1.209000  0.91351172E-01
   16.46224190  0.25288431E-01    1.210000  0.86394328E-01
   16.47584705  0.24172659E-01    1.211000  0.82857220E-01
   16.48945221  0.24929448E-01    1.212000  0.85734659E-01
   16.50305737  0.26159994E-01    1.213000  0.90263981E-01
   16.51666253  0.25583332E-01    1.214000  0.88565035E-01
   16.53026769  0.25855090E-01    1.215000  0.89799711E-01
   16.54387285  0.25896160E-01    1.216000  0.90236715E-01
   16.55747801  0.28205295E-01    1.217000  0.98603645E-01
   16.57108316  0.26820702E-01    1.218000  0.94068077E-01
   16.58468832  0.28190060E-01    1.219000  0.99191255E-01
   16.59829348  0.28652682E-01    1.220000  0.10114476E+00
   16.61189864  0.28175039E-01    1.221000  0.99778934E-01
   16.62550380  0.26542081E-01    1.222000  0.94297689E-01
   16.63910896  0.27941144E-01    1.223000  0.99585833E-01
   16.65271412  0.28669256E-01    1.224000  0.10250680E+00
   16.67992443  0.27794702E-01    1.226000  0.10001172E+00
   16.69352959  0.28157795E-01    1.227000  0.10163828E+00
   16.70713475  0.28694862E-01    1.228000  0.10390305E+00
   16.72073991  0.28706817E-01    1.229000  0.10427265E+00
   16.73434507  0.29116741E-01    1.230000  0.10609260E+00
   16.74795023  0.28846136E-01    1.231000  0.10543449E+00
   16.76155538  0.27826228E-01    1.232000  0.10202296E+00
   16.77516054  0.26828225E-01    1.233000  0.98668808E-01
   16.78876570  0.26679995E-01    1.234000  0.98426918E-01
   16.80237086  0.26753348E-01    1.235000  0.99001635E-01
   16.81597602  0.27471802E-01    1.236000  0.10197257E+00
   16.82958118  0.26368592E-01    1.237000  0.98177295E-01
   16.84318634  0.25821001E-01    1.238000  0.96431976E-01
   16.85679150  0.25548301E-01    1.239000  0.95703949E-01
   16.87039665  0.25820293E-01    1.240000  0.97016331E-01
   16.88400181  0.25697131E-01    1.241000  0.96845666E-01
   16.89760697  0.25660854E-01    1.242000  0.97000634E-01
   16.91121213  0.25518904E-01    1.243000  0.96754120E-01
   16.92481729  0.24367547E-01    1.244000  0.92665772E-01
   16.93842245  0.24205732E-01    1.245000  0.92325563E-01
   16.95202761  0.23698832E-01    1.246000  0.90661529E-01
   16.96563276  0.22231827E-01    1.247000  0.85302109E-01
   16.97923792  0.23088688E-01    1.248000  0.88852276E-01
   16.99284308  0.22599836E-01    1.249000  0.87227920E-01
   17.00644824  0.21958909E-01    1.250000  0.85003758E-01
   17.02005340  0.21921759E-01    1.251000  0.85109136E-01
   17.03365856  0.23082946E-01    1.252000  0.89879717E-01
   17.04726372  0.22333037E-01    1.253000  0.87213601E-01
   17.06086887  0.21958140E-01    1.254000  0.85999174E-01
   17.07447403  0.21066425E-01    1.255000  0.82746228E-01
   17.08807919  0.20366926E-01    1.256000  0.80230196E-01
   17.10168435  0.20879936E-01    1.257000  0.82488407E-01
   17.11528951  0.19727079E-01    1.258000  0.78158163E-01
   17.12889467  0.22164531E-01    1.259000  0.88067226E-01
   17.14249983  0.21827324E-01    1.260000  0.86975497E-01
   17.15610498  0.21463974E-01    1.261000  0.85771636E-01
   17.16971014  0.22455777E-01    1.262000  0.89990209E-01
   17.18331530  0.22307574E-01    1.263000  0.89649866E-01
   17.19692046  0.22535759E-01    1.264000  0.90823062E-01
   17.21052562  0.21689523E-01    1.265000  0.87659127E-01
   17.22413078  0.21157407E-01    1.266000  0.85749053E-01
   17.23773594  0.20641003E-01    1.267000  0.83890740E-01
   17.25134109  0.21705748E-01    1.268000  0.88464887E-01
   17.26494625  0.20216657E-01    1.269000  0.82625686E-01
   17.27855141  0.20083596E-01    1.270000  0.82310155E-01
   17.29215657  0.19609281E-01    1.271000  0.80589132E-01
   17.30576173  0.18731879E-01    1.272000  0.77196157E-01
   17.31936689  0.18779034E-01    1.273000  0.77603949E-01
   17.33297205  0.19267991E-01    1.274000  0.79843573E-01
   17.34657720  0.18782937E-01    1.275000  0.78047091E-01
   17.36018236  0.19585246E-01    1.276000  0.81603480E-01
   17.37378752  0.18777085E-01    1.277000  0.78449651E-01
   17.38739268  0.19122611E-01    1.278000  0.80110607E-01
   17.40099784  0.18892502E-01    1.279000  0.79361361E-01
   17.41460300  0.18641647E-01    1.280000  0.78519497E-01
   17.42820816  0.18912961E-01    1.281000  0.79877269E-01
   17.44181331  0.18641259E-01    1.282000  0.78941655E-01
   17.45541847  0.18226868E-01    1.283000  0.77393982E-01
   17.46902363  0.17745014E-01    1.284000  0.75549667E-01
   17.48262879  0.17703338E-01    1.285000  0.75573463E-01
   17.49623395  0.17446994E-01    1.286000  0.74677483E-01
   17.50983911  0.17419772E-01    1.287000  0.74758975E-01
   17.52344427  0.18644229E-01    1.288000  0.80225804E-01
   17.53704942  0.17370823E-01    1.289000  0.74943814E-01
   17.55065458  0.17212293E-01    1.290000  0.74455510E-01
   17.56425974  0.16782356E-01    1.291000  0.72786488E-01
   17.57786490  0.18757208E-01    1.292000  0.81564803E-01
   17.59147006  0.17182453E-01    1.293000  0.74912370E-01
   17.60507522  0.17923838E-01    1.294000  0.78348412E-01
   17.61868038  0.17561196E-01    1.295000  0.76962857E-01
   17.63228553  0.17755817E-01    1.296000  0.78017625E-01
   17.64589069  0.17810019E-01    1.297000  0.78458227E-01
   17.65949585  0.18615973E-01    1.298000  0.82220296E-01
   17.67310101  0.17583923E-01    1.299000  0.77861964E-01
   17.68670617  0.17509236E-01    1.300000  0.77730275E-01
   17.70031133  0.17841290E-01    1.301000  0.79407194E-01
   17.71391649  0.17566980E-01    1.302000  0.78385992E-01
   17.72752164  0.17127373E-01    1.303000  0.76619100E-01
   17.74112680  0.17256148E-01    1.304000  0.77391321E-01
   17.75473196  0.18300486E-01    1.305000  0.82283049E-01
   17.76833712  0.18319149E-01    1.306000  0.82575195E-01
   17.78194228  0.17726272E-01    1.307000  0.80104242E-01
   17.79554744  0.18069857E-01    1.308000  0.81862287E-01
   17.80915260  0.17447859E-01    1.309000  0.79242768E-01
   17.82275776  0.17541733E-01    1.310000  0.79868510E-01
   17.83636291  0.17766335E-01    1.311000  0.81093086E-01
   17.84996807  0.17559589E-01    1.312000  0.80349008E-01
   17.86357323  0.17209348E-01    1.313000  0.78941996E-01
   17.87717839  0.17319130E-01    1.314000  0.79642452E-01
   17.89078355  0.17258211E-01    1.315000  0.79558487E-01
   17.90438871  0.17097168E-01    1.316000  0.79010440E-01
   17.91799387  0.16532947E-01    1.317000  0.76590959E-01
   17.93159902  0.17324943E-01    1.318000  0.80456912E-01
   17.94520418  0.17118035E-01    1.319000  0.79690613E-01
   17.95880934  0.17346722E-01    1.320000  0.80952415E-01
   17.97241450  0.16722043E-01    1.321000  0.78227288E-01
   17.98601966  0.16556466E-01    1.322000  0.77640898E-01
   17.99962482  0.16414681E-01    1.323000  0.77162588E-01
   18.01322998  0.16081149E-01    1.324000  0.75777509E-01
   18.02683513  0.16759205E-01    1.325000  0.79163144E-01
   18.04044029  0.16473516E-01    1.326000  0.78000926E-01
   18.05404545  0.15957339E-01    1.327000  0.75738250E-01
   18.06765061  0.16450083E-01    1.328000  0.78263951E-01
   18.08125577  0.16266312E-01    1.329000  0.77574529E-01
   18.09486093  0.16362893E-01    1.330000  0.78221124E-01
   18.10846609  0.16021199E-01    1.331000  0.76769800E-01
   18.12207124  0.16502076E-01    1.332000  0.79261630E-01
   18.13567640  0.16685436E-01    1.333000  0.80331997E-01
   18.14928156  0.15908055E-01    1.334000  0.76770121E-01
   18.16288672  0.16161494E-01    1.335000  0.78176891E-01
   18.17649188  0.16180088E-01    1.336000  0.78450757E-01
   18.19009704  0.16191015E-01    1.337000  0.78687781E-01
   18.20370220  0.16447749E-01    1.338000  0.80122461E-01
   18.21730735  0.16693228E-01    1.339000  0.81508018E-01
   18.23091251  0.16436255E-01    1.340000  0.80440130E-01
   18.24451767  0.16892104E-01    1.341000  0.82863096E-01
   18.25812283  0.16663035E-01    1.342000  0.81928821E-01
   18.27172799  0.15911958E-01    1.343000  0.78416797E-01
   18.28533315  0.16430369E-01    1.344000  0.81158376E-01
   18.29893831  0.16863079E-01    1.345000  0.83487449E-01
   18.31254346  0.16522714E-01    1.346000  0.81990148E-01
   18.32614862  0.16132408E-01    1.347000  0.80236721E-01
   18.33975378  0.15694879E-01    1.348000  0.78239012E-01
   18.35335894  0.16456674E-01    1.349000  0.82223627E-01
   18.36696410  0.15677143E-01    1.350000  0.78507006E-01
   18.38056926  0.15629628E-01    1.351000  0.78446721E-01
   18.39417442  0.15112137E-01    1.352000  0.76021161E-01
   18.40777957  0.14914606E-01    1.353000  0.75197020E-01
   18.42138473  0.14883558E-01    1.354000  0.75209663E-01
   18.43498989  0.15463967E-01    1.355000  0.78318371E-01
   18.44859505  0.14754281E-01    1.356000  0.74891825E-01
   18.46220021  0.14812442E-01    1.357000  0.75355422E-01
   18.47580537  0.14680418E-01    1.358000  0.74850645E-01
   18.48941053  0.15072306E-01    1.359000  0.77020082E-01
   18.50301568  0.14417117E-01    1.360000  0.73835919E-01
   18.51662084  0.14273617E-01    1.361000  0.73263244E-01
   18.53022600  0.14170460E-01    1.362000  0.72894837E-01
   18.54383116  0.14369491E-01    1.363000  0.74082022E-01
   18.55743632  0.13979005E-01    1.364000  0.72227767E-01
   18.57104148  0.13671372E-01    1.365000  0.70793666E-01
   18.58464664  0.13759166E-01    1.366000  0.71404686E-01
   18.59825179  0.14077243E-01    1.367000  0.73215399E-01
   18.61185695  0.13095921E-01    1.368000  0.68260427E-01
   18.62546211  0.13188735E-01    1.369000  0.68894122E-01
   18.63906727  0.12945181E-01    1.370000  0.67769012E-01
   18.65267243  0.13865305E-01    1.371000  0.72743542E-01
   18.66627759  0.13021770E-01    1.372000  0.68465999E-01
   18.67988275  0.13748661E-01    1.373000  0.72444133E-01
   18.69348790  0.13304729E-01    1.374000  0.70256213E-01
   18.70709306  0.45321856E+00    1.375000  0.23983925E+01
   18.72069822  0.13044939E-01    1.376000  0.69180942E-01
   18.73430338  0.13115886E-01    1.377000  0.69706286E-01
   18.74790854  0.13340560E-01    1.378000  0.71051988E-01
   18.76151370  0.13138087E-01    1.379000  0.70122958E-01
   18.77511886  0.13514431E-01    1.380000  0.72285265E-01
   18.78872402  0.13618098E-01    1.381000  0.72994549E-01
   18.80232917  0.13293675E-01    1.382000  0.71406717E-01
   18.81593433  0.16667916E-01    1.383000  0.89720847E-01
   18.82953949  0.13222884E-01    1.384000  0.71327074E-01
   18.84314465  0.13086067E-01    1.385000  0.70737801E-01
   18.85674981  0.13233181E-01    1.386000  0.71683461E-01
   18.87035497  0.12652508E-01    1.387000  0.68681806E-01
   18.88396013  0.13128082E-01    1.388000  0.71412597E-01
   18.89756528  0.12867008E-01    1.389000  0.70138696E-01
   18.91117044  0.12865300E-01    1.390000  0.70275624E-01
   18.92477560  0.13199395E-01    1.391000  0.72250630E-01
   18.93838076  0.12715168E-01    1.392000  0.69744609E-01
   18.95198592  0.13112854E-01    1.393000  0.72075030E-01
   18.96559108  0.12677089E-01    1.394000  0.69823938E-01
   18.97919624  0.12986898E-01    1.395000  0.71677952E-01
   18.99280139  0.12668830E-01    1.396000  0.70066461E-01
   19.00640655  0.12883462E-01    1.397000  0.71399957E-01
   19.02001171  0.12777075E-01    1.398000  0.70955599E-01
   19.03361687  0.12641921E-01    1.399000  0.70348740E-01
   19.04722203  0.12651019E-01    1.400000  0.70543173E-01
   19.06082719  0.12661985E-01    1.401000  0.70748249E-01
   19.07443235  0.12887444E-01    1.402000  0.72154485E-01
   19.08803750  0.12415465E-01    1.403000  0.69653081E-01
   19.10164266  0.12532826E-01    1.404000  0.70453960E-01
   19.11524782  0.12347790E-01    1.405000  0.69554130E-01
   19.12885298  0.12794770E-01    1.406000  0.72217372E-01
   19.14245814  0.12909083E-01    1.407000  0.73009324E-01
   19.15606330  0.12626636E-01    1.408000  0.71555428E-01
   19.16966846  0.12505491E-01    1.409000  0.71011045E-01
   19.18327361  0.12322937E-01    1.410000  0.70114508E-01
   19.19687877  0.12381387E-01    1.411000  0.70587811E-01
   19.21048393  0.12511035E-01    1.412000  0.71469166E-01
   19.22408909  0.12511866E-01    1.413000  0.71616133E-01
   19.23769425  0.11926388E-01    1.414000  0.68400508E-01
   19.25129941  0.12548568E-01    1.415000  0.72111491E-01
   19.26490457  0.12071883E-01    1.416000  0.69509398E-01
   19.27850972  0.12336624E-01    1.417000  0.71173995E-01
   19.29211488  0.12564871E-01    1.418000  0.72633652E-01
   19.30572004  0.12382468E-01    1.419000  0.71719988E-01
   19.31932520  0.11983746E-01    1.420000  0.69546786E-01
   19.33293036  0.12285567E-01    1.421000  0.71438030E-01
   19.34653552  0.12007725E-01    1.422000  0.69958927E-01
   19.36014068  0.11690711E-01    1.423000  0.68244840E-01
   19.37374583  0.12237078E-01    1.424000  0.71573373E-01
   19.38735099  0.12003601E-01    1.425000  0.70344235E-01
   19.40095615  0.11825719E-01    1.426000  0.69436226E-01
   19.41456131  0.62771273E-01    1.427000  0.36928309E+00
   19.42816647  0.11928033E-01    1.428000  0.70308148E-01
   19.44177163  0.11998118E-01    1.429000  0.70857636E-01
   19.45537679  0.11945177E-01    1.430000  0.70680760E-01
   19.46898194  0.11758306E-01    1.431000  0.69708682E-01
   19.48258710  0.12217818E-01    1.432000  0.72571762E-01
   19.49619226  0.11542527E-01    1.433000  0.68691853E-01
   19.50979742  0.12023388E-01    1.434000  0.71690220E-01
   19.52340258  0.41795076E-01    1.435000  0.24968090E+00
   19.53700774  0.11681308E-01    1.436000  0.69916107E-01
   19.55061290  0.11552102E-01    1.437000  0.69274086E-01
   19.56421805  0.11727131E-01    1.438000  0.70456979E-01
   19.57782321  0.11812726E-01    1.439000  0.71105511E-01
   19.59142837  0.12398045E-01    1.440000  0.74769706E-01
   19.99958313  0.32771812E+01    1.470000  0.20881464E+02
   24.99947891  0.54032777E-02    1.837500  0.56999962E-01
   29.99937469  0.35024568E-02    2.205000  0.51578983E-01
   34.99927048  0.24759508E-02    2.572500  0.46805089E-01
   39.99916626  0.18467761E-02    2.940000  0.42625909E-01
   44.99906204  0.13748613E-02    3.307500  0.37476827E-01
   49.99895782  0.10561851E-02    3.675000  0.33202230E-01
   54.99885361  0.79856908E-03    4.042500  0.28439731E-01
   59.99874939  0.60274546E-03    4.410000  0.23983684E-01
   64.99864517  0.46711695E-03    4.777500  0.20538246E-01
   69.99854095  0.36420448E-03    5.145000  0.17534797E-01
   74.99843674  0.28687224E-03    5.512500  0.15009971E-01
   79.99833252  0.22850059E-03    5.880000  0.12910332E-01
   84.99822830  0.18294444E-03    6.247500  0.11100626E-01
   89.99812408  0.14851901E-03    6.615000  0.96321932E-02
   94.99801987  0.12153064E-03    6.982500  0.83895422E-02
   99.99791565  0.10021354E-03    7.350000  0.73366022E-02
  104.99781143  0.83367535E-04    7.717500  0.64515685E-02
  109.99770721  0.69853324E-04    8.085000  0.56975466E-02
  114.99760300  0.58963545E-04    8.452500  0.50556405E-02
  119.99749878  0.50103164E-04    8.820000  0.45052349E-02
  124.99739456  0.42877084E-04    9.187500  0.40345852E-02
  129.99729034  0.36919152E-04    9.555000  0.36281894E-02
  134.99718613  0.31954328E-04    9.922500  0.32737618E-02
