       eV          sigma            Ry          om               in 10^-16                                                                       
   10.77528560  0.23725068E+03    0.792000  0.20417135E+00
   10.78889076  0.39292199E+03    0.793000  0.30179425E+01
   10.80249592  0.48523756E+03    0.794000  0.70364119E+01
   10.81610108  0.40485750E+03    0.795000  0.86320310E+01
   10.82970624  0.37725605E+03    0.796000  0.10616496E+02
   10.84331140  0.36347002E+03    0.797000  0.12707475E+02
   10.85691656  0.35428032E+03    0.798000  0.14802450E+02
   10.87052171  0.35623714E+03    0.799000  0.17313816E+02
   10.88412687  0.35413119E+03    0.800000  0.19626707E+02
   10.89773203  0.35342523E+03    0.801000  0.21998010E+02
   10.91133719  0.35365761E+03    0.802000  0.24424488E+02
   10.92494235  0.35443851E+03    0.803000  0.26895759E+02
   10.93854751  0.35546154E+03    0.804000  0.29397706E+02
   10.95215267  0.35711608E+03    0.805000  0.31970143E+02
   10.96575782  0.36081075E+03    0.806000  0.34761701E+02
   10.97936298  0.36215444E+03    0.807000  0.37361121E+02
   10.99296814  0.36366043E+03    0.808000  0.39996719E+02
   11.00657330  0.36515182E+03    0.809000  0.42651155E+02
   11.02017846  0.36656877E+03    0.810000  0.45316730E+02
   11.03378362  0.36787351E+03    0.811000  0.47986997E+02
   11.04738878  0.36904181E+03    0.812000  0.50656333E+02
   11.06099394  0.37006636E+03    0.813000  0.53320891E+02
   11.07459909  0.37095413E+03    0.814000  0.55978785E+02
   11.08820425  0.37290879E+03    0.815000  0.58817064E+02
   11.10180941  0.37372864E+03    0.816000  0.61495278E+02
   11.11541457  0.37444970E+03    0.817000  0.64167745E+02
   11.12901973  0.37508203E+03    0.818000  0.66834237E+02
   11.14262489  0.37563155E+03    0.819000  0.69494033E+02
   11.15623005  0.37609818E+03    0.820000  0.72145427E+02
   11.16983520  0.37648548E+03    0.821000  0.74787424E+02
   11.18344036  0.37679152E+03    0.822000  0.77418010E+02
   11.19704552  0.37701272E+03    0.823000  0.80034759E+02
   11.21065068  0.37714228E+03    0.824000  0.82634449E+02
   11.22425584  0.37717935E+03    0.825000  0.85215007E+02
   11.23786100  0.37751193E+03    0.826000  0.87864852E+02
   11.25146616  0.37738937E+03    0.827000  0.90410195E+02
   11.26507131  0.37716083E+03    0.828000  0.92927755E+02
   11.27867647  0.37682281E+03    0.829000  0.95414476E+02
   11.29228163  0.37637617E+03    0.830000  0.97868341E+02
   11.30588679  0.37581926E+03    0.831000  0.10028669E+03
   11.31949195  0.37515484E+03    0.832000  0.10266802E+03
   11.33309711  0.37438572E+03    0.833000  0.10501092E+03
   11.34670227  0.37351580E+03    0.834000  0.10731437E+03
   11.36030742  0.37255071E+03    0.835000  0.10957796E+03
   11.37391258  0.37149569E+03    0.836000  0.11180132E+03
   11.38751774  0.37035739E+03    0.837000  0.11398466E+03
   11.40112290  0.36914155E+03    0.838000  0.11612808E+03
   11.41472806  0.36802097E+03    0.839000  0.11828553E+03
   11.42833322  0.36668582E+03    0.840000  0.12035727E+03
   11.44193838  0.36529412E+03    0.841000  0.12239185E+03
   11.45554353  0.36385162E+03    0.842000  0.12439008E+03
   11.46914869  0.36236458E+03    0.843000  0.12635310E+03
   11.48275385  0.36083805E+03    0.844000  0.12828180E+03
   11.49635901  0.35927598E+03    0.845000  0.13017680E+03
   11.50996417  0.35768346E+03    0.846000  0.13203925E+03
   11.52356933  0.35606314E+03    0.847000  0.13386953E+03
   11.53717449  0.35441770E+03    0.848000  0.13566809E+03
   11.55077964  0.35275077E+03    0.849000  0.13743583E+03
   11.56438480  0.35106211E+03    0.850000  0.13917222E+03
   11.57798996  0.34934620E+03    0.851000  0.14087459E+03
   11.59159512  0.34773144E+03    0.852000  0.14259503E+03
   11.60520028  0.34599047E+03    0.853000  0.14424083E+03
   11.61880544  0.34503359E+03    0.854000  0.14619511E+03
   11.63241060  0.34264902E+03    0.855000  0.14752167E+03
   11.64601575  0.34013854E+03    0.856000  0.14876064E+03
   11.65962091  0.33621719E+03    0.857000  0.14933869E+03
   11.67322607  0.33334946E+03    0.858000  0.15033843E+03
   11.68683123  0.33050730E+03    0.859000  0.15131076E+03
   11.70043639  0.32786468E+03    0.860000  0.15233703E+03
   11.71404155  0.32465656E+03    0.861000  0.15306065E+03
   11.72764671  0.32253996E+03    0.862000  0.15426256E+03
   11.74125186  0.32069250E+03    0.863000  0.15556615E+03
   11.75485702  0.31905238E+03    0.864000  0.15694654E+03
   11.76846218  0.31738952E+03    0.865000  0.15829321E+03
   11.78206734  0.31425190E+03    0.866000  0.15887163E+03
   11.79567250  0.30058926E+03    0.867000  0.15401449E+03
   11.80927766  0.29646157E+03    0.868000  0.15392149E+03
   11.82288282  0.29465904E+03    0.869000  0.15499526E+03
   11.83648797  0.29246369E+03    0.870000  0.15583513E+03
   11.85009313  0.29007104E+03    0.871000  0.15653858E+03
   11.86369829  0.28669850E+03    0.872000  0.15667391E+03
   11.87730345  0.27556653E+03    0.873000  0.15246997E+03
   11.89090861  0.27214439E+03    0.874000  0.15243259E+03
   11.90451377  0.26929494E+03    0.875000  0.15267321E+03
   11.91811893  0.26784570E+03    0.876000  0.15367834E+03
   11.93172408  0.26609654E+03    0.877000  0.15448958E+03
   11.94532924  0.26462719E+03    0.878000  0.15544132E+03
   11.95893440  0.26316680E+03    0.879000  0.15637834E+03
   11.97253956  0.26145919E+03    0.880000  0.15714685E+03
   11.98614472  0.26001939E+03    0.881000  0.15805486E+03
   11.99974988  0.25823686E+03    0.882000  0.15873256E+03
   12.01335504  0.25489433E+03    0.883000  0.15841641E+03
   12.02696020  0.24486961E+03    0.884000  0.15385612E+03
   12.04056535  0.25001739E+03    0.885000  0.15879573E+03
   12.05417051  0.25111156E+03    0.886000  0.16120331E+03
   12.06777567  0.24927702E+03    0.887000  0.16172573E+03
   12.08138083  0.24985115E+03    0.888000  0.16380225E+03
   12.09498599  0.25030458E+03    0.889000  0.16580664E+03
   12.10859115  0.25060261E+03    0.890000  0.16771322E+03
   12.12219631  0.25127598E+03    0.891000  0.16987762E+03
   12.13580146  0.24728901E+03    0.892000  0.16886875E+03
   12.14940662  0.24773192E+03    0.893000  0.17086078E+03
   12.16301178  0.24711811E+03    0.894000  0.17212283E+03
   12.17661694  0.24510045E+03    0.895000  0.17238912E+03
   12.19022210  0.24313790E+03    0.896000  0.17266703E+03
   12.20382726  0.24083723E+03    0.897000  0.17267574E+03
   12.21743242  0.23793108E+03    0.898000  0.17221482E+03
   12.23103757  0.23510365E+03    0.899000  0.17177178E+03
   12.24464273  0.23180780E+03    0.900000  0.17094473E+03
   12.25824789  0.22799437E+03    0.901000  0.16968752E+03
   12.27185305  0.22403522E+03    0.902000  0.16826884E+03
   12.28545821  0.22002101E+03    0.903000  0.16675442E+03
   12.29906337  0.21588465E+03    0.904000  0.16509184E+03
   12.31266853  0.21185750E+03    0.905000  0.16345710E+03
   12.32627368  0.20686492E+03    0.906000  0.16101597E+03
   12.33987884  0.20006884E+03    0.907000  0.15709066E+03
   12.35348400  0.19246787E+03    0.908000  0.15243518E+03
   12.36708916  0.19915862E+03    0.909000  0.15909257E+03
   12.38069432  0.19744947E+03    0.910000  0.15907391E+03
   12.39429948  0.19315217E+03    0.911000  0.15692915E+03
   12.40790464  0.19169030E+03    0.912000  0.15704880E+03
   12.42150979  0.19027493E+03    0.913000  0.15718692E+03
   12.43511495  0.18875103E+03    0.914000  0.15721534E+03
   12.44872011  0.18700399E+03    0.915000  0.15703559E+03
   12.46232527  0.18551791E+03    0.916000  0.15705293E+03
   12.47593043  0.18408186E+03    0.917000  0.15709270E+03
   12.48953559  0.18266415E+03    0.918000  0.15712865E+03
   12.50314075  0.18134750E+03    0.919000  0.15723289E+03
   12.51674590  0.18008322E+03    0.920000  0.15736493E+03
   12.53035106  0.17886738E+03    0.921000  0.15752238E+03
   12.54395622  0.17769358E+03    0.922000  0.15770056E+03
   12.55756138  0.17655798E+03    0.923000  0.15789689E+03
   12.57116654  0.17546302E+03    0.924000  0.15811435E+03
   12.58477170  0.17440385E+03    0.925000  0.15834938E+03
   12.59837686  0.17338228E+03    0.926000  0.15860435E+03
   12.61198201  0.17225963E+03    0.927000  0.15875223E+03
   12.62558717  0.17134471E+03    0.928000  0.15907765E+03
   12.63919233  0.17052618E+03    0.929000  0.15948075E+03
   12.65279749  0.16986753E+03    0.930000  0.16002329E+03
   12.66640265  0.16950117E+03    0.931000  0.16083419E+03
   12.68000781  0.16838341E+03    0.932000  0.16092199E+03
   12.69361297  0.16420375E+03    0.933000  0.15804744E+03
   12.70721812  0.16274557E+03    0.934000  0.15775389E+03
   12.72082328  0.16193491E+03    0.935000  0.15807252E+03
   12.73442844  0.16106533E+03    0.936000  0.15832218E+03
   12.74803360  0.16011929E+03    0.937000  0.15848430E+03
   12.76163876  0.15912007E+03    0.938000  0.15858051E+03
   12.77524392  0.15812020E+03    0.939000  0.15866244E+03
   12.78884908  0.15760357E+03    0.940000  0.15921893E+03
   12.80245423  0.15736742E+03    0.941000  0.16005363E+03
   12.81605939  0.15653195E+03    0.942000  0.16027148E+03
   12.82966455  0.15804026E+03    0.943000  0.16289369E+03
   12.84326971  0.15880633E+03    0.944000  0.16476638E+03
   12.85687487  0.15793507E+03    0.945000  0.16493957E+03
   12.87048003  0.15880701E+03    0.946000  0.16693327E+03
   12.88408519  0.15828954E+03    0.947000  0.16746889E+03
   12.89769034  0.15678021E+03    0.948000  0.16694130E+03
   12.91129550  0.15688549E+03    0.949000  0.16812339E+03
   12.92490066  0.15685872E+03    0.950000  0.16916451E+03
   12.93850582  0.15669368E+03    0.951000  0.17005521E+03
   12.95211098  0.15533803E+03    0.952000  0.16964340E+03
   12.96571614  0.15412984E+03    0.953000  0.16937514E+03
   12.97932130  0.15308891E+03    0.954000  0.16927534E+03
   12.99292646  0.14894197E+03    0.955000  0.16570575E+03
   13.00653161  0.14512637E+03    0.956000  0.16245049E+03
   13.02013677  0.14326816E+03    0.957000  0.16134757E+03
   13.03374193  0.13857523E+03    0.958000  0.15700754E+03
   13.04734709  0.13833967E+03    0.959000  0.15768415E+03
   13.06095225  0.13848530E+03    0.960000  0.15879464E+03
   13.07455741  0.13951553E+03    0.961000  0.16092748E+03
   13.08816257  0.13851591E+03    0.962000  0.16071915E+03
   13.10176772  0.13825380E+03    0.963000  0.16135794E+03
   13.11537288  0.13746872E+03    0.964000  0.16137923E+03
   13.12897804  0.13675904E+03    0.965000  0.16147883E+03
   13.14258320  0.13598858E+03    0.966000  0.16149658E+03
   13.15618836  0.13517503E+03    0.967000  0.16145235E+03
   13.16979352  0.13451469E+03    0.968000  0.16158106E+03
   13.18339868  0.13376150E+03    0.969000  0.16158859E+03
   13.19700383  0.13296036E+03    0.970000  0.16152761E+03
   13.21060899  0.13223490E+03    0.971000  0.16154815E+03
   13.22421415  0.13176614E+03    0.972000  0.16187414E+03
   13.23781931  0.13114176E+03    0.973000  0.16200151E+03
   13.25142447  0.13001415E+03    0.974000  0.16149528E+03
   13.26502963  0.12938537E+03    0.975000  0.16159668E+03
   13.27863479  0.12831938E+03    0.976000  0.16114046E+03
   13.30584510  0.12720387E+03    0.978000  0.16147474E+03
   13.31945026  0.12679869E+03    0.979000  0.16182520E+03
   13.33305542  0.12625106E+03    0.980000  0.16198734E+03
   13.34666058  0.12567927E+03    0.981000  0.16211086E+03
   13.36026574  0.12482024E+03    0.982000  0.16185412E+03
   13.37387090  0.12390556E+03    0.983000  0.16151312E+03
   13.38747605  0.12354969E+03    0.984000  0.16189186E+03
   13.40108121  0.12333974E+03    0.985000  0.16245796E+03
   13.41468637  0.12291759E+03    0.986000  0.16274025E+03
   13.42829153  0.12239046E+03    0.987000  0.16287706E+03
   13.44189669  0.12200325E+03    0.988000  0.16319385E+03
   13.45550185  0.12152861E+03    0.989000  0.16338781E+03
   13.46910701  0.12102620E+03    0.990000  0.16353777E+03
   13.48271216  0.12049014E+03    0.991000  0.16363519E+03
   13.49631732  0.12010930E+03    0.992000  0.16393714E+03
   13.50992248  0.11956591E+03    0.993000  0.16401093E+03
   13.52352764  0.11908754E+03    0.994000  0.16416694E+03
   13.53713280  0.11843325E+03    0.995000  0.16407272E+03
   13.55073796  0.11789391E+03    0.996000  0.16412960E+03
   13.56434312  0.11698538E+03    0.997000  0.16366262E+03
   13.57794827  0.11585836E+03    0.998000  0.16287610E+03
   13.59155343  0.11450108E+03    0.999000  0.16174892E+03
   13.60515859  0.11337919E+03    1.000000  0.16093737E+03
   13.61876375  0.11155542E+03    1.001000  0.15910942E+03
   13.63236891  0.11055237E+03    1.002000  0.15843278E+03
   13.64597407  0.11084269E+03    1.003000  0.15960480E+03
   13.65957923  0.11171010E+03    1.004000  0.16161570E+03
   13.67318438  0.11240720E+03    1.005000  0.16339085E+03
   13.70039470  0.11036686E+03    1.007000  0.16193054E+03
   13.71399986  0.10923069E+03    1.008000  0.16100853E+03
   13.75481534  0.10671739E+03    1.011000  0.15948737E+03
   13.76842049  0.10707241E+03    1.012000  0.16074819E+03
   13.78202565  0.10654744E+03    1.013000  0.16068673E+03
   13.79563081  0.10567675E+03    1.014000  0.16009436E+03
   13.80923597  0.10576973E+03    1.015000  0.16095658E+03
   13.82284113  0.10542216E+03    1.016000  0.16114667E+03
   13.83644629  0.10504781E+03    1.017000  0.16129088E+03
   13.85005145  0.10474055E+03    1.018000  0.16153347E+03
   13.86365660  0.10447762E+03    1.019000  0.16184053E+03
   13.87726176  0.10398333E+03    1.020000  0.16178404E+03
   13.89086692  0.10353827E+03    1.021000  0.16179774E+03
   13.90447208  0.10313130E+03    1.022000  0.16186515E+03
   13.91807724  0.10249349E+03    1.023000  0.16156313E+03
   13.93168240  0.10231794E+03    1.024000  0.16198423E+03
   13.94528756  0.10276205E+03    1.025000  0.16338817E+03
   13.95889272  0.10243847E+03    1.026000  0.16357234E+03
   13.97249787  0.10226026E+03    1.027000  0.16398522E+03
   13.98610303  0.10209851E+03    1.028000  0.16442216E+03
   13.99970819  0.10135700E+03    1.029000  0.16391930E+03
   14.01331335  0.10115101E+03    1.030000  0.16427603E+03
   14.02691851  0.10084633E+03    1.031000  0.16446899E+03
   14.04052367  0.10012372E+03    1.032000  0.16397337E+03
   14.05412883  0.99774679E+02    1.033000  0.16408222E+03
   14.06773398  0.99798276E+02    1.034000  0.16480167E+03
   14.08133914  0.99399261E+02    1.035000  0.16482068E+03
   14.09494430  0.99033347E+02    1.036000  0.16488936E+03
   14.10854946  0.98512608E+02    1.037000  0.16469421E+03
   14.12215462  0.98030300E+02    1.038000  0.16455647E+03
   14.13575978  0.97672659E+02    1.039000  0.16462227E+03
   14.14936494  0.96980330E+02    1.040000  0.16411681E+03
   14.16297009  0.96590177E+02    1.041000  0.16411533E+03
   14.17657525  0.96213514E+02    1.042000  0.16413154E+03
   14.19018041  0.95808677E+02    1.043000  0.16409436E+03
   14.20378557  0.95161651E+02    1.044000  0.16363520E+03
   14.21739073  0.94405011E+02    1.045000  0.16297798E+03
   14.23099589  0.93847016E+02    1.046000  0.16265473E+03
   14.24460105  0.93351976E+02    1.047000  0.16243341E+03
   14.25820620  0.93005263E+02    1.048000  0.16246444E+03
   14.27181136  0.92603767E+02    1.049000  0.16239467E+03
   14.28541652  0.92370031E+02    1.050000  0.16261476E+03
   14.29902168  0.91631521E+02    1.051000  0.16193958E+03
   14.31262684  0.90594729E+02    1.052000  0.16072514E+03
   14.32623200  0.90296911E+02    1.053000  0.16081262E+03
   14.33983716  0.89747364E+02    1.054000  0.16044601E+03
   14.35344231  0.89070292E+02    1.055000  0.15984305E+03
   14.36704747  0.88686713E+02    1.056000  0.15975955E+03
   14.38065263  0.88515732E+02    1.057000  0.16005524E+03
   14.39425779  0.88702343E+02    1.058000  0.16099764E+03
   14.40786295  0.88955971E+02    1.059000  0.16206468E+03
   14.42146811  0.88981291E+02    1.060000  0.16271768E+03
   14.43507327  0.89132537E+02    1.061000  0.16360216E+03
   14.44867842  0.89287792E+02    1.062000  0.16449609E+03
   14.46228358  0.89271341E+02    1.063000  0.16507463E+03
   14.47588874  0.89014353E+02    1.064000  0.16520652E+03
   14.48949390  0.88716933E+02    1.065000  0.16525959E+03
   14.50309906  0.88405536E+02    1.066000  0.16528247E+03
   14.51670422  0.88050485E+02    1.067000  0.16521919E+03
   14.53030938  0.87340057E+02    1.068000  0.16448181E+03
   14.54391453  0.86820603E+02    1.069000  0.16409569E+03
   14.55751969  0.86492420E+02    1.070000  0.16406530E+03
   14.57112485  0.86165327E+02    1.071000  0.16403251E+03
   14.58473001  0.86001861E+02    1.072000  0.16430787E+03
   14.59833517  0.85723558E+02    1.073000  0.16436082E+03
   14.61194033  0.85224294E+02    1.074000  0.16398481E+03
   14.62554549  0.84921807E+02    1.075000  0.16398196E+03
   14.63915064  0.84549072E+02    1.076000  0.16383886E+03
   14.65275580  0.84114744E+02    1.077000  0.16357090E+03
   14.66636096  0.83688935E+02    1.078000  0.16331364E+03
   14.67996612  0.83315335E+02    1.079000  0.16315281E+03
   14.69357128  0.83268417E+02    1.080000  0.16362884E+03
   14.70717644  0.82850715E+02    1.081000  0.16337308E+03
   14.72078160  0.82467149E+02    1.082000  0.16317917E+03
   14.73438675  0.82095732E+02    1.083000  0.16300415E+03
   14.74799191  0.81802452E+02    1.084000  0.16297974E+03
   14.76159707  0.81851358E+02    1.085000  0.16363542E+03
   14.77520223  0.81662947E+02    1.086000  0.16381571E+03
   14.78880739  0.81016745E+02    1.087000  0.16307198E+03
   14.80241255  0.80857533E+02    1.088000  0.16330298E+03
   14.81601771  0.80634990E+02    1.089000  0.16340347E+03
   14.82962286  0.80401458E+02    1.090000  0.16347858E+03
   14.84322802  0.80192848E+02    1.091000  0.16360135E+03
   14.85683318  0.80031718E+02    1.092000  0.16381846E+03
   14.87043834  0.79954886E+02    1.093000  0.16420650E+03
   14.88404350  0.79650334E+02    1.094000  0.16412426E+03
   14.89764866  0.79465994E+02    1.095000  0.16428639E+03
   14.91125382  0.79222713E+02    1.096000  0.16432375E+03
   14.92485898  0.79042242E+02    1.097000  0.16448850E+03
   14.93846413  0.79075073E+02    1.098000  0.16509613E+03
   14.95206929  0.78867160E+02    1.099000  0.16519993E+03
   14.96567445  0.78578825E+02    1.100000  0.16513189E+03
   14.97927961  0.78281651E+02    1.101000  0.16504128E+03
   14.99288477  0.77883921E+02    1.102000  0.16473393E+03
   15.00648993  0.77634606E+02    1.103000  0.16473608E+03
   15.02009509  0.77251903E+02    1.104000  0.16445088E+03
   15.03370024  0.76999909E+02    1.105000  0.16443960E+03
   15.04730540  0.76709775E+02    1.106000  0.16434317E+03
   15.06091056  0.76361986E+02    1.107000  0.16411887E+03
   15.07451572  0.76085839E+02    1.108000  0.16404429E+03
   15.08812088  0.75785233E+02    1.109000  0.16391304E+03
   15.10172604  0.75584222E+02    1.110000  0.16399378E+03
   15.11533120  0.75330425E+02    1.111000  0.16395689E+03
   15.12893635  0.74989918E+02    1.112000  0.16372722E+03
   15.14254151  0.74804502E+02    1.113000  0.16383258E+03
   15.15614667  0.74479895E+02    1.114000  0.16362961E+03
   15.16975183  0.74206779E+02    1.115000  0.16353569E+03
   15.18335699  0.74007569E+02    1.116000  0.16360142E+03
   15.19696215  0.73815528E+02    1.117000  0.16368033E+03
   15.21056731  0.73589592E+02    1.118000  0.16368123E+03
   15.22417246  0.73399335E+02    1.119000  0.16375865E+03
   15.23777762  0.73193870E+02    1.120000  0.16379944E+03
   15.25138278  0.73033886E+02    1.121000  0.16393952E+03
   15.26498794  0.72868902E+02    1.122000  0.16406616E+03
   15.27859310  0.72723960E+02    1.123000  0.16423581E+03
   15.29219826  0.72708031E+02    1.124000  0.16469572E+03
   15.30580342  0.72592694E+02    1.125000  0.16492956E+03
   15.31940857  0.72587351E+02    1.126000  0.16541248E+03
   15.33301373  0.72433035E+02    1.127000  0.16555483E+03
   15.34661889  0.72213702E+02    1.128000  0.16554603E+03
   15.36022405  0.72016330E+02    1.129000  0.16558473E+03
   15.37382921  0.71978866E+02    1.130000  0.16598950E+03
   15.38743437  0.71856405E+02    1.131000  0.16619717E+03
   15.40103953  0.71602636E+02    1.132000  0.16609857E+03
   15.41464468  0.71478296E+02    1.133000  0.16629763E+03
   15.42824984  0.71275411E+02    1.134000  0.16631172E+03
   15.44185500  0.71034249E+02    1.135000  0.16623347E+03
   15.45546016  0.70809726E+02    1.136000  0.16619098E+03
   15.46906532  0.70639529E+02    1.137000  0.16627330E+03
   15.48267048  0.70442801E+02    1.138000  0.16629067E+03
   15.50988079  0.70096222E+02    1.140000  0.16642866E+03
   15.52348595  0.69810221E+02    1.141000  0.16622573E+03
   15.53709111  0.69548861E+02    1.142000  0.16607774E+03
   15.55069627  0.69378627E+02    1.143000  0.16614441E+03
   15.56430143  0.69186717E+02    1.144000  0.16615670E+03
   15.57790659  0.69073846E+02    1.145000  0.16635673E+03
   15.59151175  0.68870987E+02    1.146000  0.16633788E+03
   15.60511690  0.68588351E+02    1.147000  0.16612304E+03
   15.61872206  0.68375272E+02    1.148000  0.16607329E+03
   15.63232722  0.68156264E+02    1.149000  0.16600619E+03
   15.64593238  0.68051117E+02    1.150000  0.16621421E+03
   15.65953754  0.67825429E+02    1.151000  0.16612555E+03
   15.67314270  0.67601901E+02    1.152000  0.16603912E+03
   15.68674786  0.67328912E+02    1.153000  0.16582782E+03
   15.70035301  0.67197788E+02    1.154000  0.16596317E+03
   15.71395817  0.66985237E+02    1.155000  0.16589507E+03
   15.72756333  0.66745344E+02    1.156000  0.16575617E+03
   15.74116849  0.66481664E+02    1.157000  0.16555476E+03
   15.75477365  0.66259374E+02    1.158000  0.16545311E+03
   15.76837881  0.66099945E+02    1.159000  0.16550582E+03
   15.78198397  0.65893474E+02    1.160000  0.16543825E+03
   15.79558912  0.65720813E+02    1.161000  0.16545298E+03
   15.80919428  0.65540889E+02    1.162000  0.16544702E+03
   15.82279944  0.65343796E+02    1.163000  0.16539515E+03
   15.83640460  0.65214915E+02    1.164000  0.16551371E+03
   15.85000976  0.65058663E+02    1.165000  0.16556086E+03
   15.86361492  0.64902110E+02    1.166000  0.16560511E+03
   15.87722008  0.64762546E+02    1.167000  0.16569069E+03
   15.89082524  0.64635902E+02    1.168000  0.16580751E+03
   15.90443039  0.64526415E+02    1.169000  0.16596673E+03
   15.91803555  0.64351754E+02    1.170000  0.16595638E+03
   15.93164071  0.64206683E+02    1.171000  0.16602016E+03
   15.94524587  0.64086610E+02    1.172000  0.16614677E+03
   15.95885103  0.63901194E+02    1.173000  0.16610189E+03
   15.97245619  0.63784030E+02    1.174000  0.16623236E+03
   15.98606135  0.63663453E+02    1.175000  0.16635231E+03
   15.99966650  0.63525245E+02    1.176000  0.16642443E+03
   16.01327166  0.63396128E+02    1.177000  0.16651854E+03
   16.02687682  0.63301452E+02    1.178000  0.16670159E+03
   16.04048198  0.63160316E+02    1.179000  0.16676068E+03
   16.05408714  0.63043035E+02    1.180000  0.16688099E+03
   16.06769230  0.62853957E+02    1.181000  0.16680916E+03
   16.08129746  0.62761187E+02    1.182000  0.16699100E+03
   16.09490261  0.62634490E+02    1.183000  0.16708107E+03
   16.10850777  0.62492341E+02    1.184000  0.16712809E+03
   16.12211293  0.62373819E+02    1.185000  0.16723652E+03
   16.13571809  0.62317063E+02    1.186000  0.16750936E+03
   16.14932325  0.62191024E+02    1.187000  0.16759472E+03
   16.16292841  0.62023007E+02    1.188000  0.16756495E+03
   16.17653357  0.61892373E+02    1.189000  0.16763414E+03
   16.19013872  0.61741407E+02    1.190000  0.16764634E+03
   16.20374388  0.61618360E+02    1.191000  0.16773248E+03
   16.21734904  0.61531960E+02    1.192000  0.16791695E+03
   16.23095420  0.61423051E+02    1.193000  0.16803866E+03
   16.24455936  0.61245974E+02    1.194000  0.16797193E+03
   16.25816452  0.61141599E+02    1.195000  0.16810267E+03
   16.27176968  0.61031213E+02    1.196000  0.16821542E+03
   16.28537483  0.60903511E+02    1.197000  0.16827882E+03
   16.29897999  0.60771084E+02    1.198000  0.16832739E+03
   16.31258515  0.60625460E+02    1.199000  0.16833751E+03
   16.32619031  0.60570832E+02    1.200000  0.16859893E+03
   16.33979547  0.60318404E+02    1.201000  0.16830768E+03
   16.35340063  0.60169312E+02    1.202000  0.16830203E+03
   16.36700579  0.60004307E+02    1.203000  0.16824973E+03
   16.39421610  0.59602762E+02    1.205000  0.16793682E+03
   16.40782126  0.59467091E+02    1.206000  0.16796013E+03
   16.42142642  0.59275943E+02    1.207000  0.16782452E+03
   16.43503158  0.59121040E+02    1.208000  0.16778917E+03
   16.44863674  0.58974174E+02    1.209000  0.16777457E+03
   16.46224190  0.58816817E+02    1.210000  0.16772805E+03
   16.47584705  0.58652773E+02    1.211000  0.16766027E+03
   16.48945221  0.58555105E+02    1.212000  0.16778044E+03
   16.50305737  0.58428964E+02    1.213000  0.16781750E+03
   16.51666253  0.58291778E+02    1.214000  0.16782104E+03
   16.53026769  0.58242211E+02    1.215000  0.16807556E+03
   16.54387285  0.58150058E+02    1.216000  0.16820622E+03
   16.55747801  0.58097781E+02    1.217000  0.16845124E+03
   16.57108316  0.57977651E+02    1.218000  0.16849835E+03
   16.58468832  0.57828675E+02    1.219000  0.16845979E+03
   16.59829348  0.57625490E+02    1.220000  0.16826091E+03
   16.61189864  0.57593400E+02    1.221000  0.16856001E+03
   16.62550380  0.57432943E+02    1.222000  0.16848210E+03
   16.63910896  0.57279056E+02    1.223000  0.16842132E+03
   16.65271412  0.57118321E+02    1.224000  0.16833826E+03
   16.67992443  0.56887303E+02    1.226000  0.16843337E+03
   16.69352959  0.56822119E+02    1.227000  0.16862791E+03
   16.70713475  0.56678937E+02    1.228000  0.16858956E+03
   16.72073991  0.56404784E+02    1.229000  0.16815879E+03
   16.73434507  0.56344253E+02    1.230000  0.16836261E+03
   16.74795023  0.56185271E+02    1.231000  0.16827075E+03
   16.76155538  0.56054992E+02    1.232000  0.16826288E+03
   16.77516054  0.55890304E+02    1.233000  0.16814971E+03
   16.78876570  0.55798766E+02    1.234000  0.16825487E+03
   16.80237086  0.55679410E+02    1.235000  0.16827471E+03
   16.81597602  0.55629009E+02    1.236000  0.16850179E+03
   16.82958118  0.55545579E+02    1.237000  0.16862791E+03
   16.84318634  0.55460394E+02    1.238000  0.16874755E+03
   16.85679150  0.55412805E+02    1.239000  0.16898068E+03
   16.87039665  0.55247205E+02    1.240000  0.16885248E+03
   16.88400181  0.55149208E+02    1.241000  0.16892910E+03
   16.89760697  0.54962371E+02    1.242000  0.16873165E+03
   16.91121213  0.54883105E+02    1.243000  0.16886262E+03
   16.92481729  0.54772246E+02    1.244000  0.16889509E+03
   16.93842245  0.54661617E+02    1.245000  0.16892676E+03
   16.95202761  0.54572760E+02    1.246000  0.16902435E+03
   16.96563276  0.54460817E+02    1.247000  0.16904907E+03
   16.97923792  0.54369507E+02    1.248000  0.16913645E+03
   16.99284308  0.54271918E+02    1.249000  0.16920301E+03
   17.00644824  0.54173722E+02    1.250000  0.16926634E+03
   17.02005340  0.54054991E+02    1.251000  0.16926403E+03
   17.03365856  0.53945154E+02    1.252000  0.16928801E+03
   17.04726372  0.53858296E+02    1.253000  0.16938276E+03
   17.06086887  0.53778486E+02    1.254000  0.16949854E+03
   17.07447403  0.53666414E+02    1.255000  0.16951133E+03
   17.08807919  0.53588449E+02    1.256000  0.16963055E+03
   17.10168435  0.53458095E+02    1.257000  0.16958252E+03
   17.11528951  0.53318931E+02    1.258000  0.16950470E+03
   17.12889467  0.53280086E+02    1.259000  0.16974459E+03
   17.14249983  0.53132731E+02    1.260000  0.16963751E+03
   17.15610498  0.52985155E+02    1.261000  0.16952771E+03
   17.16971014  0.52886987E+02    1.262000  0.16957432E+03
   17.18331530  0.52816300E+02    1.263000  0.16970789E+03
   17.19692046  0.52731984E+02    1.264000  0.16979661E+03
   17.21052562  0.52602943E+02    1.265000  0.16973986E+03
   17.22413078  0.52517301E+02    1.266000  0.16982169E+03
   17.23773594  0.52499561E+02    1.267000  0.17012238E+03
   17.25134109  0.52443730E+02    1.268000  0.17029914E+03
   17.26494625  0.52346687E+02    1.269000  0.17034103E+03
   17.27855141  0.52299316E+02    1.270000  0.17054357E+03
   17.29215657  0.52214272E+02    1.271000  0.17062236E+03
   17.30576173  0.52090514E+02    1.272000  0.17057322E+03
   17.31936689  0.52027693E+02    1.273000  0.17072235E+03
   17.33297205  0.51933298E+02    1.274000  0.17076680E+03
   17.34657720  0.51870757E+02    1.275000  0.17091492E+03
   17.36018236  0.51774817E+02    1.276000  0.17095191E+03
   17.37378752  0.51658418E+02    1.277000  0.17091990E+03
   17.38739268  0.51524316E+02    1.278000  0.17082761E+03
   17.40099784  0.51501309E+02    1.279000  0.17110258E+03
   17.41460300  0.51412694E+02    1.280000  0.17115882E+03
   17.42820816  0.51317089E+02    1.281000  0.17119053E+03
   17.44181331  0.51227542E+02    1.282000  0.17124119E+03
   17.45541847  0.51112727E+02    1.283000  0.17120599E+03
   17.46902363  0.51037069E+02    1.284000  0.17130065E+03
   17.48262879  0.50886275E+02    1.285000  0.17114158E+03
   17.49623395  0.50811342E+02    1.286000  0.17123611E+03
   17.50983911  0.50718006E+02    1.287000  0.17126747E+03
   17.52344427  0.50717141E+02    1.288000  0.17161045E+03
   17.53704942  0.50586376E+02    1.289000  0.17151299E+03
   17.55065458  0.50478011E+02    1.290000  0.17148985E+03
   17.56425974  0.50416186E+02    1.291000  0.17162366E+03
   17.57786490  0.50304467E+02    1.292000  0.17158644E+03
   17.59147006  0.50217918E+02    1.293000  0.17163372E+03
   17.60507522  0.50146106E+02    1.294000  0.17173029E+03
   17.61868038  0.50047265E+02    1.295000  0.17173313E+03
   17.63228553  0.49970411E+02    1.296000  0.17181022E+03
   17.64589069  0.49837114E+02    1.297000  0.17169181E+03
   17.65949585  0.49735030E+02    1.298000  0.17167933E+03
   17.67310101  0.49689223E+02    1.299000  0.17186010E+03
   17.68670617  0.49611876E+02    1.300000  0.17193094E+03
   17.70031133  0.49546150E+02    1.301000  0.17204108E+03
   17.71391649  0.49461487E+02    1.302000  0.17208444E+03
   17.72752164  0.49397199E+02    1.303000  0.17219767E+03
   17.74112680  0.49290835E+02    1.304000  0.17216306E+03
   17.75473196  0.49212649E+02    1.305000  0.17222561E+03
   17.76833712  0.49100301E+02    1.306000  0.17216731E+03
   17.78194228  0.49021083E+02    1.307000  0.17222387E+03
   17.79554744  0.48937558E+02    1.308000  0.17226419E+03
   17.80915260  0.48863356E+02    1.309000  0.17233625E+03
   17.82275776  0.48783809E+02    1.310000  0.17238841E+03
   17.83636291  0.48728616E+02    1.311000  0.17252571E+03
   17.84996807  0.48615278E+02    1.312000  0.17245600E+03
   17.86357323  0.48531918E+02    1.313000  0.17249129E+03
   17.87717839  0.48456502E+02    1.314000  0.17255373E+03
   17.89078355  0.48391944E+02    1.315000  0.17265388E+03
   17.90438871  0.48292498E+02    1.316000  0.17262844E+03
   17.91799387  0.48190435E+02    1.317000  0.17259227E+03
   17.93159902  0.48130594E+02    1.318000  0.17270621E+03
   17.94520418  0.48034541E+02    1.319000  0.17268915E+03
   17.95880934  0.47943419E+02    1.320000  0.17268854E+03
   17.97241450  0.47865579E+02    1.321000  0.17273462E+03
   17.98601966  0.47808085E+02    1.322000  0.17285320E+03
   17.99962482  0.47745074E+02    1.323000  0.17295101E+03
   18.01322998  0.47651299E+02    1.324000  0.17293631E+03
   18.02683513  0.47568480E+02    1.325000  0.17296017E+03
   18.04044029  0.47467832E+02    1.326000  0.17291795E+03
   18.05404545  0.47435642E+02    1.327000  0.17312421E+03
   18.06765061  0.47367200E+02    1.328000  0.17319747E+03
   18.08125577  0.47283523E+02    1.329000  0.17321399E+03
   18.09486093  0.47206609E+02    1.330000  0.17325419E+03
   18.10846609  0.47102499E+02    1.331000  0.17319334E+03
   18.12207124  0.47018143E+02    1.332000  0.17320384E+03
   18.13567640  0.46934345E+02    1.333000  0.17321525E+03
   18.14928156  0.46821344E+02    1.334000  0.17311754E+03
   18.16288672  0.46728935E+02    1.335000  0.17309457E+03
   18.17649188  0.46660971E+02    1.336000  0.17316105E+03
   18.19009704  0.46610421E+02    1.337000  0.17329135E+03
   18.20370220  0.46530067E+02    1.338000  0.17330995E+03
   18.21730735  0.46482857E+02    1.339000  0.17345113E+03
   18.23091251  0.46398587E+02    1.340000  0.17345312E+03
   18.24451767  0.46324580E+02    1.341000  0.17349240E+03
   18.25812283  0.46284709E+02    1.342000  0.17365875E+03
   18.27172799  0.46239577E+02    1.343000  0.17380478E+03
   18.28533315  0.46211600E+02    1.344000  0.17401479E+03
   18.29893831  0.46139189E+02    1.345000  0.17405680E+03
   18.31254346  0.46076185E+02    1.346000  0.17413337E+03
   18.32614862  0.46178437E+02    1.347000  0.17483475E+03
   18.33975378  0.45943467E+02    1.348000  0.17425848E+03
   18.35335894  0.45889196E+02    1.349000  0.17436561E+03
   18.36696410  0.45837705E+02    1.350000  0.17448258E+03
   18.38056926  0.45782519E+02    1.351000  0.17458476E+03
   18.39417442  0.45742383E+02    1.352000  0.17474368E+03
   18.40777957  0.45674637E+02    1.353000  0.17479639E+03
   18.42138473  0.45614817E+02    1.354000  0.17487856E+03
   18.43498989  0.45567868E+02    1.355000  0.17500935E+03
   18.44859505  0.45508626E+02    1.356000  0.17509220E+03
   18.46220021  0.45431084E+02    1.357000  0.17510371E+03
   18.47580537  0.45377626E+02    1.358000  0.17520715E+03
   18.48941053  0.45322016E+02    1.359000  0.17530154E+03
   18.50301568  0.45225424E+02    1.360000  0.17523638E+03
   18.51662084  0.45154057E+02    1.361000  0.17526781E+03
   18.53022600  0.45082562E+02    1.362000  0.17529777E+03
   18.54383116  0.45024741E+02    1.363000  0.17538002E+03
   18.55743632  0.44947123E+02    1.364000  0.17538423E+03
   18.57104148  0.44914050E+02    1.365000  0.17556150E+03
   18.58464664  0.44845003E+02    1.366000  0.17559746E+03
   18.59825179  0.44782805E+02    1.367000  0.17565934E+03
   18.61185695  0.44700923E+02    1.368000  0.17564303E+03
   18.62546211  0.44644769E+02    1.369000  0.17572687E+03
   18.63906727  0.44549947E+02    1.370000  0.17565748E+03
   18.65267243  0.44506489E+02    1.371000  0.17578967E+03
   18.66627759  0.44442271E+02    1.372000  0.17583913E+03
   18.67988275  0.44385096E+02    1.373000  0.17591563E+03
   18.69348790  0.44326237E+02    1.374000  0.17598466E+03
   18.70709306  0.56730926E+02    1.375000  0.22562085E+03
   18.72069822  0.44164424E+02    1.376000  0.17594465E+03
   18.73430338  0.44119064E+02    1.377000  0.17606484E+03
   18.74790854  0.44043484E+02    1.378000  0.17606361E+03
   18.76151370  0.44005471E+02    1.379000  0.17621178E+03
   18.77511886  0.43975134E+02    1.380000  0.17639022E+03
   18.78872402  0.43884635E+02    1.381000  0.17632652E+03
   18.80232917  0.43837882E+02    1.382000  0.17643765E+03
   18.81593433  0.43774083E+02    1.383000  0.17647942E+03
   18.82953949  0.43701773E+02    1.384000  0.17648595E+03
   18.84314465  0.43638421E+02    1.385000  0.17652773E+03
   18.85674981  0.43572034E+02    1.386000  0.17655635E+03
   18.87035497  0.43529902E+02    1.387000  0.17668251E+03
   18.88396013  0.43433357E+02    1.388000  0.17658687E+03
   18.89756528  0.43383421E+02    1.389000  0.17667973E+03
   18.91117044  0.43348260E+02    1.390000  0.17683218E+03
   18.92477560  0.43291127E+02    1.391000  0.17689437E+03
   18.93838076  0.43211913E+02    1.392000  0.17686540E+03
   18.95198592  0.43162417E+02    1.393000  0.17695719E+03
   18.96559108  0.43084606E+02    1.394000  0.17693203E+03
   18.97919624  0.43008897E+02    1.395000  0.17691445E+03
   18.99280139  0.42945253E+02    1.396000  0.17694555E+03
   19.00640655  0.42900787E+02    1.397000  0.17705493E+03
   19.02001171  0.42851516E+02    1.398000  0.17714384E+03
   19.03361687  0.43074353E+02    1.399000  0.17835880E+03
   19.04722203  0.42740151E+02    1.400000  0.17726646E+03
   19.06082719  0.42673773E+02    1.401000  0.17728220E+03
   19.07443235  0.42598880E+02    1.402000  0.17726160E+03
   19.08803750  0.42554983E+02    1.403000  0.17736917E+03
   19.10164266  0.42500389E+02    1.404000  0.17743148E+03
   19.11524782  0.42441280E+02    1.405000  0.17747417E+03
   19.12885298  0.42390147E+02    1.406000  0.17754946E+03
   19.14245814  0.42318727E+02    1.407000  0.17753894E+03
   19.15606330  0.42260358E+02    1.408000  0.17758229E+03
   19.16966846  0.42203212E+02    1.409000  0.17762999E+03
   19.18327361  0.42133026E+02    1.410000  0.17762194E+03
   19.19687877  0.42075017E+02    1.411000  0.17766435E+03
   19.21048393  0.42021747E+02    1.412000  0.17772601E+03
   19.22408909  0.41970886E+02    1.413000  0.17779715E+03
   19.23769425  0.41906878E+02    1.414000  0.17781181E+03
   19.25129941  0.41853426E+02    1.415000  0.17787046E+03
   19.26490457  0.41793821E+02    1.416000  0.17790219E+03
   19.27850972  0.41733485E+02    1.417000  0.17792999E+03
   19.29211488  0.41676226E+02    1.418000  0.17797011E+03
   19.30572004  0.41629445E+02    1.419000  0.17805426E+03
   19.31932520  0.41562709E+02    1.420000  0.17805229E+03
   19.33293036  0.41513209E+02    1.421000  0.17812336E+03
   19.34653552  0.41462308E+02    1.422000  0.17818774E+03
   19.36014068  0.41409218E+02    1.423000  0.17824200E+03
   19.37374583  0.41350739E+02    1.424000  0.17827230E+03
   19.38735099  0.41294403E+02    1.425000  0.17831106E+03
   19.40095615  0.41229167E+02    1.426000  0.17831056E+03
   19.41456131  0.41158906E+02    1.427000  0.17828740E+03
   19.42816647  0.41139569E+02    1.428000  0.17848422E+03
   19.44177163  0.41089775E+02    1.429000  0.17854843E+03
   19.45537679  0.41039915E+02    1.430000  0.17861167E+03
   19.46898194  0.40983041E+02    1.431000  0.17864366E+03
   19.48258710  0.40939729E+02    1.432000  0.17873408E+03
   19.49619226  0.40872852E+02    1.433000  0.17872087E+03
   19.50979742  0.40854644E+02    1.434000  0.17891989E+03
   19.52340258  0.40783091E+02    1.435000  0.17888468E+03
   19.53700774  0.40731578E+02    1.436000  0.17893653E+03
   19.55061290  0.40683387E+02    1.437000  0.17900229E+03
   19.56421805  0.40608041E+02    1.438000  0.17894773E+03
   19.57782321  0.40567091E+02    1.439000  0.17904395E+03
   19.59142837  0.40519745E+02    1.440000  0.17911134E+03
   19.99958313  0.39149755E+02    1.470000  0.18106578E+03
   24.99947891  0.28034691E+02    1.837500  0.19992589E+03
   29.99937469  0.22305868E+02    2.205000  0.21497942E+03
   34.99927048  0.18933317E+02    2.572500  0.22993034E+03
   39.99916626  0.16350204E+02    2.940000  0.23954096E+03
   44.99906204  0.14408678E+02    3.307500  0.24721059E+03
   49.99895782  0.12934070E+02    3.675000  0.25432888E+03
   54.99885361  0.11760443E+02    4.042500  0.26072792E+03
   59.99874939  0.10800725E+02    4.410000  0.26652223E+03
   64.99864517  0.10009065E+02    4.777500  0.27207390E+03
   69.99854095  0.93422274E+01    5.145000  0.27736299E+03
   74.99843674  0.87749065E+01    5.512500  0.28251332E+03
   79.99833252  0.82837121E+01    5.880000  0.28746150E+03
   84.99822830  0.78540725E+01    6.247500  0.29223776E+03
   89.99812408  0.74754017E+01    6.615000  0.29688452E+03
   94.99801987  0.71377272E+01    6.982500  0.30136398E+03
   99.99791565  0.68347412E+01    7.350000  0.30570227E+03
  104.99781143  0.65606732E+01    7.717500  0.30988765E+03
  109.99770721  0.63115705E+01    8.085000  0.31394096E+03
  114.99760300  0.60840241E+01    8.452500  0.31787181E+03
  119.99749878  0.58748347E+01    8.820000  0.32166711E+03
  124.99739456  0.56816144E+01    9.187500  0.32532817E+03
  129.99729034  0.55023787E+01    9.555000  0.32885645E+03
  134.99718613  0.53349781E+01    9.922500  0.33222325E+03
