       eV          sigma            Ry          om               in 10^-16                                                                       
   13.02126328  0.00000000E+00    0.957083  0.00000000E+00
   13.03374193  0.17842898E+02    0.958000  0.99771420E+00
   13.04734709  0.23186883E+02    0.959000  0.16655228E+01
   13.06095225  0.21674654E+02    0.960000  0.19018247E+01
   13.07455741  0.20495790E+02    0.961000  0.21245519E+01
   13.08816257  0.26906817E+02    0.962000  0.32172954E+01
   13.10176772  0.29261662E+02    0.963000  0.39645323E+01
   13.11537288  0.38036875E+02    0.964000  0.57587576E+01
   13.12897804  0.38367285E+02    0.965000  0.64193504E+01
   13.14258320  0.38063048E+02    0.966000  0.69741749E+01
   13.15618836  0.36676312E+02    0.967000  0.73037466E+01
   13.16979352  0.37244245E+02    0.968000  0.80095423E+01
   13.18339868  0.36817234E+02    0.969000  0.85036132E+01
   13.19700383  0.36331492E+02    0.970000  0.89695941E+01
   13.21060899  0.38657568E+02    0.971000  0.10159049E+02
   13.22421415  0.38030355E+02    0.972000  0.10599427E+02
   13.23781931  0.37944744E+02    0.973000  0.11179411E+02
   13.25142447  0.38556234E+02    0.974000  0.11973146E+02
   13.26502963  0.38376998E+02    0.975000  0.12528210E+02
   13.27863479  0.37655059E+02    0.976000  0.12891767E+02
   13.30584510  0.39413410E+02    0.978000  0.14748198E+02
   13.31945026  0.38954795E+02    0.979000  0.15196506E+02
   13.33305542  0.40237154E+02    0.980000  0.16337088E+02
   13.34666058  0.39782994E+02    0.981000  0.16785788E+02
   13.36026574  0.38817112E+02    0.982000  0.16995977E+02
   13.37387090  0.39212004E+02    0.983000  0.17792891E+02
   13.38747605  0.35522882E+02    0.984000  0.16684214E+02
   13.40108121  0.33550661E+02    0.985000  0.16291829E+02
   13.41468637  0.32302474E+02    0.986000  0.16199778E+02
   13.42829153  0.31411977E+02    0.987000  0.16253075E+02
   13.44189669  0.30762521E+02    0.988000  0.16406584E+02
   13.45550185  0.30786734E+02    0.989000  0.16909431E+02
   13.46910701  0.30992720E+02    0.990000  0.17515779E+02
   13.48271216  0.34304639E+02    0.991000  0.19933453E+02
   13.49631732  0.34276377E+02    0.992000  0.20462498E+02
   13.50992248  0.34031272E+02    0.993000  0.20857740E+02
   13.52352764  0.33645775E+02    0.994000  0.21156901E+02
   13.53713280  0.32793206E+02    0.995000  0.21142659E+02
   13.55073796  0.32634584E+02    0.996000  0.21559731E+02
   13.56434312  0.32455014E+02    0.997000  0.21957582E+02
   13.57794827  0.32274956E+02    0.998000  0.22349380E+02
   13.59155343  0.31770007E+02    0.999000  0.22505300E+02
   13.60515859  0.32114474E+02    1.000000  0.23260377E+02
   13.61876375  0.31671276E+02    1.001000  0.23443381E+02
   13.63236891  0.31329832E+02    1.002000  0.23689217E+02
   13.64597407  0.30951140E+02    1.003000  0.23895429E+02
   13.65957923  0.31462838E+02    1.004000  0.24791172E+02
   13.67318438  0.31811412E+02    1.005000  0.25572071E+02
   13.70039470  0.34283872E+02    1.007000  0.28650767E+02
   13.71399986  0.35237991E+02    1.008000  0.30008887E+02
   13.75481534  0.31890630E+02    1.011000  0.28680756E+02
   13.76842049  0.30687935E+02    1.012000  0.28087477E+02
   13.78202565  0.29143184E+02    1.013000  0.27137405E+02
   13.79563081  0.28238255E+02    1.014000  0.26744135E+02
   13.80923597  0.29781213E+02    1.015000  0.28679385E+02
   13.82284113  0.26120541E+02    1.016000  0.25569825E+02
   13.83644629  0.24467611E+02    1.017000  0.24341118E+02
   13.85005145  0.23716379E+02    1.018000  0.23971187E+02
   13.86365660  0.23033682E+02    1.019000  0.23647708E+02
   13.87726176  0.22542826E+02    1.020000  0.23502509E+02
   13.89086692  0.20689468E+02    1.021000  0.21899498E+02
   13.90447208  0.20341430E+02    1.022000  0.21854814E+02
   13.91807724  0.20105548E+02    1.023000  0.21921339E+02
   13.93168240  0.19565501E+02    1.024000  0.21643880E+02
   13.94528756  0.19438769E+02    1.025000  0.21813030E+02
   13.95889272  0.19133401E+02    1.026000  0.21774849E+02
   13.97249787  0.18618726E+02    1.027000  0.21485415E+02
   13.98610303  0.18119910E+02    1.028000  0.21198154E+02
   13.99970819  0.17862654E+02    1.029000  0.21181457E+02
   14.01331335  0.18361519E+02    1.030000  0.22065210E+02
   14.02691851  0.18630735E+02    1.031000  0.22685215E+02
   14.04052367  0.19168301E+02    1.032000  0.23644809E+02
   14.05412883  0.19239357E+02    1.033000  0.24038630E+02
   14.06773398  0.19136918E+02    1.034000  0.24215178E+02
   14.08133914  0.18415001E+02    1.035000  0.23594742E+02
   14.09494430  0.18093326E+02    1.036000  0.23470521E+02
   14.10854946  0.17473356E+02    1.037000  0.22944368E+02
   14.12215462  0.17166312E+02    1.038000  0.22814367E+02
   14.13575978  0.16570013E+02    1.039000  0.22285566E+02
   14.14936494  0.16301114E+02    1.040000  0.22183327E+02
   14.16297009  0.16419648E+02    1.041000  0.22605933E+02
   14.17657525  0.16139041E+02    1.042000  0.22476438E+02
   14.19018041  0.15810226E+02    1.043000  0.22270105E+02
   14.20378557  0.15656371E+02    1.044000  0.22302539E+02
   14.21739073  0.15348647E+02    1.045000  0.22108441E+02
   14.23099589  0.15307530E+02    1.046000  0.22292816E+02
   14.24460105  0.15095827E+02    1.047000  0.22224739E+02
   14.25820620  0.14891411E+02    1.048000  0.22160767E+02
   14.27181136  0.14713479E+02    1.049000  0.22130124E+02
   14.28541652  0.14479963E+02    1.050000  0.22009330E+02
   14.29902168  0.14270834E+02    1.051000  0.21918560E+02
   14.31262684  0.14266602E+02    1.052000  0.22139095E+02
   14.32623200  0.14100589E+02    1.053000  0.22105869E+02
   14.33983716  0.13926776E+02    1.054000  0.22055005E+02
   14.35344231  0.14258894E+02    1.055000  0.22807873E+02
   14.36704747  0.13905620E+02    1.056000  0.22464084E+02
   14.38065263  0.13768773E+02    1.057000  0.22462125E+02
   14.39425779  0.13983728E+02    1.058000  0.23035332E+02
   14.40786295  0.13929355E+02    1.059000  0.23167433E+02
   14.42146811  0.13901334E+02    1.060000  0.23342051E+02
   14.43507327  0.13809338E+02    1.061000  0.23407337E+02
   14.44867842  0.13891639E+02    1.062000  0.23767909E+02
   14.46228358  0.13487754E+02    1.063000  0.23291523E+02
   14.47588874  0.13227781E+02    1.064000  0.23053090E+02
   14.48949390  0.12857819E+02    1.065000  0.22612944E+02
   14.50309906  0.12645160E+02    1.066000  0.22440174E+02
   14.51670422  0.12459196E+02    1.067000  0.22308435E+02
   14.53030938  0.12583212E+02    1.068000  0.22730735E+02
   14.54391453  0.12255689E+02    1.069000  0.22334120E+02
   14.55751969  0.12368891E+02    1.070000  0.22737250E+02
   14.57112485  0.12091795E+02    1.071000  0.22420302E+02
   14.58473001  0.11836663E+02    1.072000  0.22135608E+02
   14.59833517  0.11627843E+02    1.073000  0.21930140E+02
   14.61194033  0.11327171E+02    1.074000  0.21543330E+02
   14.62554549  0.11440560E+02    1.075000  0.21941049E+02
   14.63915064  0.11322872E+02    1.076000  0.21895532E+02
   14.65275580  0.11137409E+02    1.077000  0.21714133E+02
   14.66636096  0.11096053E+02    1.078000  0.21810084E+02
   14.67996612  0.10778858E+02    1.079000  0.21358147E+02
   14.69357128  0.10558826E+02    1.080000  0.21090187E+02
   14.70717644  0.10347996E+02    1.081000  0.20833752E+02
   14.72078160  0.10184336E+02    1.082000  0.20666325E+02
   14.73438675  0.10068084E+02    1.083000  0.20590644E+02
   14.74799191  0.10012099E+02    1.084000  0.20635477E+02
   14.76159707  0.99159012E+01    1.085000  0.20595008E+02
   14.77520223  0.10078836E+02    1.086000  0.21093811E+02
   14.78880739  0.10119299E+02    1.087000  0.21339531E+02
   14.80241255  0.10184587E+02    1.088000  0.21639286E+02
   14.81601771  0.10194598E+02    1.089000  0.21822791E+02
   14.82962286  0.10279930E+02    1.090000  0.22169047E+02
   14.84322802  0.10376892E+02    1.091000  0.22543286E+02
   14.85683318  0.10193313E+02    1.092000  0.22306682E+02
   14.87043834  0.10034686E+02    1.093000  0.22119240E+02
   14.88404350  0.99016177E+01    1.094000  0.21983492E+02
   14.89764866  0.97579344E+01    1.095000  0.21819773E+02
   14.91125382  0.95886407E+01    1.096000  0.21593806E+02
   14.92485898  0.93621813E+01    1.097000  0.21232803E+02
   14.93846413  0.93083731E+01    1.098000  0.21258901E+02
   14.95206929  0.92912346E+01    1.099000  0.21367618E+02
   14.96567445  0.92412946E+01    1.100000  0.21399832E+02
   14.97927961  0.90935944E+01    1.101000  0.21202520E+02
   14.99288477  0.89892557E+01    1.102000  0.21102298E+02
   15.00648993  0.88883754E+01    1.103000  0.21006929E+02
   15.02009509  0.89114370E+01    1.104000  0.21203248E+02
   15.03370024  0.89336077E+01    1.105000  0.21398167E+02
   15.04730540  0.88551170E+01    1.106000  0.21351081E+02
   15.06091056  0.88358718E+01    1.107000  0.21445290E+02
   15.07451572  0.87312869E+01    1.108000  0.21330403E+02
   15.08812088  0.86460423E+01    1.109000  0.21259743E+02
   15.10172604  0.86045247E+01    1.110000  0.21294586E+02
   15.11533120  0.85602595E+01    1.111000  0.21321264E+02
   15.12893635  0.84412427E+01    1.112000  0.21159158E+02
   15.14254151  0.84667755E+01    1.113000  0.21357898E+02
   15.15614667  0.83923950E+01    1.114000  0.21303824E+02
   15.16975183  0.82050366E+01    1.115000  0.20958794E+02
   15.18335699  0.81108909E+01    1.116000  0.20847385E+02
   15.19696215  0.80693529E+01    1.117000  0.20869034E+02
   15.21056731  0.80765044E+01    1.118000  0.21016057E+02
   15.22417246  0.80654676E+01    1.119000  0.21115690E+02
   15.23777762  0.80035655E+01    1.120000  0.21080995E+02
   15.25138278  0.79179493E+01    1.121000  0.20981491E+02
   15.26498794  0.79043794E+01    1.122000  0.21071321E+02
   15.27859310  0.79170025E+01    1.123000  0.21230961E+02
   15.29219826  0.78627798E+01    1.124000  0.21210679E+02
   15.30580342  0.78853407E+01    1.125000  0.21397025E+02
   15.31940857  0.78352941E+01    1.126000  0.21385912E+02
   15.33301373  0.78387104E+01    1.127000  0.21519980E+02
   15.34661889  0.77748640E+01    1.128000  0.21468427E+02
   15.36022405  0.77037685E+01    1.129000  0.21394710E+02
   15.37382921  0.77140492E+01    1.130000  0.21546021E+02
   15.38743437  0.77257855E+01    1.131000  0.21701748E+02
   15.40103953  0.77106924E+01    1.132000  0.21782058E+02
   15.41464468  0.77058370E+01    1.133000  0.21890971E+02
   15.42824984  0.76896732E+01    1.134000  0.21967424E+02
   15.44185500  0.76197672E+01    1.135000  0.21888980E+02
   15.45546016  0.74879815E+01    1.136000  0.21629567E+02
   15.46906532  0.74602371E+01    1.137000  0.21668146E+02
   15.48267048  0.74170942E+01    1.138000  0.21660872E+02
   15.50988079  0.73483728E+01    1.140000  0.21694059E+02
   15.52348595  0.73245705E+01    1.141000  0.21740351E+02
   15.53709111  0.73037087E+01    1.142000  0.21794660E+02
   15.55069627  0.72278400E+01    1.143000  0.21683286E+02
   15.56430143  0.72248869E+01    1.144000  0.21789402E+02
   15.57790659  0.71632500E+01    1.145000  0.21717507E+02
   15.59151175  0.71262027E+01    1.146000  0.21718592E+02
   15.60511690  0.70799411E+01    1.147000  0.21690269E+02
   15.61872206  0.70462414E+01    1.148000  0.21699158E+02
   15.63232722  0.69868731E+01    1.149000  0.21627519E+02
   15.64593238  0.69808720E+01    1.150000  0.21720035E+02
   15.65953754  0.68846909E+01    1.151000  0.21530342E+02
   15.67314270  0.68153638E+01    1.152000  0.21421995E+02
   15.68674786  0.68163899E+01    1.153000  0.21533695E+02
   15.70035301  0.67782089E+01    1.154000  0.21520944E+02
   15.71395817  0.67352725E+01    1.155000  0.21491804E+02
   15.72756333  0.67542691E+01    1.156000  0.21659907E+02
   15.74116849  0.67237618E+01    1.157000  0.21669075E+02
   15.75477365  0.67189541E+01    1.158000  0.21760505E+02
   15.76837881  0.66522034E+01    1.159000  0.21650183E+02
   15.78198397  0.66338323E+01    1.160000  0.21695962E+02
   15.79558912  0.66080150E+01    1.161000  0.21716685E+02
   15.80919428  0.65205269E+01    1.162000  0.21532929E+02
   15.82279944  0.65161669E+01    1.163000  0.21622228E+02
   15.83640460  0.64705233E+01    1.164000  0.21573742E+02
   15.85000976  0.64218508E+01    1.165000  0.21513656E+02
   15.86361492  0.64169440E+01    1.166000  0.21599336E+02
   15.87722008  0.64154907E+01    1.167000  0.21696539E+02
   15.89082524  0.64084260E+01    1.168000  0.21774629E+02
   15.90443039  0.63583920E+01    1.169000  0.21705809E+02
   15.91803555  0.63677559E+01    1.170000  0.21839110E+02
   15.93164071  0.62943935E+01    1.171000  0.21687671E+02
   15.94524587  0.62935731E+01    1.172000  0.21784999E+02
   15.95885103  0.62769780E+01    1.173000  0.21827446E+02
   15.97245619  0.62968949E+01    1.174000  0.21996912E+02
   15.98606135  0.62503814E+01    1.175000  0.21933894E+02
   15.99966650  0.61566062E+01    1.176000  0.21702792E+02
   16.01327166  0.61470290E+01    1.177000  0.21766854E+02
   16.02687682  0.61695153E+01    1.178000  0.21944659E+02
   16.04048198  0.61847495E+01    1.179000  0.22097269E+02
   16.05408714  0.61900455E+01    1.180000  0.22214698E+02
   16.06769230  0.61896673E+01    1.181000  0.22311842E+02
   16.08129746  0.61885081E+01    1.182000  0.22406146E+02
   16.09490261  0.61440316E+01    1.183000  0.22342889E+02
   16.10850777  0.61100302E+01    1.184000  0.22316476E+02
   16.12211293  0.60976171E+01    1.185000  0.22368174E+02
   16.13571809  0.60802524E+01    1.186000  0.22401234E+02
   16.14932325  0.60634983E+01    1.187000  0.22436001E+02
   16.16292841  0.60584037E+01    1.188000  0.22513562E+02
   16.17653357  0.60243570E+01    1.189000  0.22482912E+02
   16.19013872  0.59951551E+01    1.190000  0.22469336E+02
   16.20374388  0.59619685E+01    1.191000  0.22439833E+02
   16.21734904  0.59836050E+01    1.192000  0.22616491E+02
   16.23095420  0.59336864E+01    1.193000  0.22522239E+02
   16.24455936  0.59411675E+01    1.194000  0.22645181E+02
   16.25816452  0.59101428E+01    1.195000  0.22620981E+02
   16.27176968  0.59249061E+01    1.196000  0.22771775E+02
   16.28537483  0.59127183E+01    1.197000  0.22819026E+02
   16.29897999  0.58860275E+01    1.198000  0.22809687E+02
   16.31258515  0.58589398E+01    1.199000  0.22797954E+02
   16.32619031  0.58378884E+01    1.200000  0.22808943E+02
   16.33979547  0.58040928E+01    1.201000  0.22769267E+02
   16.35340063  0.57550492E+01    1.202000  0.22668455E+02
   16.36700579  0.57557876E+01    1.203000  0.22762960E+02
   16.39421610  0.57005973E+01    1.205000  0.22726130E+02
   16.40782126  0.56968459E+01    1.206000  0.22801833E+02
   16.42142642  0.56772893E+01    1.207000  0.22813904E+02
   16.43503158  0.56826197E+01    1.208000  0.22925756E+02
   16.44863674  0.56809485E+01    1.209000  0.23009419E+02
   16.46224190  0.56612279E+01    1.210000  0.23019637E+02
   16.47584705  0.56312859E+01    1.211000  0.22987502E+02
   16.48945221  0.56226795E+01    1.212000  0.23041848E+02
   16.50305737  0.56123660E+01    1.213000  0.23088897E+02
   16.51666253  0.56170543E+01    1.214000  0.23197573E+02
   16.53026769  0.56093545E+01    1.215000  0.23255040E+02
   16.54387285  0.56037603E+01    1.216000  0.23321025E+02
   16.55747801  0.55730263E+01    1.217000  0.23281808E+02
   16.57108316  0.55414272E+01    1.218000  0.23237985E+02
   16.58468832  0.55280548E+01    1.219000  0.23269880E+02
   16.59829348  0.55095340E+01    1.220000  0.23279596E+02
   16.61189864  0.55120506E+01    1.221000  0.23377947E+02
   16.62550380  0.54879355E+01    1.222000  0.23363003E+02
   16.63910896  0.54970466E+01    1.223000  0.23489269E+02
   16.65271412  0.55238718E+01    1.224000  0.23691801E+02
   16.67992443  0.55081161E+01    1.226000  0.23799535E+02
   16.69352959  0.55029240E+01    1.227000  0.23864673E+02
   16.70713475  0.54800646E+01    1.228000  0.23852747E+02
   16.72073991  0.55270279E+01    1.229000  0.24145117E+02
   16.73434507  0.55199087E+01    1.230000  0.24201859E+02
   16.74795023  0.55182827E+01    1.231000  0.24282547E+02
   16.76155538  0.54941229E+01    1.232000  0.24263667E+02
   16.77516054  0.55042794E+01    1.233000  0.24396115E+02
   16.78876570  0.54988437E+01    1.234000  0.24459530E+02
   16.80237086  0.54812147E+01    1.235000  0.24468341E+02
   16.81597602  0.54657632E+01    1.236000  0.24486346E+02
   16.82958118  0.54815310E+01    1.237000  0.24644217E+02
   16.84318634  0.54442568E+01    1.238000  0.24563276E+02
   16.85679150  0.54371248E+01    1.239000  0.24617623E+02
   16.87039665  0.54332962E+01    1.240000  0.24686753E+02
   16.88400181  0.54335311E+01    1.241000  0.24774288E+02
   16.89760697  0.54114636E+01    1.242000  0.24759788E+02
   16.91121213  0.54093397E+01    1.243000  0.24836153E+02
   16.92481729  0.54109371E+01    1.244000  0.24929596E+02
   16.93842245  0.53906447E+01    1.245000  0.24921889E+02
   16.95202761  0.53874560E+01    1.246000  0.24992882E+02
   16.96563276  0.53758960E+01    1.247000  0.25024805E+02
   16.97923792  0.53542112E+01    1.248000  0.25009068E+02
   16.99284308  0.53275045E+01    1.249000  0.24969104E+02
   17.00644824  0.53255880E+01    1.250000  0.25044872E+02
   17.02005340  0.53246635E+01    1.251000  0.25125260E+02
   17.03365856  0.53072713E+01    1.252000  0.25127651E+02
   17.04726372  0.52839981E+01    1.253000  0.25101551E+02
   17.06086887  0.52627099E+01    1.254000  0.25084171E+02
   17.07447403  0.52560337E+01    1.255000  0.25135993E+02
   17.08807919  0.52192016E+01    1.256000  0.25042908E+02
   17.10168435  0.51964471E+01    1.257000  0.25016422E+02
   17.11528951  0.52150016E+01    1.258000  0.25188736E+02
   17.12889467  0.51883861E+01    1.259000  0.25142749E+02
   17.14249983  0.51930998E+01    1.260000  0.25248233E+02
   17.15610498  0.51966766E+01    1.261000  0.25348322E+02
   17.16971014  0.51792355E+01    1.262000  0.25345669E+02
   17.18331530  0.51865390E+01    1.263000  0.25463948E+02
   17.19692046  0.51798765E+01    1.264000  0.25513669E+02
   17.21052562  0.51744151E+01    1.265000  0.25569113E+02
   17.22413078  0.51760277E+01    1.266000  0.25659452E+02
   17.23773594  0.51610335E+01    1.267000  0.25667252E+02
   17.25134109  0.51900782E+01    1.268000  0.25894293E+02
   17.26494625  0.51867758E+01    1.269000  0.25960358E+02
   17.27855141  0.51627376E+01    1.270000  0.25922203E+02
   17.29215657  0.51311206E+01    1.271000  0.25845109E+02
   17.30576173  0.51157674E+01    1.272000  0.25849187E+02
   17.31936689  0.51152994E+01    1.273000  0.25928226E+02
   17.33297205  0.51274359E+01    1.274000  0.26071340E+02
   17.34657720  0.50996905E+01    1.275000  0.26011419E+02
   17.36018236  0.50844577E+01    1.276000  0.26014636E+02
   17.37378752  0.50917632E+01    1.277000  0.26133044E+02
   17.38739268  0.50939680E+01    1.278000  0.26225424E+02
   17.40099784  0.50708294E+01    1.279000  0.26186995E+02
   17.41460300  0.50629281E+01    1.280000  0.26226761E+02
   17.42820816  0.50661215E+01    1.281000  0.26323925E+02
   17.44181331  0.50581176E+01    1.282000  0.26362830E+02
   17.45541847  0.50372992E+01    1.283000  0.26334487E+02
   17.46902363  0.50098124E+01    1.284000  0.26270514E+02
   17.48262879  0.50009999E+01    1.285000  0.26303888E+02
   17.49623395  0.49902957E+01    1.286000  0.26327001E+02
   17.50983911  0.49965028E+01    1.287000  0.26439261E+02
   17.52344427  0.49802185E+01    1.288000  0.26432346E+02
   17.53704942  0.49709415E+01    1.289000  0.26462215E+02
   17.55065458  0.49684216E+01    1.290000  0.26527867E+02
   17.56425974  0.49460627E+01    1.291000  0.26487197E+02
   17.57786490  0.49441997E+01    1.292000  0.26555901E+02
   17.59147006  0.49006695E+01    1.293000  0.26400083E+02
   17.60507522  0.49003951E+01    1.294000  0.26476589E+02
   17.61868038  0.48790689E+01    1.295000  0.26439009E+02
   17.63228553  0.48600798E+01    1.296000  0.26413452E+02
   17.64589069  0.48536599E+01    1.297000  0.26455801E+02
   17.65949585  0.48391212E+01    1.298000  0.26453564E+02
   17.67310101  0.48400540E+01    1.299000  0.26535687E+02
   17.68670617  0.48339609E+01    1.300000  0.26579208E+02
   17.70031133  0.48477515E+01    1.301000  0.26732181E+02
   17.71391649  0.48082592E+01    1.302000  0.26590924E+02
   17.72752164  0.48066145E+01    1.303000  0.26658320E+02
   17.74112680  0.48029086E+01    1.304000  0.26714199E+02
   17.75473196  0.48107465E+01    1.305000  0.26834351E+02
   17.76833712  0.48025860E+01    1.306000  0.26865259E+02
   17.78194228  0.48072003E+01    1.307000  0.26967572E+02
   17.79554744  0.47983265E+01    1.308000  0.26994151E+02
   17.80915260  0.47736188E+01    1.309000  0.26931118E+02
   17.82275776  0.47807366E+01    1.310000  0.27047354E+02
   17.83636291  0.47773437E+01    1.311000  0.27104184E+02
   17.84996807  0.47728007E+01    1.312000  0.27154363E+02
   17.86357323  0.47747874E+01    1.313000  0.27241651E+02
   17.87717839  0.47641925E+01    1.314000  0.27257020E+02
   17.89078355  0.47602603E+01    1.315000  0.27310277E+02
   17.90438871  0.47632619E+01    1.316000  0.27403299E+02
   17.91799387  0.47601637E+01    1.317000  0.27461227E+02
   17.93159902  0.47618188E+01    1.318000  0.27546554E+02
   17.94520418  0.47583061E+01    1.319000  0.27601956E+02
   17.95880934  0.47481255E+01    1.320000  0.27618461E+02
   17.97241450  0.47455059E+01    1.321000  0.27678743E+02
   17.98601966  0.47535064E+01    1.322000  0.27801053E+02
   17.99962482  0.47317838E+01    1.323000  0.27749308E+02
   18.01322998  0.47293371E+01    1.324000  0.27810221E+02
   18.02683513  0.47283136E+01    1.325000  0.27879448E+02
   18.04044029  0.47263366E+01    1.326000  0.27943005E+02
   18.05404545  0.47058373E+01    1.327000  0.27896697E+02
   18.06765061  0.47052314E+01    1.328000  0.27967983E+02
   18.08125577  0.47195978E+01    1.329000  0.28128484E+02
   18.09486093  0.47011710E+01    1.330000  0.28093475E+02
   18.10846609  0.46922306E+01    1.331000  0.28114720E+02
   18.12207124  0.46858321E+01    1.332000  0.28150951E+02
   18.13567640  0.46993976E+01    1.333000  0.28307233E+02
   18.14928156  0.47125228E+01    1.334000  0.28461288E+02
   18.16288672  0.47158836E+01    1.335000  0.28556633E+02
   18.17649188  0.47182884E+01    1.336000  0.28646281E+02
   18.19009704  0.47090184E+01    1.337000  0.28664938E+02
   18.20370220  0.47142019E+01    1.338000  0.28771512E+02
   18.21730735  0.47160733E+01    1.339000  0.28857984E+02
   18.23091251  0.47063191E+01    1.340000  0.28873193E+02
   18.24451767  0.47182997E+01    1.341000  0.29021780E+02
   18.25812283  0.46975469E+01    1.342000  0.28968887E+02
   18.27172799  0.47045933E+01    1.343000  0.29087209E+02
   18.28533315  0.47082477E+01    1.344000  0.29184729E+02
   18.29893831  0.47042688E+01    1.345000  0.29234928E+02
   18.31254346  0.47029893E+01    1.346000  0.29301819E+02
   18.32614862  0.47302191E+01    1.347000  0.29546749E+02
   18.33975378  0.47243559E+01    1.348000  0.29585308E+02
   18.35335894  0.47239725E+01    1.349000  0.29658083E+02
   18.36696410  0.47342258E+01    1.350000  0.29797795E+02
   18.38056926  0.47305047E+01    1.351000  0.29849654E+02
   18.39417442  0.47241549E+01    1.352000  0.29884766E+02
   18.40777957  0.47141395E+01    1.353000  0.29896429E+02
   18.42138473  0.47021857E+01    1.354000  0.29895449E+02
   18.43498989  0.46905235E+01    1.355000  0.29895947E+02
   18.44859505  0.46838689E+01    1.356000  0.29928071E+02
   18.46220021  0.46723565E+01    1.357000  0.29928866E+02
   18.47580537  0.46586489E+01    1.358000  0.29915199E+02
   18.48941053  0.46448360E+01    1.359000  0.29900417E+02
   18.50301568  0.46572164E+01    1.360000  0.30054228E+02
   18.51662084  0.46646096E+01    1.361000  0.30176170E+02
   18.53022600  0.46496332E+01    1.362000  0.30153278E+02
   18.54383116  0.46354541E+01    1.363000  0.30135093E+02
   18.55743632  0.46278605E+01    1.364000  0.30159374E+02
   18.57104148  0.46105083E+01    1.365000  0.30119662E+02
   18.58464664  0.45915037E+01    1.366000  0.30068576E+02
   18.59825179  0.45976135E+01    1.367000  0.30181753E+02
   18.61185695  0.45833134E+01    1.368000  0.30160816E+02
   18.62546211  0.45772566E+01    1.369000  0.30193800E+02
   18.63906727  0.45706579E+01    1.370000  0.30223008E+02
   18.65267243  0.45502861E+01    1.371000  0.30160714E+02
   18.66627759  0.45695214E+01    1.372000  0.30360930E+02
   18.67988275  0.45536533E+01    1.373000  0.30327965E+02
   18.69348790  0.45548759E+01    1.374000  0.30408593E+02
   18.70709306  0.35341809E+02    1.375000  0.23650621E+03
   18.72069822  0.45249932E+01    1.376000  0.30353114E+02
   18.73430338  0.45211011E+01    1.377000  0.30398954E+02
   18.74790854  0.45129037E+01    1.378000  0.30415654E+02
   18.76151370  0.45044013E+01    1.379000  0.30430032E+02
   18.77511886  0.44841273E+01    1.380000  0.30364428E+02
   18.78872402  0.44678741E+01    1.381000  0.30325470E+02
   18.80232917  0.44776978E+01    1.382000  0.30463405E+02
   18.81593433  0.93238271E+01    1.383000  0.63581760E+02
   18.82953949  0.44683320E+01    1.384000  0.30541902E+02
   18.84314465  0.44722724E+01    1.385000  0.30640006E+02
   18.85674981  0.44623192E+01    1.386000  0.30642828E+02
   18.87035497  0.44611863E+01    1.387000  0.30706043E+02
   18.88396013  0.44527237E+01    1.388000  0.30718655E+02
   18.89756528  0.44513454E+01    1.389000  0.30779984E+02
   18.91117044  0.44503517E+01    1.390000  0.30843935E+02
   18.92477560  0.44478391E+01    1.391000  0.30897303E+02
   18.93838076  0.44425333E+01    1.392000  0.30931143E+02
   18.95198592  0.44257669E+01    1.393000  0.30884838E+02
   18.96559108  0.50182012E+01    1.394000  0.35098949E+02
   18.97919624  0.44211030E+01    1.395000  0.30993004E+02
   18.99280139  0.44224990E+01    1.396000  0.31073169E+02
   19.00640655  0.44102083E+01    1.397000  0.31056996E+02
   19.02001171  0.44121449E+01    1.398000  0.31140848E+02
   19.03361687  0.24202086E+02    1.399000  0.17120308E+03
   19.04722203  0.43928533E+01    1.400000  0.31144502E+02
   19.06082719  0.44131087E+01    1.401000  0.31358338E+02
   19.07443235  0.44047374E+01    1.402000  0.31368950E+02
   19.08803750  0.43878040E+01    1.403000  0.31318183E+02
   19.10164266  0.43906395E+01    1.404000  0.31408293E+02
   19.11524782  0.43780341E+01    1.405000  0.31387792E+02
   19.12885298  0.43759509E+01    1.406000  0.31442495E+02
   19.14245814  0.43795553E+01    1.407000  0.31538089E+02
   19.15606330  0.43846626E+01    1.408000  0.31644644E+02
   19.16966846  0.43841493E+01    1.409000  0.31710708E+02
   19.18327361  0.43840691E+01    1.410000  0.31779895E+02
   19.19687877  0.43761204E+01    1.411000  0.31791916E+02
   19.21048393  0.43714008E+01    1.412000  0.31827194E+02
   19.22408909  0.43751085E+01    1.413000  0.31923814E+02
   19.23769425  0.43661829E+01    1.414000  0.31928169E+02
   19.25129941  0.43629479E+01    1.415000  0.31973944E+02
   19.26490457  0.43613078E+01    1.416000  0.32031329E+02
   19.27850972  0.43664038E+01    1.417000  0.32138242E+02
   19.29211488  0.43628595E+01    1.418000  0.32181585E+02
   19.30572004  0.43644463E+01    1.419000  0.32262744E+02
   19.31932520  0.43588863E+01    1.420000  0.32291010E+02
   19.33293036  0.43584968E+01    1.421000  0.32357485E+02
   19.34653552  0.43506045E+01    1.422000  0.32368127E+02
   19.36014068  0.43525063E+01    1.423000  0.32451541E+02
   19.37374583  0.43437589E+01    1.424000  0.32455448E+02
   19.38735099  0.43444381E+01    1.425000  0.32529659E+02
   19.40095615  0.43469373E+01    1.426000  0.32617548E+02
   19.41456131  0.72165205E+01    1.427000  0.54264509E+02
   19.42816647  0.43346769E+01    1.428000  0.32663514E+02
   19.44177163  0.43284699E+01    1.429000  0.32685624E+02
   19.45537679  0.43298780E+01    1.430000  0.32765162E+02
   19.46898194  0.43251634E+01    1.431000  0.32798315E+02
   19.48258710  0.43128222E+01    1.432000  0.32773363E+02
   19.49619226  0.43155714E+01    1.433000  0.32862932E+02
   19.50979742  0.44904153E+01    1.434000  0.34265822E+02
   19.52340258  0.54381749E+01    1.435000  0.41584604E+02
   19.53700774  0.43214722E+01    1.436000  0.33114179E+02
   19.55061290  0.43145703E+01    1.437000  0.33129953E+02
   19.56421805  0.43043838E+01    1.438000  0.33120234E+02
   19.57782321  0.43050558E+01    1.439000  0.33193914E+02
   19.59142837  0.42941699E+01    1.440000  0.33178316E+02
   19.99958313  0.46718899E+01    1.470000  0.38327142E+02
   24.99947891  0.32302014E+01    1.837500  0.45391095E+02
   29.99937469  0.25128462E+01    2.205000  0.50006674E+02
   34.99927048  0.20337749E+01    2.572500  0.52367120E+02
   39.99916626  0.16754136E+01    2.940000  0.52938122E+02
   44.99906204  0.13868628E+01    3.307500  0.51931585E+02
   49.99895782  0.11634644E+01    3.675000  0.50370659E+02
   54.99885361  0.98980583E+00    4.042500  0.48641038E+02
   59.99874939  0.85225973E+00    4.410000  0.46866033E+02
   64.99864517  0.74164006E+00    4.777500  0.45120369E+02
   69.99854095  0.65136383E+00    5.145000  0.43437469E+02
   74.99843674  0.57677625E+00    5.512500  0.41836621E+02
   79.99833252  0.51447329E+00    5.880000  0.40326262E+02
   84.99822830  0.46201302E+00    6.247500  0.38916237E+02
   89.99812408  0.41721102E+00    6.615000  0.37582462E+02
   94.99801987  0.37885526E+00    6.982500  0.36343032E+02
   99.99791565  0.34575116E+00    7.350000  0.35189467E+02
  104.99781143  0.31696077E+00    7.717500  0.34112958E+02
  109.99770721  0.29178233E+00    8.085000  0.33109560E+02
  114.99760300  0.26961457E+00    8.452500  0.32170899E+02
  119.99749878  0.25003038E+00    8.820000  0.31296335E+02
  124.99739456  0.23260223E+00    9.187500  0.30475183E+02
  129.99729034  0.21705037E+00    9.555000  0.29706982E+02
  134.99718613  0.20310009E+00    9.922500  0.28985446E+02
