       eV          sigma            Ry          om               in 10^-16                                                                       
   13.26777923  0.00000000E+00    0.975202  0.00000000E+00
   13.27863479  0.14345010E-02    0.976000  0.69832838E-02
   13.30584510  0.26591995E-02    0.978000  0.12981502E-01
   13.31945026  0.26030984E-02    0.979000  0.12725385E-01
   13.33305542  0.25581564E-02    0.980000  0.12523131E-01
   13.34666058  0.23083941E-02    0.981000  0.11316195E-01
   13.36026574  0.24771248E-02    0.982000  0.12160240E-01
   13.37387090  0.22908745E-02    0.983000  0.11261559E-01
   13.38747605  0.21488940E-02    0.984000  0.10578262E-01
   13.40108121  0.21386927E-02    0.985000  0.10542631E-01
   13.41468637  0.24992216E-02    0.986000  0.12336894E-01
   13.42829153  0.28829177E-02    0.987000  0.14250593E-01
   13.44189669  0.31328102E-02    0.988000  0.15507207E-01
   13.45550185  0.28882415E-02    0.989000  0.14316306E-01
   13.46910701  0.31774519E-02    0.990000  0.15771522E-01
   13.48271216  0.34102563E-02    0.991000  0.16950323E-01
   13.49631732  0.36576861E-02    0.992000  0.18205093E-01
   13.50992248  0.39115382E-02    0.993000  0.19495247E-01
   13.52352764  0.44883978E-02    0.994000  0.22400948E-01
   13.53713280  0.45764522E-02    0.995000  0.22871627E-01
   13.55073796  0.48515224E-02    0.996000  0.24279427E-01
   13.56434312  0.51523041E-02    0.997000  0.25819828E-01
   13.57794827  0.54833645E-02    0.998000  0.27516274E-01
   13.59155343  0.58812160E-02    0.999000  0.29552858E-01
   13.60515859  0.59576037E-02    1.000000  0.29977335E-01
   13.61876375  0.47277277E-02    1.001000  0.23821117E-01
   13.63236891  0.28998759E-02    1.002000  0.14631085E-01
   13.64597407  0.25935301E-02    1.003000  0.13103131E-01
   13.65957923  0.29655945E-02    1.004000  0.15003115E-01
   13.67318438  0.29839913E-02    1.005000  0.15116537E-01
   13.70039470  0.32568893E-02    1.007000  0.16543430E-01
   13.71399986  0.37197586E-02    1.008000  0.18919953E-01
   13.75481534  0.22722909E-02    1.011000  0.11604134E-01
   13.76842049  0.23019540E-02    1.012000  0.11771317E-01
   13.78202565  0.23676366E-02    1.013000  0.12123341E-01
   13.79563081  0.24334607E-02    1.014000  0.12476986E-01
   13.80923597  0.22439852E-02    1.015000  0.11520800E-01
   13.82284113  0.25501235E-02    1.016000  0.13109931E-01
   13.83644629  0.26070414E-02    1.017000  0.13420321E-01
   13.85005145  0.24354608E-02    1.018000  0.12553682E-01
   13.86365660  0.26193207E-02    1.019000  0.13519260E-01
   13.87726176  0.26893262E-02    1.020000  0.13898925E-01
   13.89086692  0.25059363E-02    1.021000  0.12968224E-01
   13.90447208  0.27428636E-02    1.022000  0.14213030E-01
   13.91807724  0.30396735E-02    1.023000  0.15771777E-01
   13.93168240  0.31172508E-02    1.024000  0.16195558E-01
   13.94528756  0.30307570E-02    1.025000  0.15766853E-01
   13.95889272  0.31855907E-02    1.026000  0.16594068E-01
   13.97249787  0.30433172E-02    1.027000  0.15873707E-01
   13.98610303  0.32789980E-02    1.028000  0.17125363E-01
   13.99970819  0.33624986E-02    1.029000  0.17584398E-01
   14.01331335  0.33898491E-02    1.030000  0.17750549E-01
   14.02691851  0.34203972E-02    1.031000  0.17933838E-01
   14.04052367  0.29801986E-02    1.032000  0.15646113E-01
   14.05412883  0.28918820E-02    1.033000  0.15202172E-01
   14.06773398  0.26847611E-02    1.034000  0.14131680E-01
   14.08133914  0.25563285E-02    1.035000  0.13473089E-01
   14.09494430  0.28356648E-02    1.036000  0.14964666E-01
   14.10854946  0.28473930E-02    1.037000  0.15045979E-01
   14.12215462  0.30445068E-02    1.038000  0.16108317E-01
   14.13575978  0.27655714E-02    1.039000  0.14651347E-01
   14.14936494  0.25684495E-02    1.040000  0.13624559E-01
   14.16297009  0.27111971E-02    1.041000  0.14400267E-01
   14.17657525  0.28161252E-02    1.042000  0.14976789E-01
   14.19018041  0.34222024E-02    1.043000  0.18223384E-01
   14.20378557  0.38278119E-02    1.044000  0.20409380E-01
   14.21739073  0.30187469E-02    1.045000  0.16116142E-01
   14.23099589  0.34094235E-02    1.046000  0.18225095E-01
   14.24460105  0.35549406E-02    1.047000  0.19027203E-01
   14.25820620  0.40100414E-02    1.048000  0.21490400E-01
   14.27181136  0.38370488E-02    1.049000  0.20589477E-01
   14.28541652  0.38519369E-02    1.050000  0.20695637E-01
   14.29902168  0.39256405E-02    1.051000  0.21118404E-01
   14.31262684  0.37521771E-02    1.052000  0.20210830E-01
   14.32623200  0.36069208E-02    1.053000  0.19453017E-01
   14.33983716  0.36012371E-02    1.054000  0.19446925E-01
   14.35344231  0.37863920E-02    1.055000  0.20472598E-01
   14.36704747  0.35288279E-02    1.056000  0.19104045E-01
   14.38065263  0.38876328E-02    1.057000  0.21073024E-01
   14.39425779  0.40138621E-02    1.058000  0.21784629E-01
   14.40786295  0.37964825E-02    1.059000  0.20630727E-01
   14.42146811  0.36703123E-02    1.060000  0.19970129E-01
   14.43507327  0.38569192E-02    1.061000  0.21011760E-01
   14.44867842  0.39776456E-02    1.062000  0.21696583E-01
   14.46228358  0.41588334E-02    1.063000  0.22713259E-01
   14.47588874  0.41782920E-02    1.064000  0.22848028E-01
   14.48949390  0.42282200E-02    1.065000  0.23149885E-01
   14.50309906  0.43859540E-02    1.066000  0.24043406E-01
   14.51670422  0.46188548E-02    1.067000  0.25351649E-01
   14.53030938  0.47578213E-02    1.068000  0.26146848E-01
   14.54391453  0.44949513E-02    1.069000  0.24732889E-01
   14.55751969  0.47605999E-02    1.070000  0.26227054E-01
   14.57112485  0.48566114E-02    1.071000  0.26789123E-01
   14.58473001  0.46947372E-02    1.072000  0.25928242E-01
   14.59833517  0.45757156E-02    1.073000  0.25302113E-01
   14.61194033  0.44521751E-02    1.074000  0.24649342E-01
   14.62554549  0.43049284E-02    1.075000  0.23863475E-01
   14.63915064  0.41232731E-02    1.076000  0.22884628E-01
   14.65275580  0.41465786E-02    1.077000  0.23042257E-01
   14.66636096  0.41284954E-02    1.078000  0.22969927E-01
   14.67996612  0.38865278E-02    1.079000  0.21650186E-01
   14.69357128  0.41156790E-02    1.080000  0.22954759E-01
   14.70717644  0.39544126E-02    1.081000  0.22082283E-01
   14.72078160  0.40694839E-02    1.082000  0.22752620E-01
   14.73438675  0.36431241E-02    1.083000  0.20393675E-01
   14.74799191  0.36949667E-02    1.084000  0.20709083E-01
   14.76159707  0.36718218E-02    1.085000  0.20604406E-01
   14.77520223  0.38155999E-02    1.086000  0.21437239E-01
   14.78880739  0.37256429E-02    1.087000  0.20957242E-01
   14.80241255  0.32128688E-02    1.088000  0.18094731E-01
   14.81601771  0.32299512E-02    1.089000  0.18212967E-01
   14.82962286  0.31639521E-02    1.090000  0.17862392E-01
   14.84322802  0.31929930E-02    1.091000  0.18048122E-01
   14.85683318  0.31183731E-02    1.092000  0.17647607E-01
   14.87043834  0.31612613E-02    1.093000  0.17911882E-01
   14.88404350  0.30207886E-02    1.094000  0.17136558E-01
   14.89764866  0.29463211E-02    1.095000  0.16734208E-01
   14.91125382  0.31383588E-02    1.096000  0.17846328E-01
   14.92485898  0.34906240E-02    1.097000  0.19873296E-01
   14.93846413  0.34025906E-02    1.098000  0.19395299E-01
   14.95206929  0.38857998E-02    1.099000  0.22176169E-01
   14.96567445  0.35356798E-02    1.100000  0.20202156E-01
   14.97927961  0.33329772E-02    1.101000  0.19066686E-01
   14.99288477  0.33314980E-02    1.102000  0.19080946E-01
   15.00648993  0.32611396E-02    1.103000  0.18700214E-01
   15.02009509  0.32832860E-02    1.104000  0.18849600E-01
   15.03370024  0.33009291E-02    1.105000  0.18973403E-01
   15.04730540  0.34111433E-02    1.106000  0.19630168E-01
   15.06091056  0.34047324E-02    1.107000  0.19616496E-01
   15.07451572  0.31412880E-02    1.108000  0.18120075E-01
   15.08812088  0.30437272E-02    1.109000  0.17578068E-01
   15.10172604  0.30293180E-02    1.110000  0.17515513E-01
   15.11533120  0.29910631E-02    1.111000  0.17314723E-01
   15.12893635  0.32253764E-02    1.112000  0.18693118E-01
   15.14254151  0.31360549E-02    1.113000  0.18196831E-01
   15.15614667  0.31906307E-02    1.114000  0.18535266E-01
   15.16975183  0.33152199E-02    1.115000  0.19281650E-01
   15.18335699  0.33051680E-02    1.116000  0.19245729E-01
   15.19696215  0.32533145E-02    1.117000  0.18965978E-01
   15.21056731  0.31418551E-02    1.118000  0.18337627E-01
   15.22417246  0.31001043E-02    1.119000  0.18115089E-01
   15.23777762  0.31291302E-02    1.120000  0.18306040E-01
   15.25138278  0.30662530E-02    1.121000  0.17959108E-01
   15.26498794  0.31747838E-02    1.122000  0.18616428E-01
   15.27859310  0.32732029E-02    1.123000  0.19215866E-01
   15.29219826  0.33329173E-02    1.124000  0.19589160E-01
   15.30580342  0.36079866E-02    1.125000  0.21230482E-01
   15.31940857  0.38581079E-02    1.126000  0.22728584E-01
   15.33301373  0.31145975E-02    1.127000  0.18369716E-01
   15.34661889  0.35717231E-02    1.128000  0.21090176E-01
   15.36022405  0.38426726E-02    1.129000  0.22716276E-01
   15.37382921  0.37075395E-02    1.130000  0.21942712E-01
   15.38743437  0.36102340E-02    1.131000  0.21391441E-01
   15.40103953  0.37126434E-02    1.132000  0.22023561E-01
   15.41464468  0.37966649E-02    1.133000  0.22547874E-01
   15.42824984  0.40592398E-02    1.134000  0.24134955E-01
   15.44185500  0.41866317E-02    1.135000  0.24920941E-01
   15.45546016  0.41250142E-02    1.136000  0.24582296E-01
   15.46906532  0.40255447E-02    1.137000  0.24016980E-01
   15.48267048  0.39880603E-02    1.138000  0.23820542E-01
   15.50988079  0.38884919E-02    1.140000  0.23278864E-01
   15.52348595  0.39080333E-02    1.141000  0.23422504E-01
   15.53709111  0.38517855E-02    1.142000  0.23111657E-01
   15.55069627  0.41180834E-02    1.143000  0.24737596E-01
   15.56430143  0.41392478E-02    1.144000  0.24892962E-01
   15.57790659  0.37849326E-02    1.145000  0.22787965E-01
   15.59151175  0.39533529E-02    1.146000  0.23828937E-01
   15.60511690  0.42287462E-02    1.147000  0.25517718E-01
   15.61872206  0.42510197E-02    1.148000  0.25681117E-01
   15.63232722  0.41602362E-02    1.149000  0.25161052E-01
   15.64593238  0.42501630E-02    1.150000  0.25733915E-01
   15.65953754  0.43241108E-02    1.151000  0.26211146E-01
   15.67314270  0.42493692E-02    1.152000  0.25787072E-01
   15.68674786  0.45641044E-02    1.153000  0.27728154E-01
   15.70035301  0.42216871E-02    1.154000  0.25676670E-01
   15.71395817  0.40209488E-02    1.155000  0.24483186E-01
   15.72756333  0.40060216E-02    1.156000  0.24419617E-01
   15.74116849  0.40810997E-02    1.157000  0.24905107E-01
   15.75477365  0.39796657E-02    1.158000  0.24313243E-01
   15.76837881  0.41513564E-02    1.159000  0.25390478E-01
   15.78198397  0.40689608E-02    1.160000  0.24914282E-01
   15.79558912  0.41720818E-02    1.161000  0.25574147E-01
   15.80919428  0.41164091E-02    1.162000  0.25260958E-01
   15.82279944  0.40401262E-02    1.163000  0.24820391E-01
   15.83640460  0.40054023E-02    1.164000  0.24634383E-01
   15.85000976  0.38998595E-02    1.165000  0.24011862E-01
   15.86361492  0.37959099E-02    1.166000  0.23397722E-01
   15.87722008  0.38938413E-02    1.167000  0.24027921E-01
   15.89082524  0.38246672E-02    1.168000  0.23627150E-01
   15.90443039  0.35184209E-02    1.169000  0.21759288E-01
   15.91803555  0.35626576E-02    1.170000  0.22057163E-01
   15.93164071  0.35503059E-02    1.171000  0.22004905E-01
   15.94524587  0.34216203E-02    1.172000  0.21230644E-01
   15.95885103  0.34091346E-02    1.173000  0.21176423E-01
   15.97245619  0.35856483E-02    1.174000  0.22297323E-01
   15.98606135  0.36698824E-02    1.175000  0.22846161E-01
   15.99966650  0.33108498E-02    1.176000  0.20633652E-01
   16.01327166  0.31970182E-02    1.177000  0.19946043E-01
   16.02687682  0.31090761E-02    1.178000  0.19418581E-01
   16.04048198  0.32512494E-02    1.179000  0.20328737E-01
   16.05408714  0.30412699E-02    1.180000  0.19036563E-01
   16.06769230  0.30599789E-02    1.181000  0.19174540E-01
   16.08129746  0.31387207E-02    1.182000  0.19689361E-01
   16.09490261  0.31373199E-02    1.183000  0.19701971E-01
   16.10850777  0.30201303E-02    1.184000  0.18986633E-01
   16.12211293  0.30858286E-02    1.185000  0.19420704E-01
   16.13571809  0.30811014E-02    1.186000  0.19411967E-01
   16.14932325  0.29668640E-02    1.187000  0.18712468E-01
   16.16292841  0.29850357E-02    1.188000  0.18847438E-01
   16.17653357  0.29082222E-02    1.189000  0.18382274E-01
   16.19013872  0.30411447E-02    1.190000  0.19243191E-01
   16.20374388  0.31293416E-02    1.191000  0.19822610E-01
   16.21734904  0.32513090E-02    1.192000  0.20617379E-01
   16.23095420  0.31687499E-02    1.193000  0.20115462E-01
   16.24455936  0.30846586E-02    1.194000  0.19602682E-01
   16.25816452  0.29782107E-02    1.195000  0.18946529E-01
   16.27176968  0.28994325E-02    1.196000  0.18465139E-01
   16.28537483  0.29976695E-02    1.197000  0.19111210E-01
   16.29897999  0.31005240E-02    1.198000  0.19788090E-01
   16.31258515  0.29622819E-02    1.199000  0.18926008E-01
   16.32619031  0.29569811E-02    1.200000  0.18912308E-01
   16.33979547  0.31098390E-02    1.201000  0.19911169E-01
   16.35340063  0.29238866E-02    1.202000  0.18740525E-01
   16.36700579  0.28809972E-02    1.203000  0.18485276E-01
   16.39421610  0.30164958E-02    1.205000  0.19395819E-01
   16.40782126  0.29962857E-02    1.206000  0.19286305E-01
   16.42142642  0.29343828E-02    1.207000  0.18907865E-01
   16.43503158  0.28338392E-02    1.208000  0.18279334E-01
   16.44863674  0.28544517E-02    1.209000  0.18431760E-01
   16.46224190  0.28269476E-02    1.210000  0.18273441E-01
   16.47584705  0.29222791E-02    1.211000  0.18909596E-01
   16.48945221  0.29399784E-02    1.212000  0.19044177E-01
   16.50305737  0.31420447E-02    1.213000  0.20374523E-01
   16.51666253  0.31823945E-02    1.214000  0.20657875E-01
   16.53026769  0.32128443E-02    1.215000  0.20877446E-01
   16.54387285  0.32282314E-02    1.216000  0.20999450E-01
   16.55747801  0.33454888E-02    1.217000  0.21785019E-01
   16.57108316  0.34841613E-02    1.218000  0.22711784E-01
   16.58468832  0.34587701E-02    1.219000  0.22569859E-01
   16.59829348  0.34842998E-02    1.220000  0.22760214E-01
   16.61189864  0.34052814E-02    1.221000  0.22267273E-01
   16.62550380  0.37042424E-02    1.222000  0.24247455E-01
   16.63910896  0.36911640E-02    1.223000  0.24187020E-01
   16.65271412  0.39753936E-02    1.224000  0.26076599E-01
   16.67992443  0.44587983E-02    1.226000  0.29308312E-01
   16.69352959  0.43312617E-02    1.227000  0.28499536E-01
   16.70713475  0.44213155E-02    1.228000  0.29122241E-01
   16.72073991  0.45453418E-02    1.229000  0.29970175E-01
   16.73434507  0.46231256E-02    1.230000  0.30514581E-01
   16.74795023  0.47491561E-02    1.231000  0.31378826E-01
   16.76155538  0.46370046E-02    1.232000  0.30669439E-01
   16.77516054  0.47595529E-02    1.233000  0.31512442E-01
   16.78876570  0.43876951E-02    1.234000  0.29080340E-01
   16.80237086  0.51269187E-02    1.235000  0.34014661E-01
   16.81597602  0.43809882E-02    1.236000  0.29095647E-01
   16.82958118  0.43481762E-02    1.237000  0.28907387E-01
   16.84318634  0.43885821E-02    1.238000  0.29205943E-01
   16.85679150  0.44148334E-02    1.239000  0.29410755E-01
   16.87039665  0.42696616E-02    1.240000  0.28472769E-01
   16.88400181  0.42269628E-02    1.241000  0.28216855E-01
   16.89760697  0.41307569E-02    1.242000  0.27602811E-01
   16.91121213  0.39699704E-02    1.243000  0.26555469E-01
   16.92481729  0.39316354E-02    1.244000  0.26325857E-01
   16.93842245  0.39131022E-02    1.245000  0.26228449E-01
   16.95202761  0.38688441E-02    1.246000  0.25958185E-01
   16.96563276  0.38285998E-02    1.247000  0.25714276E-01
   16.97923792  0.35164557E-02    1.248000  0.23641785E-01
   16.99284308  0.37326855E-02    1.249000  0.25120996E-01
   17.00644824  0.36901768E-02    1.250000  0.24860080E-01
   17.02005340  0.37575206E-02    1.251000  0.25339390E-01
   17.03365856  0.37371635E-02    1.252000  0.25227597E-01
   17.04726372  0.37333277E-02    1.253000  0.25227166E-01
   17.06086887  0.37078135E-02    1.254000  0.25080047E-01
   17.07447403  0.37432314E-02    1.255000  0.25345147E-01
   17.08807919  0.36408879E-02    1.256000  0.24677018E-01
   17.10168435  0.36413291E-02    1.257000  0.24704843E-01
   17.11528951  0.36508865E-02    1.258000  0.24794586E-01
   17.12889467  0.36930541E-02    1.259000  0.25106150E-01
   17.14249983  0.34305351E-02    1.260000  0.23344888E-01
   17.15610498  0.34005020E-02    1.261000  0.23163704E-01
   17.16971014  0.34843191E-02    1.262000  0.23758417E-01
   17.18331530  0.33956092E-02    1.263000  0.23176692E-01
   17.19692046  0.34208490E-02    1.264000  0.23372297E-01
   17.21052562  0.33557993E-02    1.265000  0.22950745E-01
   17.22413078  0.32586902E-02    1.266000  0.22308828E-01
   17.23773594  0.33127653E-02    1.267000  0.22701617E-01
   17.25134109  0.32783900E-02    1.268000  0.22488410E-01
   17.26494625  0.34500900E-02    1.269000  0.23689732E-01
   17.27855141  0.33461093E-02    1.270000  0.22998579E-01
   17.29215657  0.32266277E-02    1.271000  0.22199361E-01
   17.30576173  0.32726036E-02    1.272000  0.22537997E-01
   17.31936689  0.31907720E-02    1.273000  0.21996195E-01
   17.33297205  0.32023638E-02    1.274000  0.22097946E-01
   17.34657720  0.31510272E-02    1.275000  0.21765188E-01
   17.36018236  0.32952912E-02    1.276000  0.22784142E-01
   17.37378752  0.30840103E-02    1.277000  0.21344347E-01
   17.38739268  0.29367296E-02    1.278000  0.20345051E-01
   17.40099784  0.26890594E-02    1.279000  0.18647583E-01
   17.41460300  0.26335998E-02    1.280000  0.18280954E-01
   17.42820816  0.27306490E-02    1.281000  0.18973238E-01
   17.44181331  0.28401412E-02    1.282000  0.19753388E-01
   17.45541847  0.27127571E-02    1.283000  0.18885924E-01
   17.46902363  0.26848605E-02    1.284000  0.18710022E-01
   17.48262879  0.28272672E-02    1.285000  0.19721696E-01
   17.49623395  0.27984179E-02    1.286000  0.19539542E-01
   17.50983911  0.27187890E-02    1.287000  0.19002088E-01
   17.52344427  0.27211949E-02    1.288000  0.19037462E-01
   17.53704942  0.27772088E-02    1.289000  0.19448276E-01
   17.55065458  0.27613714E-02    1.290000  0.19356203E-01
   17.56425974  0.27671731E-02    1.291000  0.19415743E-01
   17.57786490  0.27333971E-02    1.292000  0.19197398E-01
   17.59147006  0.26733552E-02    1.293000  0.18793940E-01
   17.60507522  0.26559658E-02    1.294000  0.18689805E-01
   17.61868038  0.24570964E-02    1.295000  0.17307136E-01
   17.63228553  0.25502005E-02    1.296000  0.17980329E-01
   17.64589069  0.25585245E-02    1.297000  0.18056468E-01
   17.65949585  0.25552861E-02    1.298000  0.18051041E-01
   17.67310101  0.25580694E-02    1.299000  0.18088149E-01
   17.68670617  0.25583407E-02    1.300000  0.18107516E-01
   17.70031133  0.24897714E-02    1.301000  0.17639174E-01
   17.71391649  0.24789738E-02    1.302000  0.17579584E-01
   17.72752164  0.24807749E-02    1.303000  0.17609276E-01
   17.74112680  0.25164762E-02    1.304000  0.17879857E-01
   17.75473196  0.25482913E-02    1.305000  0.18123287E-01
   17.76833712  0.25463732E-02    1.306000  0.18127012E-01
   17.78194228  0.25739394E-02    1.307000  0.18340804E-01
   17.79554744  0.25801623E-02    1.308000  0.18402743E-01
   17.80915260  0.26061591E-02    1.309000  0.18605937E-01
   17.82275776  0.27185817E-02    1.310000  0.19427088E-01
   17.83636291  0.25204082E-02    1.311000  0.18028122E-01
   17.84996807  0.26867850E-02    1.312000  0.19236516E-01
   17.86357323  0.26579029E-02    1.313000  0.19047857E-01
   17.87717839  0.26734779E-02    1.314000  0.19177709E-01
   17.89078355  0.28233830E-02    1.315000  0.20272282E-01
   17.90438871  0.24597101E-02    1.316000  0.17677836E-01
   17.91799387  0.25999921E-02    1.317000  0.18703769E-01
   17.93159902  0.25492483E-02    1.318000  0.18356116E-01
   17.94520418  0.27437485E-02    1.319000  0.19775347E-01
   17.95880934  0.25678649E-02    1.320000  0.18525193E-01
   17.97241450  0.26330331E-02    1.321000  0.19013290E-01
   17.98601966  0.26215005E-02    1.322000  0.18947892E-01
   17.99962482  0.25779692E-02    1.323000  0.18650835E-01
   18.01322998  0.27324112E-02    1.324000  0.19786812E-01
   18.02683513  0.27762545E-02    1.325000  0.20123239E-01
   18.04044029  0.26481485E-02    1.326000  0.19212744E-01
   18.05404545  0.24117874E-02    1.327000  0.17514355E-01
   18.06765061  0.27619197E-02    1.328000  0.20075846E-01
   18.08125577  0.26010118E-02    1.329000  0.18923978E-01
   18.09486093  0.28203053E-02    1.330000  0.20538709E-01
   18.10846609  0.27812703E-02    1.331000  0.20273408E-01
   18.12207124  0.27615137E-02    1.332000  0.20148231E-01
   18.13567640  0.29268682E-02    1.333000  0.21374633E-01
   18.14928156  0.28877078E-02    1.334000  0.21108343E-01
   18.16288672  0.30234418E-02    1.335000  0.22121141E-01
   18.17649188  0.30216134E-02    1.336000  0.22128372E-01
   18.19009704  0.30674483E-02    1.337000  0.22484958E-01
   18.20370220  0.32118457E-02    1.338000  0.23565323E-01
   18.21730735  0.30957269E-02    1.339000  0.22734472E-01
   18.23091251  0.30141557E-02    1.340000  0.22155985E-01
   18.24451767  0.31794011E-02    1.341000  0.23392329E-01
   18.25812283  0.33204064E-02    1.342000  0.24452416E-01
   18.27172799  0.32687548E-02    1.343000  0.24094333E-01
   18.28533315  0.32532615E-02    1.344000  0.24002318E-01
   18.29893831  0.33705689E-02    1.345000  0.24890791E-01
   18.31254346  0.34207043E-02    1.346000  0.25284358E-01
   18.32614862  0.33771595E-02    1.347000  0.24985527E-01
   18.33975378  0.33612995E-02    1.348000  0.24891113E-01
   18.35335894  0.34547478E-02    1.349000  0.25606679E-01
   18.36696410  0.33538132E-02    1.350000  0.24881423E-01
   18.38056926  0.34251684E-02    1.351000  0.25434156E-01
   18.39417442  0.32472509E-02    1.352000  0.24135147E-01
   18.40777957  0.32224925E-02    1.353000  0.23973109E-01
   18.42138473  0.31103775E-02    1.354000  0.23160264E-01
   18.43498989  0.32810023E-02    1.355000  0.24453135E-01
   18.44859505  0.31666813E-02    1.356000  0.23622704E-01
   18.46220021  0.30084587E-02    1.357000  0.22462919E-01
   18.47580537  0.31080517E-02    1.358000  0.23227736E-01
   18.48941053  0.31279216E-02    1.359000  0.23397565E-01
   18.50301568  0.31119572E-02    1.360000  0.23299372E-01
   18.51662084  0.29917801E-02    1.361000  0.22420005E-01
   18.53022600  0.30794571E-02    1.362000  0.23098047E-01
   18.54383116  0.30213457E-02    1.363000  0.22682778E-01
   18.55743632  0.30004112E-02    1.364000  0.22546075E-01
   18.57104148  0.30318207E-02    1.365000  0.22802774E-01
   18.58464664  0.30281638E-02    1.366000  0.22795923E-01
   18.59825179  0.29541914E-02    1.367000  0.22259209E-01
   18.61185695  0.29443394E-02    1.368000  0.22205057E-01
   18.62546211  0.29914420E-02    1.369000  0.22580689E-01
   18.63906727  0.30216185E-02    1.370000  0.22829082E-01
   18.65267243  0.29269742E-02    1.371000  0.22133983E-01
   18.66627759  0.29303659E-02    1.372000  0.22179617E-01
   18.67988275  0.29764400E-02    1.373000  0.22548647E-01
   18.69348790  0.30437056E-02    1.374000  0.23078990E-01
   18.70709306  0.65129565E-02    1.375000  0.49429110E-01
   18.72069822  0.29899512E-02    1.376000  0.22712180E-01
   18.73430338  0.30476000E-02    1.377000  0.23170875E-01
   18.74790854  0.28793074E-02    1.378000  0.21910986E-01
   18.76151370  0.28104649E-02    1.379000  0.21406275E-01
   18.77511886  0.26006467E-02    1.380000  0.19825904E-01
   18.78872402  0.24923981E-02    1.381000  0.19017675E-01
   18.80232917  0.25465700E-02    1.382000  0.19448389E-01
   18.81593433  0.26522336E-02    1.383000  0.20273441E-01
   18.82953949  0.23641824E-02    1.384000  0.18087727E-01
   18.84314465  0.23600556E-02    1.385000  0.18072250E-01
   18.85674981  0.23217458E-02    1.386000  0.17794725E-01
   18.87035497  0.23173827E-02    1.387000  0.17777090E-01
   18.88396013  0.23401149E-02    1.388000  0.17967433E-01
   18.89756528  0.23083475E-02    1.389000  0.17739266E-01
   18.91117044  0.21716570E-02    1.390000  0.16703633E-01
   18.92477560  0.22899436E-02    1.391000  0.17629071E-01
   18.93838076  0.23879120E-02    1.392000  0.18399564E-01
   18.95198592  0.22686673E-02    1.393000  0.17496221E-01
   18.96559108  0.22314319E-02    1.394000  0.17224276E-01
   18.97919624  0.22391605E-02    1.395000  0.17299204E-01
   18.99280139  0.23003635E-02    1.396000  0.17787733E-01
   19.00640655  0.22410209E-02    1.397000  0.17344146E-01
   19.02001171  0.22347558E-02    1.398000  0.17310899E-01
   19.03361687  0.22330929E-02    1.399000  0.17313248E-01
   19.04722203  0.22638343E-02    1.400000  0.17567027E-01
   19.06082719  0.22220677E-02    1.401000  0.17258079E-01
   19.07443235  0.21765098E-02    1.402000  0.16919090E-01
   19.08803750  0.21467997E-02    1.403000  0.16702780E-01
   19.10164266  0.21240037E-02    1.404000  0.16539906E-01
   19.11524782  0.20752768E-02    1.405000  0.16174617E-01
   19.12885298  0.20234371E-02    1.406000  0.15784381E-01
   19.14245814  0.20359696E-02    1.407000  0.15896030E-01
   19.15606330  0.19752088E-02    1.408000  0.15435105E-01
   19.16966846  0.19288113E-02    1.409000  0.15085691E-01
   19.18327361  0.19751302E-02    1.410000  0.15461433E-01
   19.19687877  0.19614393E-02    1.411000  0.15367637E-01
   19.21048393  0.18983291E-02    1.412000  0.14886123E-01
   19.22408909  0.19488707E-02    1.413000  0.15295747E-01
   19.23769425  0.19065236E-02    1.414000  0.14976388E-01
   19.25129941  0.19570682E-02    1.415000  0.15386780E-01
   19.26490457  0.19231021E-02    1.416000  0.15132849E-01
   19.27850972  0.19714452E-02    1.417000  0.15526706E-01
   19.29211488  0.19180135E-02    1.418000  0.15118970E-01
   19.30572004  0.18926350E-02    1.419000  0.14931829E-01
   19.31932520  0.18627662E-02    1.420000  0.14708885E-01
   19.33293036  0.19831196E-02    1.421000  0.15672752E-01
   19.34653552  0.19763915E-02    1.422000  0.15633059E-01
   19.36014068  0.19528842E-02    1.423000  0.15460437E-01
   19.37374583  0.19679506E-02    1.424000  0.15593136E-01
   19.38735099  0.19943108E-02    1.425000  0.15815603E-01
   19.40095615  0.19687626E-02    1.426000  0.15626424E-01
   19.41456131  0.19804534E-02    1.427000  0.15732723E-01
   19.42816647  0.19128867E-02    1.428000  0.15209020E-01
   19.44177163  0.20255182E-02    1.429000  0.16118347E-01
   19.45537679  0.19813750E-02    1.430000  0.15780585E-01
   19.46898194  0.19801660E-02    1.431000  0.15784461E-01
   19.48258710  0.19288746E-02    1.432000  0.15388758E-01
   19.49619226  0.20605922E-02    1.433000  0.16453668E-01
   19.50979742  0.20467417E-02    1.434000  0.16357032E-01
   19.52340258  0.20247209E-02    1.435000  0.16194856E-01
   19.53700774  0.20467003E-02    1.436000  0.16384619E-01
   19.55061290  0.19508961E-02    1.437000  0.15630975E-01
   19.56421805  0.21078039E-02    1.438000  0.16902528E-01
   19.57782321  0.21690306E-02    1.439000  0.17408299E-01
   19.59142837  0.22459984E-02    1.440000  0.18041349E-01
   19.99958313  0.24133986E-02    1.470000  0.19879814E-01
   24.99947891  0.15261761E-02    1.837500  0.16396764E-01
   29.99937469  0.14567656E-02    2.205000  0.19302309E-01
   34.99927048  0.10902105E-02    2.572500  0.17177940E-01
   39.99916626  0.95337718E-03    2.940000  0.17411486E-01
   44.99906204  0.87674830E-03    3.307500  0.18209517E-01
   49.99895782  0.73761396E-03    3.675000  0.17168555E-01
   54.99885361  0.66393517E-03    4.042500  0.17117724E-01
   59.99874939  0.58869298E-03    4.410000  0.16653326E-01
   64.99864517  0.49965810E-03    4.777500  0.15387004E-01
   69.99854095  0.42478079E-03    5.145000  0.14145832E-01
   74.99843674  0.36220512E-03    5.512500  0.12969808E-01
   79.99833252  0.30928490E-03    5.880000  0.11850044E-01
   84.99822830  0.27182375E-03    6.247500  0.11096050E-01
   89.99812408  0.23180565E-03    6.615000  0.10043484E-01
   94.99801987  0.20337700E-03    6.982500  0.93214992E-02
   99.99791565  0.17886569E-03    7.350000  0.86463707E-02
  104.99781143  0.15829147E-03    7.717500  0.80485580E-02
  109.99770721  0.14098411E-03    8.085000  0.75219058E-02
  114.99760300  0.12543878E-03    8.452500  0.70069202E-02
  119.99749878  0.11241738E-03    8.820000  0.65613199E-02
  124.99739456  0.10105459E-03    9.187500  0.61514081E-02
  129.99729034  0.91124159E-04    9.555000  0.57753170E-02
  134.99718613  0.82498107E-04    9.922500  0.54353854E-02
