       eV          sigma            Ry          om               in 10^-16                                                                       
   10.77356891  0.00000000E+00    0.791874  0.00000000E+00
   10.77528560  0.26212749E-02    0.792000  0.18362665E-01
   10.78889076  0.36721587E-01    0.793000  0.25766101E+00
   10.80249592  0.50111244E-01    0.794000  0.35218061E+00
   10.81610108  0.52340884E-01    0.795000  0.36844543E+00
   10.82970624  0.53826138E-01    0.796000  0.37951248E+00
   10.84331140  0.54470408E-01    0.797000  0.38467421E+00
   10.85691656  0.54611980E-01    0.798000  0.38629477E+00
   10.87052171  0.54488240E-01    0.799000  0.38603887E+00
   10.88412687  0.54318058E-01    0.800000  0.38545060E+00
   10.89773203  0.54143740E-01    0.801000  0.38482906E+00
   10.91133719  0.54005260E-01    0.802000  0.38445868E+00
   10.92494235  0.53936566E-01    0.803000  0.38458275E+00
   10.93854751  0.54006402E-01    0.804000  0.38569459E+00
   10.95215267  0.54630824E-01    0.805000  0.39077498E+00
   10.96575782  0.53011791E-01    0.806000  0.37979660E+00
   10.97936298  0.50962044E-01    0.807000  0.36569072E+00
   10.99296814  0.48841883E-01    0.808000  0.35103217E+00
   11.00657330  0.46951197E-01    0.809000  0.33797729E+00
   11.02017846  0.45355314E-01    0.810000  0.32700491E+00
   11.03378362  0.44055233E-01    0.811000  0.31813230E+00
   11.04738878  0.43025480E-01    0.812000  0.31118530E+00
   11.06099394  0.42229262E-01    0.813000  0.30590661E+00
   11.07459909  0.41633270E-01    0.814000  0.30206252E+00
   11.08820425  0.41124058E-01    0.815000  0.29883548E+00
   11.10180941  0.40835594E-01    0.816000  0.29720348E+00
   11.11541457  0.40669427E-01    0.817000  0.29645640E+00
   11.12901973  0.40607728E-01    0.818000  0.29646824E+00
   11.14262489  0.40635649E-01    0.819000  0.29713399E+00
   11.15623005  0.40741043E-01    0.820000  0.29836775E+00
   11.16983520  0.40913551E-01    0.821000  0.30009618E+00
   11.18344036  0.41144526E-01    0.822000  0.30225804E+00
   11.19704552  0.41426461E-01    0.823000  0.30480010E+00
   11.21065068  0.41752919E-01    0.824000  0.30767666E+00
   11.22425584  0.42118097E-01    0.825000  0.31084641E+00
   11.23786100  0.42382092E-01    0.826000  0.31327654E+00
   11.25146616  0.42799453E-01    0.827000  0.31684806E+00
   11.26507131  0.43242062E-01    0.828000  0.32061626E+00
   11.27867647  0.43706382E-01    0.829000  0.32455575E+00
   11.29228163  0.44189287E-01    0.830000  0.32864402E+00
   11.30588679  0.44687945E-01    0.831000  0.33286060E+00
   11.31949195  0.45199832E-01    0.832000  0.33718720E+00
   11.33309711  0.45722622E-01    0.833000  0.34160690E+00
   11.34670227  0.46254406E-01    0.834000  0.34610579E+00
   11.36030742  0.46793291E-01    0.835000  0.35066998E+00
   11.37391258  0.47337539E-01    0.836000  0.35528667E+00
   11.38751774  0.47885545E-01    0.837000  0.35994398E+00
   11.40112290  0.48436068E-01    0.838000  0.36463270E+00
   11.41472806  0.48971012E-01    0.839000  0.36921648E+00
   11.42833322  0.49520484E-01    0.840000  0.37392212E+00
   11.44193838  0.50068089E-01    0.841000  0.37862613E+00
   11.45554353  0.50613591E-01    0.842000  0.38332666E+00
   11.46914869  0.51154923E-01    0.843000  0.38800797E+00
   11.48275385  0.51691270E-01    0.844000  0.39266371E+00
   11.49635901  0.52221581E-01    0.845000  0.39728573E+00
   11.50996417  0.52744670E-01    0.846000  0.40186478E+00
   11.52356933  0.53259779E-01    0.847000  0.40639483E+00
   11.53717449  0.53765987E-01    0.848000  0.41086857E+00
   11.55077964  0.54262761E-01    0.849000  0.41528162E+00
   11.56438480  0.54750178E-01    0.850000  0.41963424E+00
   11.57798996  0.55230016E-01    0.851000  0.42393977E+00
   11.59159512  0.55703931E-01    0.852000  0.42821068E+00
   11.60520028  0.56191081E-01    0.853000  0.43259425E+00
   11.61880544  0.56721567E-01    0.854000  0.43732302E+00
   11.63241060  0.56888097E-01    0.855000  0.43925361E+00
   11.64601575  0.57156868E-01    0.856000  0.44197859E+00
   11.65962091  0.57328762E-01    0.857000  0.44395946E+00
   11.67322607  0.57584154E-01    0.858000  0.44659180E+00
   11.68683123  0.57853689E-01    0.859000  0.44933979E+00
   11.70043639  0.58134119E-01    0.860000  0.45217865E+00
   11.71404155  0.58429513E-01    0.861000  0.45514045E+00
   11.72764671  0.58664926E-01    0.862000  0.45764106E+00
   11.74125186  0.58845365E-01    0.863000  0.45971755E+00
   11.75485702  0.58928224E-01    0.864000  0.46103470E+00
   11.76846218  0.58818699E-01    0.865000  0.46084641E+00
   11.78206734  0.58122609E-01    0.866000  0.45605320E+00
   11.79567250  0.58093808E-01    0.867000  0.45648757E+00
   11.80927766  0.57683767E-01    0.868000  0.45392125E+00
   11.82288282  0.56364434E-01    0.869000  0.44417994E+00
   11.83648797  0.55466612E-01    0.870000  0.43773514E+00
   11.85009313  0.54476638E-01    0.871000  0.43054163E+00
   11.86369829  0.53091905E-01    0.872000  0.42020126E+00
   11.87730345  0.52287754E-01    0.873000  0.41443108E+00
   11.89090861  0.51858181E-01    0.874000  0.41161577E+00
   11.90451377  0.53628577E-01    0.875000  0.42627759E+00
   11.91811893  0.51091141E-01    0.876000  0.40668902E+00
   11.93172408  0.50868432E-01    0.877000  0.40549446E+00
   11.94532924  0.51150775E-01    0.878000  0.40832657E+00
   11.95893440  0.60798366E-01    0.879000  0.48603249E+00
   11.97253956  0.52961749E-01    0.880000  0.42398725E+00
   11.98614472  0.51659052E-01    0.881000  0.41414567E+00
   11.99974988  0.51767945E-01    0.882000  0.41560710E+00
   12.01335504  0.53349671E-01    0.883000  0.42891205E+00
   12.02696020  0.55079550E-01    0.884000  0.44344574E+00
   12.04056535  0.50221736E-01    0.885000  0.40490633E+00
   12.05417051  0.50083530E-01    0.886000  0.40436136E+00
   12.06777567  0.50720043E-01    0.887000  0.41007693E+00
   12.08138083  0.51225871E-01    0.888000  0.41474889E+00
   12.09498599  0.51850518E-01    0.889000  0.42039571E+00
   12.10859115  0.52626573E-01    0.890000  0.42728605E+00
   12.12219631  0.53809665E-01    0.891000  0.43750347E+00
   12.13580146  0.55128244E-01    0.892000  0.44885092E+00
   12.14940662  0.54109860E-01    0.893000  0.44117436E+00
   12.16301178  0.54536688E-01    0.894000  0.44527434E+00
   12.17661694  0.54862514E-01    0.895000  0.44855822E+00
   12.19022210  0.55183383E-01    0.896000  0.45180893E+00
   12.20382726  0.55444446E-01    0.897000  0.45457660E+00
   12.21743242  0.55696613E-01    0.898000  0.45727716E+00
   12.23103757  0.55904472E-01    0.899000  0.45961918E+00
   12.24464273  0.56193565E-01    0.900000  0.46263471E+00
   12.25824789  0.56322895E-01    0.901000  0.46433969E+00
   12.27185305  0.56474616E-01    0.902000  0.46623246E+00
   12.28545821  0.56702208E-01    0.903000  0.46875591E+00
   12.29906337  0.57107025E-01    0.904000  0.47275166E+00
   12.31266853  0.57966157E-01    0.905000  0.48052275E+00
   12.32627368  0.59914598E-01    0.906000  0.49735581E+00
   12.33987884  0.64450289E-01    0.907000  0.53573955E+00
   12.35348400  0.80758186E-01    0.908000  0.67221604E+00
   12.36708916  0.71993241E-01    0.909000  0.60007662E+00
   12.38069432  0.58624642E-01    0.910000  0.48931333E+00
   12.39429948  0.58441423E-01    0.911000  0.48844839E+00
   12.40790464  0.58018108E-01    0.912000  0.48556985E+00
   12.42150979  0.57500155E-01    0.913000  0.48188856E+00
   12.43511495  0.57217532E-01    0.914000  0.48017038E+00
   12.44872011  0.57095376E-01    0.915000  0.47979425E+00
   12.46232527  0.57050668E-01    0.916000  0.48006705E+00
   12.47593043  0.57058006E-01    0.917000  0.48077737E+00
   12.48953559  0.57107333E-01    0.918000  0.48184215E+00
   12.50314075  0.57182917E-01    0.919000  0.48312988E+00
   12.51674590  0.57278338E-01    0.920000  0.48458716E+00
   12.53035106  0.57387564E-01    0.921000  0.48616356E+00
   12.54395622  0.57510324E-01    0.922000  0.48785725E+00
   12.55756138  0.57635762E-01    0.923000  0.48957648E+00
   12.57116654  0.57767724E-01    0.924000  0.49135406E+00
   12.58477170  0.57900548E-01    0.925000  0.49314197E+00
   12.59837686  0.58029791E-01    0.926000  0.49490236E+00
   12.61198201  0.58146993E-01    0.927000  0.49656287E+00
   12.62558717  0.58237348E-01    0.928000  0.49799646E+00
   12.63919233  0.58271411E-01    0.929000  0.49895011E+00
   12.65279749  0.58123055E-01    0.930000  0.49834050E+00
   12.66640265  0.57353983E-01    0.931000  0.49239850E+00
   12.68000781  0.54615382E-01    0.932000  0.46950773E+00
   12.69361297  0.54999639E-01    0.933000  0.47343622E+00
   12.70721812  0.57167143E-01    0.934000  0.49274389E+00
   12.72082328  0.57965897E-01    0.935000  0.50028753E+00
   12.73442844  0.58256315E-01    0.936000  0.50345625E+00
   12.74803360  0.58317221E-01    0.937000  0.50464549E+00
   12.76163876  0.58219372E-01    0.938000  0.50446054E+00
   12.77524392  0.58008261E-01    0.939000  0.50329068E+00
   12.78884908  0.58191393E-01    0.940000  0.50554103E+00
   12.80245423  0.57934981E-01    0.941000  0.50397198E+00
   12.81605939  0.56569610E-01    0.942000  0.49273775E+00
   12.82966455  0.60104261E-01    0.943000  0.52420879E+00
   12.84326971  0.56936471E-01    0.944000  0.49722761E+00
   12.85687487  0.55756952E-01    0.945000  0.48756063E+00
   12.87048003  0.58575472E-01    0.946000  0.51287270E+00
   12.88408519  0.56509765E-01    0.947000  0.49542821E+00
   12.89769034  0.59927191E-01    0.948000  0.52607041E+00
   12.91129550  0.63074043E-01    0.949000  0.55441199E+00
   12.92490066  0.62332094E-01    0.950000  0.54859889E+00
   12.93850582  0.63198641E-01    0.951000  0.55694394E+00
   12.95211098  0.62870773E-01    0.952000  0.55476923E+00
   12.96571614  0.62707678E-01    0.953000  0.55404288E+00
   12.97932130  0.63737490E-01    0.954000  0.56386611E+00
   12.99292646  0.63859202E-01    0.955000  0.56566875E+00
   13.00653161  0.62490054E-01    0.956000  0.55425107E+00
   13.02013677  0.60043398E-01    0.957000  0.53323315E+00
   13.03374193  0.58491462E-01    0.958000  0.52011559E+00
   13.04734709  0.58810478E-01    0.959000  0.52362083E+00
   13.06095225  0.59982733E-01    0.960000  0.53473986E+00
   13.07455741  0.61866365E-01    0.961000  0.55223548E+00
   13.08816257  0.61096394E-01    0.962000  0.54605700E+00
   13.10176772  0.61347755E-01    0.963000  0.54900091E+00
   13.11537288  0.61461634E-01    0.964000  0.55071865E+00
   13.12897804  0.61619113E-01    0.965000  0.55283014E+00
   13.14258320  0.61661394E-01    0.966000  0.55391038E+00
   13.15618836  0.61783280E-01    0.967000  0.55570758E+00
   13.16979352  0.61813732E-01    0.968000  0.55668412E+00
   13.18339868  0.61886746E-01    0.969000  0.55804514E+00
   13.19700383  0.61984028E-01    0.970000  0.55962692E+00
   13.21060899  0.62031807E-01    0.971000  0.56076341E+00
   13.22421415  0.61972069E-01    0.972000  0.56092782E+00
   13.23781931  0.61965182E-01    0.973000  0.56156984E+00
   13.25142447  0.62096321E-01    0.974000  0.56346416E+00
   13.26502963  0.62373004E-01    0.975000  0.56668378E+00
   13.27863479  0.62600308E-01    0.976000  0.56946051E+00
   13.30584510  0.63060101E-01    0.978000  0.57507675E+00
   13.31945026  0.63098976E-01    0.979000  0.57614851E+00
   13.33305542  0.63235930E-01    0.980000  0.57811782E+00
   13.34666058  0.63312234E-01    0.981000  0.57953508E+00
   13.36026574  0.63438201E-01    0.982000  0.58140924E+00
   13.37387090  0.63701385E-01    0.983000  0.58454540E+00
   13.38747605  0.63999137E-01    0.984000  0.58800515E+00
   13.40108121  0.64403246E-01    0.985000  0.59245006E+00
   13.41468637  0.65141741E-01    0.986000  0.59998399E+00
   13.42829153  0.65006918E-01    0.987000  0.59948115E+00
   13.44189669  0.65676157E-01    0.988000  0.60639928E+00
   13.45550185  0.66074865E-01    0.989000  0.61083169E+00
   13.46910701  0.66433994E-01    0.990000  0.61490683E+00
   13.48271216  0.66599217E-01    0.991000  0.61719315E+00
   13.49631732  0.66954566E-01    0.992000  0.62124734E+00
   13.50992248  0.67275184E-01    0.993000  0.62498695E+00
   13.52352764  0.67511029E-01    0.994000  0.62794535E+00
   13.53713280  0.67213684E-01    0.995000  0.62594365E+00
   13.55073796  0.66627841E-01    0.996000  0.62124521E+00
   13.56434312  0.65175085E-01    0.997000  0.60844040E+00
   13.57794827  0.65509844E-01    0.998000  0.61231018E+00
   13.59155343  0.65960729E-01    0.999000  0.61727431E+00
   13.60515859  0.66090142E-01    1.000000  0.61923663E+00
   13.61876375  0.65860883E-01    1.001000  0.61783721E+00
   13.63236891  0.66064647E-01    1.002000  0.62049966E+00
   13.64597407  0.65883127E-01    1.003000  0.61954366E+00
   13.65957923  0.65265254E-01    1.004000  0.61447526E+00
   13.67318438  0.64982722E-01    1.005000  0.61255386E+00
   13.70039470  0.66466921E-01    1.007000  0.62805559E+00
   13.71399986  0.66449295E-01    1.008000  0.62864437E+00
   13.75481534  0.68117414E-01    1.011000  0.64674850E+00
   13.76842049  0.67827399E-01    1.012000  0.64476591E+00
   13.78202565  0.67529964E-01    1.013000  0.64270611E+00
   13.79563081  0.66437347E-01    1.014000  0.63306249E+00
   13.80923597  0.66609438E-01    1.015000  0.63545945E+00
   13.82284113  0.66277926E-01    1.016000  0.63305018E+00
   13.83644629  0.66361252E-01    1.017000  0.63460039E+00
   13.85005145  0.66384969E-01    1.018000  0.63558179E+00
   13.86365660  0.66443816E-01    1.019000  0.63690046E+00
   13.87726176  0.66694370E-01    1.020000  0.64006028E+00
   13.89086692  0.67126933E-01    1.021000  0.64497458E+00
   13.90447208  0.67178634E-01    1.022000  0.64623496E+00
   13.91807724  0.67136534E-01    1.023000  0.64659311E+00
   13.93168240  0.67005858E-01    1.024000  0.64609622E+00
   13.94528756  0.67047613E-01    1.025000  0.64726097E+00
   13.95889272  0.66961941E-01    1.026000  0.64719507E+00
   13.97249787  0.67091429E-01    1.027000  0.64920921E+00
   13.98610303  0.67239094E-01    1.028000  0.65140240E+00
   13.99970819  0.67479716E-01    1.029000  0.65450055E+00
   14.01331335  0.67698214E-01    1.030000  0.65738933E+00
   14.02691851  0.67630143E-01    1.031000  0.65749708E+00
   14.04052367  0.67835049E-01    1.032000  0.66026024E+00
   14.05412883  0.67872484E-01    1.033000  0.66139612E+00
   14.06773398  0.68172338E-01    1.034000  0.66509301E+00
   14.08133914  0.68374227E-01    1.035000  0.66783986E+00
   14.09494430  0.68693940E-01    1.036000  0.67174348E+00
   14.10854946  0.68904467E-01    1.037000  0.67458541E+00
   14.12215462  0.68749861E-01    1.038000  0.67385328E+00
   14.13575978  0.69106501E-01    1.039000  0.67813442E+00
   14.14936494  0.69325045E-01    1.040000  0.68106699E+00
   14.16297009  0.69479736E-01    1.041000  0.68337649E+00
   14.17657525  0.70013081E-01    1.042000  0.68941811E+00
   14.19018041  0.70272507E-01    1.043000  0.69277146E+00
   14.20378557  0.70552586E-01    1.044000  0.69633455E+00
   14.21739073  0.70754796E-01    1.045000  0.69913457E+00
   14.23099589  0.70971365E-01    1.046000  0.70208124E+00
   14.24460105  0.70960318E-01    1.047000  0.70277857E+00
   14.25820620  0.70790240E-01    1.048000  0.70189882E+00
   14.27181136  0.71100969E-01    1.049000  0.70578796E+00
   14.28541652  0.70750159E-01    1.050000  0.70310984E+00
   14.29902168  0.70251421E-01    1.051000  0.69895196E+00
   14.31262684  0.70836399E-01    1.052000  0.70557728E+00
   14.32623200  0.70901075E-01    1.053000  0.70702743E+00
   14.33983716  0.70951754E-01    1.054000  0.70833931E+00
   14.35344231  0.71416558E-01    1.055000  0.71379142E+00
   14.36704747  0.71818199E-01    1.056000  0.71862208E+00
   14.38065263  0.72202994E-01    1.057000  0.72329312E+00
   14.39425779  0.72355589E-01    1.058000  0.72564421E+00
   14.40786295  0.72441672E-01    1.059000  0.72733097E+00
   14.42146811  0.72575084E-01    1.060000  0.72949541E+00
   14.43507327  0.72809893E-01    1.061000  0.73268325E+00
   14.44867842  0.72685244E-01    1.062000  0.73225512E+00
   14.46228358  0.72656296E-01    1.063000  0.73278937E+00
   14.47588874  0.72579231E-01    1.064000  0.73283713E+00
   14.48949390  0.72496389E-01    1.065000  0.73282473E+00
   14.50309906  0.72210488E-01    1.066000  0.73075554E+00
   14.51670422  0.72058466E-01    1.067000  0.73003619E+00
   14.53030938  0.72675909E-01    1.068000  0.73711772E+00
   14.54391453  0.72804210E-01    1.069000  0.73924658E+00
   14.55751969  0.72292706E-01    1.070000  0.73487457E+00
   14.57112485  0.72035663E-01    1.071000  0.73308049E+00
   14.58473001  0.71960336E-01    1.072000  0.73313188E+00
   14.59833517  0.71790476E-01    1.073000  0.73221739E+00
   14.61194033  0.71639062E-01    1.074000  0.73148739E+00
   14.62554549  0.71303920E-01    1.075000  0.72887585E+00
   14.63915064  0.71544087E-01    1.076000  0.73214410E+00
   14.65275580  0.72003181E-01    1.077000  0.73766069E+00
   14.66636096  0.72289368E-01    1.078000  0.74141434E+00
   14.67996612  0.72542945E-01    1.079000  0.74483967E+00
   14.69357128  0.72414245E-01    1.080000  0.74434137E+00
   14.70717644  0.72512844E-01    1.081000  0.74617911E+00
   14.72078160  0.72906233E-01    1.082000  0.75105593E+00
   14.73438675  0.73078640E-01    1.083000  0.75366269E+00
   14.74799191  0.73154266E-01    1.084000  0.75527417E+00
   14.76159707  0.73507274E-01    1.085000  0.75975432E+00
   14.77520223  0.73298967E-01    1.086000  0.75843450E+00
   14.78880739  0.73611307E-01    1.087000  0.76250306E+00
   14.80241255  0.73664812E-01    1.088000  0.76389464E+00
   14.81601771  0.73755067E-01    1.089000  0.76566895E+00
   14.82962286  0.74189503E-01    1.090000  0.77102225E+00
   14.84322802  0.74443126E-01    1.091000  0.77450424E+00
   14.85683318  0.74864000E-01    1.092000  0.77973398E+00
   14.87043834  0.74706532E-01    1.093000  0.77894309E+00
   14.88404350  0.74848807E-01    1.094000  0.78127736E+00
   14.89764866  0.74753079E-01    1.095000  0.78112786E+00
   14.91125382  0.74753801E-01    1.096000  0.78198513E+00
   14.92485898  0.74828317E-01    1.097000  0.78361520E+00
   14.93846413  0.74943123E-01    1.098000  0.78566934E+00
   14.95206929  0.74954622E-01    1.099000  0.78664190E+00
   14.96567445  0.74955306E-01    1.100000  0.78750110E+00
   14.97927961  0.74745896E-01    1.101000  0.78615061E+00
   14.99288477  0.75174478E-01    1.102000  0.79151279E+00
   15.00648993  0.75255848E-01    1.103000  0.79322497E+00
   15.02009509  0.75392313E-01    1.104000  0.79552035E+00
   15.03370024  0.75402090E-01    1.105000  0.79648061E+00
   15.04730540  0.75324643E-01    1.106000  0.79651874E+00
   15.06091056  0.75460306E-01    1.107000  0.79881106E+00
   15.07451572  0.75706822E-01    1.108000  0.80228120E+00
   15.08812088  0.75818674E-01    1.109000  0.80432835E+00
   15.10172604  0.76057111E-01    1.110000  0.80772237E+00
   15.11533120  0.76181657E-01    1.111000  0.80991100E+00
   15.12893635  0.76312251E-01    1.112000  0.81216683E+00
   15.14254151  0.76467449E-01    1.113000  0.81468775E+00
   15.15614667  0.76775937E-01    1.114000  0.81884711E+00
   15.16975183  0.76912652E-01    1.115000  0.82117950E+00
   15.18335699  0.77244555E-01    1.116000  0.82560119E+00
   15.19696215  0.77461736E-01    1.117000  0.82880296E+00
   15.21056731  0.77648382E-01    1.118000  0.83168261E+00
   15.22417246  0.77806947E-01    1.119000  0.83426541E+00
   15.23777762  0.78023088E-01    1.120000  0.83746982E+00
   15.25138278  0.78015642E-01    1.121000  0.83827670E+00
   15.26498794  0.77990368E-01    1.122000  0.83889165E+00
   15.27859310  0.78239383E-01    1.123000  0.84245948E+00
   15.29219826  0.78091202E-01    1.124000  0.84175158E+00
   15.30580342  0.78089778E-01    1.125000  0.84262387E+00
   15.31940857  0.77935274E-01    1.126000  0.84184259E+00
   15.33301373  0.78036169E-01    1.127000  0.84381948E+00
   15.34661889  0.78162219E-01    1.128000  0.84607095E+00
   15.36022405  0.78104772E-01    1.129000  0.84633693E+00
   15.37382921  0.77864975E-01    1.130000  0.84462360E+00
   15.38743437  0.77860097E-01    1.131000  0.84545572E+00
   15.40103953  0.77967462E-01    1.132000  0.84750782E+00
   15.41464468  0.78097790E-01    1.133000  0.84981222E+00
   15.42824984  0.78236196E-01    1.134000  0.85220758E+00
   15.44185500  0.78020691E-01    1.135000  0.85074700E+00
   15.45546016  0.78018503E-01    1.136000  0.85160998E+00
   15.46906532  0.78268043E-01    1.137000  0.85522350E+00
   15.48267048  0.78184436E-01    1.138000  0.85519866E+00
   15.50988079  0.78259288E-01    1.140000  0.85779655E+00
   15.52348595  0.78469023E-01    1.141000  0.86098741E+00
   15.53709111  0.78418328E-01    1.142000  0.86132254E+00
   15.55069627  0.78360433E-01    1.143000  0.86157736E+00
   15.56430143  0.78499475E-01    1.144000  0.86399844E+00
   15.57790659  0.78387740E-01    1.145000  0.86365967E+00
   15.59151175  0.77987416E-01    1.146000  0.86013547E+00
   15.60511690  0.77975601E-01    1.147000  0.86089151E+00
   15.61872206  0.77871454E-01    1.148000  0.86062684E+00
   15.63232722  0.77742925E-01    1.149000  0.86009005E+00
   15.64593238  0.77894664E-01    1.150000  0.86265421E+00
   15.65953754  0.77591031E-01    1.151000  0.86017356E+00
   15.67314270  0.77554284E-01    1.152000  0.86064774E+00
   15.68674786  0.77567705E-01    1.153000  0.86167839E+00
   15.70035301  0.77401646E-01    1.154000  0.86071351E+00
   15.71395817  0.77429481E-01    1.155000  0.86190318E+00
   15.72756333  0.77404322E-01    1.156000  0.86250298E+00
   15.74116849  0.77716078E-01    1.157000  0.86686022E+00
   15.75477365  0.78063144E-01    1.158000  0.87161880E+00
   15.76837881  0.78176490E-01    1.159000  0.87377301E+00
   15.78198397  0.78124078E-01    1.160000  0.87407524E+00
   15.79558912  0.78098147E-01    1.161000  0.87467286E+00
   15.80919428  0.78280119E-01    1.162000  0.87760069E+00
   15.82279944  0.78631662E-01    1.163000  0.88243565E+00
   15.83640460  0.78516934E-01    1.164000  0.88204063E+00
   15.85000976  0.78458810E-01    1.165000  0.88227952E+00
   15.86361492  0.78509463E-01    1.166000  0.88374154E+00
   15.87722008  0.78588656E-01    1.167000  0.88552629E+00
   15.89082524  0.78745636E-01    1.168000  0.88819022E+00
   15.90443039  0.78624186E-01    1.169000  0.88771408E+00
   15.91803555  0.78815556E-01    1.170000  0.89077066E+00
   15.93164071  0.78936391E-01    1.171000  0.89303360E+00
   15.94524587  0.79118674E-01    1.172000  0.89599517E+00
   15.95885103  0.79173579E-01    1.173000  0.89751691E+00
   15.97245619  0.79371870E-01    1.174000  0.90066697E+00
   15.98606135  0.79508993E-01    1.175000  0.90312675E+00
   15.99966650  0.79760621E-01    1.176000  0.90689158E+00
   16.01327166  0.79912216E-01    1.177000  0.90952360E+00
   16.02687682  0.79984758E-01    1.178000  0.91125843E+00
   16.04048198  0.80039220E-01    1.179000  0.91278871E+00
   16.05408714  0.80091135E-01    1.180000  0.91429116E+00
   16.06769230  0.80524839E-01    1.181000  0.92015749E+00
   16.08129746  0.80573508E-01    1.182000  0.92162951E+00
   16.09490261  0.80822788E-01    1.183000  0.92539958E+00
   16.10850777  0.80650183E-01    1.184000  0.92434005E+00
   16.12211293  0.80725375E-01    1.185000  0.92611943E+00
   16.13571809  0.80637796E-01    1.186000  0.92603130E+00
   16.14932325  0.80685465E-01    1.187000  0.92749587E+00
   16.16292841  0.80591827E-01    1.188000  0.92733557E+00
   16.17653357  0.80753681E-01    1.189000  0.93011588E+00
   16.19013872  0.80839023E-01    1.190000  0.93201774E+00
   16.20374388  0.80703208E-01    1.191000  0.93136924E+00
   16.21734904  0.80742369E-01    1.192000  0.93273898E+00
   16.23095420  0.80851260E-01    1.193000  0.93491593E+00
   16.24455936  0.80898760E-01    1.194000  0.93638477E+00
   16.25816452  0.80821179E-01    1.195000  0.93640548E+00
   16.27176968  0.80688252E-01    1.196000  0.93578255E+00
   16.28537483  0.80358028E-01    1.197000  0.93286621E+00
   16.29897999  0.80209421E-01    1.198000  0.93205279E+00
   16.31258515  0.80185006E-01    1.199000  0.93268054E+00
   16.32619031  0.80226708E-01    1.200000  0.93407754E+00
   16.33979547  0.79875062E-01    1.201000  0.93089127E+00
   16.35340063  0.79858111E-01    1.202000  0.93160146E+00
   16.36700579  0.80259286E-01    1.203000  0.93719376E+00
   16.39421610  0.80496967E-01    1.205000  0.94179920E+00
   16.40782126  0.80679724E-01    1.206000  0.94485451E+00
   16.42142642  0.80854755E-01    1.207000  0.94782340E+00
   16.43503158  0.81023638E-01    1.208000  0.95072413E+00
   16.44863674  0.81239153E-01    1.209000  0.95417641E+00
   16.46224190  0.81575540E-01    1.210000  0.95905464E+00
   16.47584705  0.81814087E-01    1.211000  0.96278913E+00
   16.48945221  0.81897316E-01    1.212000  0.96469950E+00
   16.50305737  0.82163773E-01    1.213000  0.96877215E+00
   16.51666253  0.82332896E-01    1.214000  0.97170211E+00
   16.53026769  0.82545731E-01    1.215000  0.97515231E+00
   16.54387285  0.82353937E-01    1.216000  0.97382268E+00
   16.55747801  0.82574236E-01    1.217000  0.97736630E+00
   16.57108316  0.82377330E-01    1.218000  0.97597206E+00
   16.58468832  0.82430151E-01    1.219000  0.97753484E+00
   16.59829348  0.82736468E-01    1.220000  0.98210791E+00
   16.61189864  0.82491652E-01    1.221000  0.98013954E+00
   16.62550380  0.82777622E-01    1.222000  0.98447828E+00
   16.63910896  0.82774159E-01    1.223000  0.98537799E+00
   16.65271412  0.82897757E-01    1.224000  0.98779165E+00
   16.67992443  0.82786309E-01    1.226000  0.98834572E+00
   16.69352959  0.82864337E-01    1.227000  0.99021918E+00
   16.70713475  0.82792713E-01    1.228000  0.99030438E+00
   16.72073991  0.82776178E-01    1.229000  0.99104752E+00
   16.73434507  0.82774235E-01    1.230000  0.99196515E+00
   16.74795023  0.82884291E-01    1.231000  0.99422621E+00
   16.76155538  0.82970423E-01    1.232000  0.99620252E+00
   16.77516054  0.83052714E-01    1.233000  0.99813462E+00
   16.78876570  0.83189987E-01    1.234000  0.10007300E+01
   16.80237086  0.83326380E-01    1.235000  0.10033179E+01
   16.81597602  0.83361571E-01    1.236000  0.10046892E+01
   16.82958118  0.83200452E-01    1.237000  0.10036931E+01
   16.84318634  0.83357170E-01    1.238000  0.10065312E+01
   16.85679150  0.83556477E-01    1.239000  0.10098876E+01
   16.87039665  0.83561024E-01    1.240000  0.10108924E+01
   16.88400181  0.83544843E-01    1.241000  0.10116463E+01
   16.89760697  0.84024856E-01    1.242000  0.10184139E+01
   16.91121213  0.84114744E-01    1.243000  0.10204595E+01
   16.92481729  0.84151231E-01    1.244000  0.10218587E+01
   16.93842245  0.84124414E-01    1.245000  0.10224893E+01
   16.95202761  0.84155761E-01    1.246000  0.10238269E+01
   16.96563276  0.84303758E-01    1.247000  0.10265857E+01
   16.97923792  0.84345323E-01    1.248000  0.10280506E+01
   16.99284308  0.84433737E-01    1.249000  0.10300880E+01
   17.00644824  0.84438245E-01    1.250000  0.10311028E+01
   17.02005340  0.84688377E-01    1.251000  0.10351199E+01
   17.03365856  0.84715347E-01    1.252000  0.10364125E+01
   17.04726372  0.84898986E-01    1.253000  0.10396242E+01
   17.06086887  0.84751472E-01    1.254000  0.10387812E+01
   17.07447403  0.84900984E-01    1.255000  0.10415788E+01
   17.08807919  0.84992619E-01    1.256000  0.10436691E+01
   17.10168435  0.85217955E-01    1.257000  0.10474048E+01
   17.11528951  0.85527413E-01    1.258000  0.10521805E+01
   17.12889467  0.85432876E-01    1.259000  0.10519886E+01
   17.14249983  0.85641378E-01    1.260000  0.10555295E+01
   17.15610498  0.85953497E-01    1.261000  0.10603534E+01
   17.16971014  0.86025079E-01    1.262000  0.10622143E+01
   17.18331530  0.86185677E-01    1.263000  0.10651770E+01
   17.19692046  0.86282766E-01    1.264000  0.10673577E+01
   17.21052562  0.86113560E-01    1.265000  0.10662434E+01
   17.22413078  0.86280414E-01    1.266000  0.10692901E+01
   17.23773594  0.86260949E-01    1.267000  0.10700294E+01
   17.25134109  0.86267326E-01    1.268000  0.10710891E+01
   17.26494625  0.86291603E-01    1.269000  0.10723714E+01
   17.27855141  0.86199891E-01    1.270000  0.10722115E+01
   17.29215657  0.86233535E-01    1.271000  0.10736102E+01
   17.30576173  0.86251669E-01    1.272000  0.10748164E+01
   17.31936689  0.86276145E-01    1.273000  0.10761021E+01
   17.33297205  0.86061769E-01    1.274000  0.10744065E+01
   17.34657720  0.85844550E-01    1.275000  0.10726705E+01
   17.36018236  0.85371154E-01    1.276000  0.10677256E+01
   17.37378752  0.85027622E-01    1.277000  0.10643956E+01
   17.38739268  0.86433229E-01    1.278000  0.10829738E+01
   17.40099784  0.87571428E-01    1.279000  0.10982304E+01
   17.41460300  0.87572318E-01    1.280000  0.10992370E+01
   17.42820816  0.87468715E-01    1.281000  0.10989308E+01
   17.44181331  0.87447574E-01    1.282000  0.10996592E+01
   17.45541847  0.87696793E-01    1.283000  0.11037900E+01
   17.46902363  0.87566386E-01    1.284000  0.11031440E+01
   17.48262879  0.87427886E-01    1.285000  0.11023930E+01
   17.49623395  0.87501584E-01    1.286000  0.11043169E+01
   17.50983911  0.87404177E-01    1.287000  0.11040811E+01
   17.52344427  0.87330698E-01    1.288000  0.11041456E+01
   17.53704942  0.87178035E-01    1.289000  0.11032064E+01
   17.55065458  0.87569346E-01    1.290000  0.11091537E+01
   17.56425974  0.87407594E-01    1.291000  0.11080985E+01
   17.57786490  0.87496455E-01    1.292000  0.11102196E+01
   17.59147006  0.87583661E-01    1.293000  0.11123217E+01
   17.60507522  0.87544880E-01    1.294000  0.11128243E+01
   17.61868038  0.87749746E-01    1.295000  0.11164259E+01
   17.63228553  0.87739353E-01    1.296000  0.11172910E+01
   17.64589069  0.87757200E-01    1.297000  0.11185158E+01
   17.65949585  0.87821491E-01    1.298000  0.11203335E+01
   17.67310101  0.87929081E-01    1.299000  0.11227055E+01
   17.68670617  0.87966422E-01    1.300000  0.11241822E+01
   17.70031133  0.87973559E-01    1.301000  0.11252734E+01
   17.71391649  0.88005319E-01    1.302000  0.11266800E+01
   17.72752164  0.88076246E-01    1.303000  0.11285892E+01
   17.74112680  0.88116155E-01    1.304000  0.11301022E+01
   17.75473196  0.88126484E-01    1.305000  0.11312364E+01
   17.76833712  0.88254728E-01    1.306000  0.11338858E+01
   17.78194228  0.88202059E-01    1.307000  0.11342117E+01
   17.79554744  0.88271869E-01    1.308000  0.11361128E+01
   17.80915260  0.88267609E-01    1.309000  0.11370613E+01
   17.82275776  0.88263534E-01    1.310000  0.11380121E+01
   17.83636291  0.88442283E-01    1.311000  0.11413221E+01
   17.84996807  0.88609476E-01    1.312000  0.11444869E+01
   17.86357323  0.88511775E-01    1.313000  0.11442311E+01
   17.87717839  0.88475975E-01    1.314000  0.11447740E+01
   17.89078355  0.88599154E-01    1.315000  0.11473749E+01
   17.90438871  0.88691458E-01    1.316000  0.11495784E+01
   17.91799387  0.88851849E-01    1.317000  0.11526673E+01
   17.93159902  0.88797501E-01    1.318000  0.11529716E+01
   17.94520418  0.88820650E-01    1.319000  0.11542818E+01
   17.95880934  0.88966846E-01    1.320000  0.11571930E+01
   17.97241450  0.88853953E-01    1.321000  0.11567346E+01
   17.98601966  0.88821742E-01    1.322000  0.11573249E+01
   17.99962482  0.88840373E-01    1.323000  0.11585775E+01
   18.01322998  0.89045142E-01    1.324000  0.11622601E+01
   18.02683513  0.89202142E-01    1.325000  0.11653233E+01
   18.04044029  0.89495984E-01    1.326000  0.11701793E+01
   18.05404545  0.89514231E-01    1.327000  0.11714354E+01
   18.06765061  0.89736166E-01    1.328000  0.11753598E+01
   18.08125577  0.89905685E-01    1.329000  0.11786021E+01
   18.09486093  0.89881916E-01    1.330000  0.11793122E+01
   18.10846609  0.89934003E-01    1.331000  0.11810179E+01
   18.12207124  0.89995154E-01    1.332000  0.11828439E+01
   18.13567640  0.90084644E-01    1.333000  0.11850441E+01
   18.14928156  0.90272042E-01    1.334000  0.11885354E+01
   18.16288672  0.90474013E-01    1.335000  0.11922230E+01
   18.17649188  0.90482936E-01    1.336000  0.11933691E+01
   18.19009704  0.90475351E-01    1.337000  0.11942975E+01
   18.20370220  0.90602842E-01    1.338000  0.11970103E+01
   18.21730735  0.90639719E-01    1.339000  0.11985278E+01
   18.23091251  0.90722571E-01    1.340000  0.12006546E+01
   18.24451767  0.90922459E-01    1.341000  0.12043335E+01
   18.25812283  0.90740812E-01    1.342000  0.12029589E+01
   18.27172799  0.90667273E-01    1.343000  0.12030146E+01
   18.28533315  0.90654071E-01    1.344000  0.12038699E+01
   18.29893831  0.90695899E-01    1.345000  0.12054563E+01
   18.31254346  0.90836087E-01    1.346000  0.12083521E+01
   18.32614862  0.90901580E-01    1.347000  0.12102566E+01
   18.33975378  0.90894212E-01    1.348000  0.12111917E+01
   18.35335894  0.90975125E-01    1.349000  0.12133040E+01
   18.36696410  0.91050670E-01    1.350000  0.12153465E+01
   18.38056926  0.91061496E-01    1.351000  0.12165261E+01
   18.39417442  0.91019869E-01    1.352000  0.12170046E+01
   18.40777957  0.91138107E-01    1.353000  0.12196215E+01
   18.42138473  0.91252030E-01    1.354000  0.12221833E+01
   18.43498989  0.91220910E-01    1.355000  0.12228034E+01
   18.44859505  0.91204161E-01    1.356000  0.12236156E+01
   18.46220021  0.91233510E-01    1.357000  0.12250464E+01
   18.47580537  0.91240932E-01    1.358000  0.12261832E+01
   18.48941053  0.91399803E-01    1.359000  0.12293572E+01
   18.50301568  0.91241425E-01    1.360000  0.12282641E+01
   18.51662084  0.91479935E-01    1.361000  0.12325147E+01
   18.53022600  0.91383153E-01    1.362000  0.12322495E+01
   18.54383116  0.91401873E-01    1.363000  0.12335409E+01
   18.55743632  0.91497914E-01    1.364000  0.12358771E+01
   18.57104148  0.91504005E-01    1.365000  0.12369995E+01
   18.58464664  0.91563686E-01    1.366000  0.12388471E+01
   18.59825179  0.91533629E-01    1.367000  0.12394809E+01
   18.61185695  0.91631362E-01    1.368000  0.12418459E+01
   18.62546211  0.91702353E-01    1.369000  0.12438504E+01
   18.63906727  0.91788010E-01    1.370000  0.12460556E+01
   18.65267243  0.91828774E-01    1.371000  0.12476528E+01
   18.66627759  0.91866469E-01    1.372000  0.12492092E+01
   18.67988275  0.91839433E-01    1.373000  0.12498855E+01
   18.69348790  0.91964503E-01    1.374000  0.12526330E+01
   18.70709306  0.93609179E-01    1.375000  0.12760989E+01
   18.72069822  0.92324833E-01    1.376000  0.12596399E+01
   18.73430338  0.92237329E-01    1.377000  0.12594945E+01
   18.74790854  0.92312122E-01    1.378000  0.12615651E+01
   18.76151370  0.92525630E-01    1.379000  0.12655347E+01
   18.77511886  0.92378144E-01    1.380000  0.12645675E+01
   18.78872402  0.92554550E-01    1.381000  0.12680344E+01
   18.80232917  0.92564450E-01    1.382000  0.12692222E+01
   18.81593433  0.92614840E-01    1.383000  0.12709659E+01
   18.82953949  0.92688760E-01    1.384000  0.12730339E+01
   18.84314465  0.92619947E-01    1.385000  0.12731416E+01
   18.85674981  0.92652933E-01    1.386000  0.12746482E+01
   18.87035497  0.92697063E-01    1.387000  0.12763090E+01
   18.88396013  0.92805852E-01    1.388000  0.12788618E+01
   18.89756528  0.92496084E-01    1.389000  0.12756446E+01
   18.91117044  0.92624471E-01    1.390000  0.12784681E+01
   18.92477560  0.92634406E-01    1.391000  0.12796582E+01
   18.93838076  0.92703252E-01    1.392000  0.12816630E+01
   18.95198592  0.92714226E-01    1.393000  0.12828686E+01
   18.96559108  0.92619738E-01    1.394000  0.12826140E+01
   18.97919624  0.92861506E-01    1.395000  0.12870176E+01
   18.99280139  0.92855396E-01    1.396000  0.12879884E+01
   19.00640655  0.92852011E-01    1.397000  0.12889969E+01
   19.02001171  0.92782127E-01    1.398000  0.12890814E+01
   19.03361687  0.92938354E-01    1.399000  0.12923084E+01
   19.04722203  0.92927825E-01    1.400000  0.12932183E+01
   19.06082719  0.92911145E-01    1.401000  0.12940423E+01
   19.07443235  0.93091729E-01    1.402000  0.12976156E+01
   19.08803750  0.93185929E-01    1.403000  0.12999879E+01
   19.10164266  0.93136140E-01    1.404000  0.13003520E+01
   19.11524782  0.93096001E-01    1.405000  0.13008498E+01
   19.12885298  0.93218327E-01    1.406000  0.13036187E+01
   19.14245814  0.93329551E-01    1.407000  0.13062350E+01
   19.15606330  0.93431714E-01    1.408000  0.13087269E+01
   19.16966846  0.93415090E-01    1.409000  0.13095559E+01
   19.18327361  0.93417674E-01    1.410000  0.13106540E+01
   19.19687877  0.93572553E-01    1.411000  0.13138906E+01
   19.21048393  0.93744723E-01    1.412000  0.13173737E+01
   19.22408909  0.93643075E-01    1.413000  0.13170097E+01
   19.23769425  0.93592239E-01    1.414000  0.13173586E+01
   19.25129941  0.93842304E-01    1.415000  0.13219451E+01
   19.26490457  0.93706918E-01    1.416000  0.13211031E+01
   19.27850972  0.93926912E-01    1.417000  0.13252723E+01
   19.29211488  0.93930002E-01    1.418000  0.13263836E+01
   19.30572004  0.93994931E-01    1.419000  0.13283689E+01
   19.31932520  0.94047878E-01    1.420000  0.13301862E+01
   19.33293036  0.94058811E-01    1.421000  0.13314100E+01
   19.34653552  0.94161182E-01    1.422000  0.13339294E+01
   19.36014068  0.94276839E-01    1.423000  0.13366395E+01
   19.37374583  0.94314005E-01    1.424000  0.13382385E+01
   19.38735099  0.94345661E-01    1.425000  0.13397601E+01
   19.40095615  0.94331094E-01    1.426000  0.13406255E+01
   19.41456131  0.94488438E-01    1.427000  0.13439357E+01
   19.42816647  0.94600162E-01    1.428000  0.13466001E+01
   19.44177163  0.94572882E-01    1.429000  0.13472868E+01
   19.45537679  0.94661923E-01    1.430000  0.13496313E+01
   19.46898194  0.94789782E-01    1.431000  0.13525317E+01
   19.48258710  0.94884068E-01    1.432000  0.13549556E+01
   19.49619226  0.94966072E-01    1.433000  0.13572061E+01
   19.50979742  0.95102746E-01    1.434000  0.13602404E+01
   19.52340258  0.95030074E-01    1.435000  0.13602812E+01
   19.53700774  0.95053284E-01    1.436000  0.13616939E+01
   19.55061290  0.94962277E-01    1.437000  0.13614696E+01
   19.56421805  0.95296801E-01    1.438000  0.13673489E+01
   19.57782321  0.95280921E-01    1.439000  0.13682041E+01
   19.59142837  0.95342457E-01    1.440000  0.13701715E+01
   19.99958313  0.97663810E-01    1.470000  0.14368361E+01
   24.99947891  0.11025500E+00    1.837500  0.20826543E+01
   29.99937469  0.11602514E+00    2.205000  0.26763289E+01
   34.99927048  0.12086386E+00    2.572500  0.32928358E+01
   39.99916626  0.12373819E+00    2.940000  0.38880447E+01
   44.99906204  0.12435515E+00    3.307500  0.44269081E+01
   49.99895782  0.12554721E+00    3.675000  0.49938010E+01
   54.99885361  0.12515543E+00    4.042500  0.55010381E+01
   59.99874939  0.12454788E+00    4.410000  0.59946165E+01
   64.99864517  0.12345325E+00    4.777500  0.64576406E+01
   69.99854095  0.12194153E+00    5.145000  0.68879601E+01
   74.99843674  0.12008132E+00    5.512500  0.72845086E+01
   79.99833252  0.11802660E+00    5.880000  0.76529035E+01
   84.99822830  0.11584968E+00    6.247500  0.79956978E+01
   89.99812408  0.11360945E+00    6.615000  0.83156707E+01
   94.99801987  0.11134545E+00    6.982500  0.86150879E+01
   99.99791565  0.10908219E+00    7.350000  0.88956503E+01
  104.99781143  0.10684431E+00    7.717500  0.91594789E+01
  109.99770721  0.10463982E+00    8.085000  0.94076136E+01
  114.99760300  0.10248049E+00    8.452500  0.96415784E+01
  119.99749878  0.10037106E+00    8.820000  0.98624057E+01
  124.99739456  0.98316576E-01    9.187500  0.10071238E+02
  129.99729034  0.96324274E-01    9.555000  0.10269535E+02
  134.99718613  0.94388936E-01    9.922500  0.10457498E+02
