       eV          sigma            Ry          om               in 10^-16                                                                       
    3.56759747  0.00000000E+00    0.262224  0.00000000E+00
    3.57815671  0.93207343E-01    0.263000  0.92471276E-01
    3.59176187  0.13796045E+00    0.264000  0.13843916E+00
    3.60536703  0.16963883E+00    0.265000  0.17215574E+00
    3.61897219  0.19479177E+00    0.266000  0.19989607E+00
    3.63257734  0.21605040E+00    0.267000  0.22416760E+00
    3.64618250  0.23462821E+00    0.268000  0.24611042E+00
    3.65978766  0.25060799E+00    0.269000  0.26572087E+00
    3.67339282  0.26552455E+00    0.270000  0.28455519E+00
    3.68699798  0.27919691E+00    0.271000  0.30238110E+00
    3.70060314  0.29184119E+00    0.272000  0.31939270E+00
    3.71420830  0.30360984E+00    0.273000  0.33572351E+00
    3.72781345  0.31462223E+00    0.274000  0.35147702E+00
    3.74141861  0.32497421E+00    0.275000  0.36673561E+00
    3.75502377  0.33393448E+00    0.276000  0.38064317E+00
    3.76862893  0.34306098E+00    0.277000  0.39494580E+00
    3.78223409  0.35171098E+00    0.278000  0.40890193E+00
    3.79583925  0.35992978E+00    0.279000  0.42254849E+00
    3.80944441  0.36775038E+00    0.280000  0.43590989E+00
    3.82304956  0.37520971E+00    0.281000  0.44901675E+00
    3.83665472  0.38233132E+00    0.282000  0.46188520E+00
    3.85025988  0.38914116E+00    0.283000  0.47453537E+00
    3.86386504  0.39565868E+00    0.284000  0.48698056E+00
    3.87747020  0.40123210E+00    0.285000  0.49840118E+00
    3.89107536  0.40715261E+00    0.286000  0.51038361E+00
    3.90468052  0.41283037E+00    0.287000  0.52219356E+00
    3.91828567  0.41827941E+00    0.288000  0.53384069E+00
    3.93189083  0.42351453E+00    0.289000  0.54533625E+00
    3.94549599  0.42854712E+00    0.290000  0.55668772E+00
    3.95910115  0.43338647E+00    0.291000  0.56790040E+00
    3.97270631  0.43804321E+00    0.292000  0.57898172E+00
    3.98631147  0.44252366E+00    0.293000  0.58993391E+00
    3.99991663  0.44684108E+00    0.294000  0.60076875E+00
    4.01352178  0.45099859E+00    0.295000  0.61148494E+00
    4.02712694  0.45472934E+00    0.296000  0.62171217E+00
    4.04073210  0.45856978E+00    0.297000  0.63217543E+00
    4.05433726  0.46227151E+00    0.298000  0.64253319E+00
    4.06794242  0.46583934E+00    0.299000  0.65278748E+00
    4.08154758  0.46928156E+00    0.300000  0.66294544E+00
    4.09515274  0.47260148E+00    0.301000  0.67300748E+00
    4.10875789  0.47580352E+00    0.302000  0.68297580E+00
    4.12236305  0.47889474E+00    0.303000  0.69285658E+00
    4.13596821  0.48187766E+00    0.304000  0.70264972E+00
    4.14957337  0.48475647E+00    0.305000  0.71235768E+00
    4.16317853  0.48753579E+00    0.306000  0.72198375E+00
    4.17678369  0.49022050E+00    0.307000  0.73153183E+00
    4.19038885  0.49281075E+00    0.308000  0.74099890E+00
    4.20399400  0.49523413E+00    0.309000  0.75027206E+00
    4.21759916  0.49764731E+00    0.310000  0.75958475E+00
    4.23120432  0.49997800E+00    0.311000  0.76882544E+00
    4.24480948  0.50222779E+00    0.312000  0.77799380E+00
    4.25841464  0.50440074E+00    0.313000  0.78709341E+00
    4.27201980  0.50649984E+00    0.314000  0.79612633E+00
    4.28562496  0.50852836E+00    0.315000  0.80509524E+00
    4.29923011  0.51048676E+00    0.316000  0.81399846E+00
    4.31283527  0.51237843E+00    0.317000  0.82283902E+00
    4.32644043  0.51420536E+00    0.318000  0.83161790E+00
    4.34004559  0.51597038E+00    0.319000  0.84033748E+00
    4.35365075  0.51767355E+00    0.320000  0.84899574E+00
    4.36725591  0.51931862E+00    0.321000  0.85759678E+00
    4.38086107  0.52090621E+00    0.322000  0.86613965E+00
    4.39446623  0.52244096E+00    0.323000  0.87463014E+00
    4.40807138  0.52392158E+00    0.324000  0.88306430E+00
    4.42167654  0.52535146E+00    0.325000  0.89144600E+00
    4.43528170  0.52672986E+00    0.326000  0.89977229E+00
    4.44888686  0.52806104E+00    0.327000  0.90804870E+00
    4.46249202  0.52934489E+00    0.328000  0.91627347E+00
    4.47609718  0.53058269E+00    0.329000  0.92444717E+00
    4.48970234  0.53177581E+00    0.330000  0.93257067E+00
    4.50330749  0.53292977E+00    0.331000  0.94065216E+00
    4.51691265  0.53403999E+00    0.332000  0.94868220E+00
    4.53051781  0.53510814E+00    0.333000  0.95666226E+00
    4.54412297  0.53613894E+00    0.334000  0.96459940E+00
    4.55772813  0.53713104E+00    0.335000  0.97248991E+00
    4.57133329  0.53808639E+00    0.336000  0.98033602E+00
    4.58493845  0.53900631E+00    0.337000  0.98813890E+00
    4.59854360  0.53989050E+00    0.338000  0.99589677E+00
    4.61214876  0.54074093E+00    0.339000  0.10036121E+01
    4.62575392  0.54155839E+00    0.340000  0.10112852E+01
    4.63935908  0.54234313E+00    0.341000  0.10189154E+01
    4.65296424  0.54309579E+00    0.342000  0.10265028E+01
    4.66656940  0.54381751E+00    0.343000  0.10340485E+01
    4.68017456  0.54451252E+00    0.344000  0.10415595E+01
    4.69377971  0.54517593E+00    0.345000  0.10490255E+01
    4.70738487  0.54581274E+00    0.346000  0.10564551E+01
    4.72099003  0.54642060E+00    0.347000  0.10638428E+01
    4.73459519  0.54700194E+00    0.348000  0.10711924E+01
    4.74820035  0.54755855E+00    0.349000  0.10785065E+01
    4.76180551  0.54808918E+00    0.350000  0.10857818E+01
    4.77541067  0.54859344E+00    0.351000  0.10930166E+01
    4.78901582  0.54907470E+00    0.352000  0.11002168E+01
    4.80262098  0.54953173E+00    0.353000  0.11073791E+01
    4.81622614  0.54996705E+00    0.354000  0.11145078E+01
    4.82983130  0.55038049E+00    0.355000  0.11216018E+01
    4.84343646  0.55077123E+00    0.356000  0.11286587E+01
    4.85704162  0.55113966E+00    0.357000  0.11356785E+01
    4.87064678  0.55148808E+00    0.358000  0.11426652E+01
    4.88425193  0.55181666E+00    0.359000  0.11496185E+01
    4.89785709  0.55212582E+00    0.360000  0.11565386E+01
    4.91146225  0.55241493E+00    0.361000  0.11634235E+01
    4.92506741  0.55268455E+00    0.362000  0.11702737E+01
    4.93867257  0.55293607E+00    0.363000  0.11770915E+01
    4.95227773  0.55316992E+00    0.364000  0.11838772E+01
    4.96588289  0.55338555E+00    0.365000  0.11906290E+01
    4.97948804  0.55358443E+00    0.366000  0.11973495E+01
    4.99309320  0.55376602E+00    0.367000  0.12040369E+01
    5.00669836  0.55393235E+00    0.368000  0.12106951E+01
    5.02030352  0.55408144E+00    0.369000  0.12173192E+01
    5.03390868  0.55421727E+00    0.370000  0.12239174E+01
    5.04751384  0.55433657E+00    0.371000  0.12304820E+01
    5.06111900  0.55444045E+00    0.372000  0.12370149E+01
    5.07472415  0.55453079E+00    0.373000  0.12435198E+01
    5.08832931  0.55460442E+00    0.374000  0.12499891E+01
    5.10193447  0.55466565E+00    0.375000  0.12564320E+01
    5.11553963  0.55471323E+00    0.376000  0.12628452E+01
    5.12914479  0.55474684E+00    0.377000  0.12692275E+01
    5.14274995  0.55476745E+00    0.378000  0.12755807E+01
    5.15635511  0.55477678E+00    0.379000  0.12819083E+01
    5.16996026  0.55477207E+00    0.380000  0.12882035E+01
    5.18356542  0.55475532E+00    0.381000  0.12944705E+01
    5.19717058  0.55472657E+00    0.382000  0.13007090E+01
    5.21077574  0.55468635E+00    0.383000  0.13069198E+01
    5.22438090  0.55463519E+00    0.384000  0.13131038E+01
    5.23798606  0.55457128E+00    0.385000  0.13192563E+01
    5.25159122  0.55449744E+00    0.386000  0.13253836E+01
    5.26519637  0.55441305E+00    0.387000  0.13314839E+01
    5.27880153  0.55431806E+00    0.388000  0.13375567E+01
    5.29240669  0.55421381E+00    0.389000  0.13436049E+01
    5.30601185  0.55409900E+00    0.390000  0.13496250E+01
    5.31961701  0.55397398E+00    0.391000  0.13556175E+01
    5.33322217  0.55383962E+00    0.392000  0.13615842E+01
    5.34682733  0.55369767E+00    0.393000  0.13675291E+01
    5.36043249  0.55354622E+00    0.394000  0.13734472E+01
    5.37403764  0.55338391E+00    0.395000  0.13793348E+01
    5.38764280  0.55321349E+00    0.396000  0.13851984E+01
    5.40124796  0.55303583E+00    0.397000  0.13910399E+01
    5.41485312  0.55284856E+00    0.398000  0.13968531E+01
    5.42845828  0.55265285E+00    0.399000  0.14026406E+01
    5.44206344  0.55244962E+00    0.400000  0.14084045E+01
    5.45566860  0.55223879E+00    0.401000  0.14141443E+01
    5.46927375  0.55202138E+00    0.402000  0.14198624E+01
    5.48287891  0.55179470E+00    0.403000  0.14255516E+01
    5.49648407  0.55156061E+00    0.404000  0.14312164E+01
    5.51008923  0.55132080E+00    0.405000  0.14368610E+01
    5.52369439  0.55107410E+00    0.406000  0.14424821E+01
    5.53729955  0.55081843E+00    0.407000  0.14480740E+01
    5.55090471  0.55055817E+00    0.408000  0.14536480E+01
    5.56450986  0.55028861E+00    0.409000  0.14591914E+01
    5.57811502  0.55001463E+00    0.410000  0.14647169E+01
    5.59172018  0.54973498E+00    0.411000  0.14702210E+01
    5.60532534  0.54944797E+00    0.412000  0.14756990E+01
    5.61893050  0.54915734E+00    0.413000  0.14811607E+01
    5.63253566  0.54886011E+00    0.414000  0.14865979E+01
    5.64614082  0.54855679E+00    0.415000  0.14920118E+01
    5.65974597  0.54824750E+00    0.416000  0.14974025E+01
    5.67335113  0.54793287E+00    0.417000  0.15027715E+01
    5.68695629  0.54761375E+00    0.418000  0.15081210E+01
    5.70056145  0.54728897E+00    0.419000  0.15134476E+01
    5.71416661  0.54695965E+00    0.420000  0.15187542E+01
    5.72777177  0.54662481E+00    0.421000  0.15240379E+01
    5.74137693  0.54628725E+00    0.422000  0.15293064E+01
    5.75498208  0.54594214E+00    0.423000  0.15345460E+01
    5.76858724  0.54559353E+00    0.424000  0.15397679E+01
    5.78219240  0.54524042E+00    0.425000  0.15449691E+01
    5.79579756  0.54488346E+00    0.426000  0.15501513E+01
    5.80940272  0.54452247E+00    0.427000  0.15553139E+01
    5.82300788  0.54415657E+00    0.428000  0.15604542E+01
    5.83661304  0.54378636E+00    0.429000  0.15655738E+01
    5.85021819  0.54341336E+00    0.430000  0.15706769E+01
    5.86382335  0.54303626E+00    0.431000  0.15757596E+01
    5.87742851  0.54265502E+00    0.432000  0.15808217E+01
    5.89103367  0.54226970E+00    0.433000  0.15858632E+01
    5.90463883  0.54188182E+00    0.434000  0.15908884E+01
    5.91824399  0.54148977E+00    0.435000  0.15958925E+01
    5.93184915  0.54109187E+00    0.436000  0.16008704E+01
    5.94545430  0.54069470E+00    0.437000  0.16058414E+01
    5.95905946  0.54029257E+00    0.438000  0.16107886E+01
    5.97266462  0.53988588E+00    0.439000  0.16157130E+01
    5.98626978  0.53947784E+00    0.440000  0.16206241E+01
    5.99987494  0.53906740E+00    0.441000  0.16255187E+01
    6.01348010  0.53865341E+00    0.442000  0.16303932E+01
    6.02708526  0.53823672E+00    0.443000  0.16352501E+01
    6.04069041  0.53781756E+00    0.444000  0.16400900E+01
    6.05429557  0.53739629E+00    0.445000  0.16449139E+01
    6.06790073  0.53697163E+00    0.446000  0.16497178E+01
    6.08150589  0.53654387E+00    0.447000  0.16545025E+01
    6.09511105  0.53611463E+00    0.448000  0.16592729E+01
    6.10871621  0.53568203E+00    0.449000  0.16640231E+01
    6.12232137  0.53524761E+00    0.450000  0.16687578E+01
    6.13592652  0.53481127E+00    0.451000  0.16734766E+01
    6.14953168  0.53437182E+00    0.452000  0.16781757E+01
    6.16313684  0.53393061E+00    0.453000  0.16828593E+01
    6.17674200  0.53348724E+00    0.454000  0.16875260E+01
    6.19034716  0.53304275E+00    0.455000  0.16921791E+01
    6.20395232  0.53259516E+00    0.456000  0.16968122E+01
    6.21755748  0.53214490E+00    0.457000  0.17014266E+01
    6.23116263  0.53169494E+00    0.458000  0.17060317E+01
    6.24476779  0.53124169E+00    0.459000  0.17106160E+01
    6.25837295  0.53078643E+00    0.460000  0.17151835E+01
    6.27197811  0.53033070E+00    0.461000  0.17197391E+01
    6.28558327  0.52987166E+00    0.462000  0.17242736E+01
    6.29918843  0.52941141E+00    0.463000  0.17287937E+01
    6.31279359  0.52895024E+00    0.464000  0.17333003E+01
    6.32639875  0.52848467E+00    0.465000  0.17377820E+01
    6.34000390  0.52802005E+00    0.466000  0.17422562E+01
    6.35360906  0.52755330E+00    0.467000  0.17467128E+01
    6.36721422  0.52708556E+00    0.468000  0.17511555E+01
    6.38081938  0.52661575E+00    0.469000  0.17555807E+01
    6.39442454  0.52614586E+00    0.470000  0.17599949E+01
    6.40802970  0.52567381E+00    0.471000  0.17643912E+01
    6.42163486  0.52520023E+00    0.472000  0.17687716E+01
    6.43524001  0.52472599E+00    0.473000  0.17731390E+01
    6.44884517  0.52425074E+00    0.474000  0.17774922E+01
    6.46245033  0.52377358E+00    0.475000  0.17818281E+01
    6.47605549  0.52329596E+00    0.476000  0.17861516E+01
    6.48966065  0.52281687E+00    0.477000  0.17904592E+01
    6.50326581  0.52233592E+00    0.478000  0.17947495E+01
    6.51687097  0.52185544E+00    0.479000  0.17990305E+01
    6.53047612  0.52137214E+00    0.480000  0.18032908E+01
    6.54408128  0.52088938E+00    0.481000  0.18075420E+01
    6.55768644  0.52040580E+00    0.482000  0.18117794E+01
    6.57129160  0.51991988E+00    0.483000  0.18159976E+01
    6.58489676  0.51943449E+00    0.484000  0.18202066E+01
    6.59850192  0.51894708E+00    0.485000  0.18243975E+01
    6.61210708  0.51846015E+00    0.486000  0.18285790E+01
    6.62571223  0.51797144E+00    0.487000  0.18327431E+01
    6.63931739  0.51748244E+00    0.488000  0.18368951E+01
    6.65292255  0.51699235E+00    0.489000  0.18410321E+01
    6.66652771  0.51650208E+00    0.490000  0.18451573E+01
    6.68013287  0.51601146E+00    0.491000  0.18492701E+01
    6.69373803  0.51551833E+00    0.492000  0.18533627E+01
    6.70734319  0.51502566E+00    0.493000  0.18574458E+01
    6.72094834  0.51453264E+00    0.494000  0.18615164E+01
    6.73455350  0.51403868E+00    0.495000  0.18655724E+01
    6.74815866  0.51354303E+00    0.496000  0.18696110E+01
    6.76176382  0.51304852E+00    0.497000  0.18736425E+01
    6.77536898  0.51255304E+00    0.498000  0.18776592E+01
    6.78897414  0.51205744E+00    0.499000  0.18816642E+01
    6.80257930  0.51156173E+00    0.500000  0.18856575E+01
    6.81618445  0.51106476E+00    0.501000  0.18896349E+01
    6.82978961  0.51056717E+00    0.502000  0.18935987E+01
    6.84339477  0.51007200E+00    0.503000  0.18975602E+01
    6.85699993  0.50957468E+00    0.504000  0.19015024E+01
    6.87060509  0.50907658E+00    0.505000  0.19054304E+01
    6.88421025  0.50857860E+00    0.506000  0.19093475E+01
    6.89781541  0.50808035E+00    0.507000  0.19132523E+01
    6.91142056  0.50758143E+00    0.508000  0.19171432E+01
    6.92502572  0.50708275E+00    0.509000  0.19210237E+01
    6.93863088  0.50658338E+00    0.510000  0.19248902E+01
    6.95223604  0.50608430E+00    0.511000  0.19287465E+01
    6.96584120  0.50558438E+00    0.512000  0.19325882E+01
    6.97944636  0.50508496E+00    0.513000  0.19364205E+01
    6.99305152  0.50458580E+00    0.514000  0.19402424E+01
    7.00665667  0.50408610E+00    0.515000  0.19440509E+01
    7.02026183  0.50358653E+00    0.516000  0.19478485E+01
    7.03386699  0.50308745E+00    0.517000  0.19516367E+01
    7.04747215  0.50258752E+00    0.518000  0.19554102E+01
    7.06107731  0.50208739E+00    0.519000  0.19591716E+01
    7.07468247  0.50158782E+00    0.520000  0.19629238E+01
    7.08828763  0.50108830E+00    0.521000  0.19666648E+01
    7.10189278  0.50058893E+00    0.522000  0.19703951E+01
    7.11549794  0.50008986E+00    0.523000  0.19741152E+01
    7.12910310  0.49959068E+00    0.524000  0.19778235E+01
    7.14270826  0.49909166E+00    0.525000  0.19815211E+01
    7.15631342  0.49859290E+00    0.526000  0.19852084E+01
    7.16991858  0.49809405E+00    0.527000  0.19888840E+01
    7.18352374  0.49759576E+00    0.528000  0.19925505E+01
    7.19712889  0.49709620E+00    0.529000  0.19962006E+01
    7.21073405  0.49659753E+00    0.530000  0.19998429E+01
    7.22433921  0.49610011E+00    0.531000  0.20034789E+01
    7.23794437  0.49560259E+00    0.532000  0.20071032E+01
    7.25154953  0.49510645E+00    0.533000  0.20107218E+01
    7.26515469  0.49460901E+00    0.534000  0.20143238E+01
    7.27875985  0.49411286E+00    0.535000  0.20179198E+01
    7.29236501  0.49361684E+00    0.536000  0.20215050E+01
    7.30597016  0.49312134E+00    0.537000  0.20250811E+01
    7.31957532  0.49262615E+00    0.538000  0.20286472E+01
    7.33318048  0.49213163E+00    0.539000  0.20322048E+01
    7.34678564  0.49163707E+00    0.540000  0.20357510E+01
    7.36039080  0.49114406E+00    0.541000  0.20392924E+01
    7.37399596  0.49065026E+00    0.542000  0.20428193E+01
    7.38760112  0.49015805E+00    0.543000  0.20463416E+01
    7.40120627  0.48966574E+00    0.544000  0.20498523E+01
    7.41481143  0.48917333E+00    0.545000  0.20533514E+01
    7.42841659  0.48868234E+00    0.546000  0.20568453E+01
    7.44202175  0.48819197E+00    0.547000  0.20603306E+01
    7.45562691  0.48770201E+00    0.548000  0.20638065E+01
    7.46923207  0.48721335E+00    0.549000  0.20672768E+01
    7.48283723  0.48672389E+00    0.550000  0.20707326E+01
    7.49644238  0.48623620E+00    0.551000  0.20741848E+01
    7.51004754  0.48574860E+00    0.552000  0.20776263E+01
    7.52365270  0.48526182E+00    0.553000  0.20810602E+01
    7.53725786  0.48477607E+00    0.554000  0.20844875E+01
    7.55086302  0.48429047E+00    0.555000  0.20879044E+01
    7.56446818  0.48380597E+00    0.556000  0.20913150E+01
    7.57807334  0.48332057E+00    0.557000  0.20947107E+01
    7.59167849  0.48283815E+00    0.558000  0.20981083E+01
    7.60528365  0.48235512E+00    0.559000  0.21014923E+01
    7.61888881  0.48187355E+00    0.560000  0.21048717E+01
    7.63249397  0.48139321E+00    0.561000  0.21082455E+01
    7.64609913  0.48091255E+00    0.562000  0.21116070E+01
    7.65970429  0.48043342E+00    0.563000  0.21149643E+01
    7.67330945  0.47995531E+00    0.564000  0.21183152E+01
    7.68691460  0.47947626E+00    0.565000  0.21216511E+01
    7.70051976  0.47899951E+00    0.566000  0.21249863E+01
    7.71412492  0.47852342E+00    0.567000  0.21283136E+01
    7.72773008  0.47804862E+00    0.568000  0.21316358E+01
    7.74133524  0.47757497E+00    0.569000  0.21349524E+01
    7.75494040  0.47710170E+00    0.570000  0.21382599E+01
    7.76854556  0.47662936E+00    0.571000  0.21415608E+01
    7.78215071  0.47615882E+00    0.572000  0.21448591E+01
    7.79575587  0.47568771E+00    0.573000  0.21481441E+01
    7.80936103  0.47521792E+00    0.574000  0.21514244E+01
    7.82296619  0.47474989E+00    0.575000  0.21547020E+01
    7.83657135  0.47428255E+00    0.576000  0.21579721E+01
    7.85017651  0.47381658E+00    0.577000  0.21612378E+01
    7.86378167  0.47335099E+00    0.578000  0.21644947E+01
    7.87738682  0.47288674E+00    0.579000  0.21677471E+01
    7.89099198  0.47242324E+00    0.580000  0.21709924E+01
    7.90459714  0.47196061E+00    0.581000  0.21742312E+01
    7.91820230  0.47149991E+00    0.582000  0.21774684E+01
    7.93180746  0.47103936E+00    0.583000  0.21806958E+01
    7.94541262  0.47057986E+00    0.584000  0.21839176E+01
    7.95901778  0.47012209E+00    0.585000  0.21871370E+01
    7.97262293  0.46966471E+00    0.586000  0.21903478E+01
    7.98622809  0.46920948E+00    0.587000  0.21935583E+01
    7.99983325  0.46875527E+00    0.588000  0.21967632E+01
    8.01343841  0.46830145E+00    0.589000  0.21999596E+01
    8.02704357  0.46784910E+00    0.590000  0.22031526E+01
    8.04064873  0.46739712E+00    0.591000  0.22063371E+01
    8.05425389  0.46694576E+00    0.592000  0.22095142E+01
    8.06785904  0.46649664E+00    0.593000  0.22126917E+01
    8.08146420  0.46604918E+00    0.594000  0.22158669E+01
    8.09506936  0.46560216E+00    0.595000  0.22190340E+01
    8.10867452  0.46515706E+00    0.596000  0.22222001E+01
    8.12227968  0.46471246E+00    0.597000  0.22253585E+01
    8.13588484  0.46426963E+00    0.598000  0.22285153E+01
    8.14949000  0.46382780E+00    0.599000  0.22316668E+01
    8.16309515  0.46338792E+00    0.600000  0.22348177E+01
    8.17670031  0.46294807E+00    0.601000  0.22379587E+01
    8.19030547  0.46250982E+00    0.602000  0.22410975E+01
    8.20391063  0.46207206E+00    0.603000  0.22442287E+01
    8.21751579  0.46163719E+00    0.604000  0.22473640E+01
    8.23112095  0.46120280E+00    0.605000  0.22504918E+01
    8.24472611  0.46076968E+00    0.606000  0.22536159E+01
    8.25833127  0.46033832E+00    0.607000  0.22567388E+01
    8.27193642  0.45990937E+00    0.608000  0.22598637E+01
    8.28554158  0.45948073E+00    0.609000  0.22629804E+01
    8.29914674  0.45905307E+00    0.610000  0.22660922E+01
    8.31275190  0.45862703E+00    0.611000  0.22692023E+01
    8.32635706  0.45820325E+00    0.612000  0.22723139E+01
    8.33996222  0.45777964E+00    0.613000  0.22754167E+01
    8.35356738  0.45735848E+00    0.614000  0.22785221E+01
    8.36717253  0.45693784E+00    0.615000  0.22816205E+01
    8.38077769  0.45651953E+00    0.616000  0.22847210E+01
    8.39438285  0.45610229E+00    0.617000  0.22878174E+01
    8.40798801  0.45568643E+00    0.618000  0.22909112E+01
    8.42159317  0.45527180E+00    0.619000  0.22940018E+01
    8.43519833  0.45486008E+00    0.620000  0.22970976E+01
    8.44880349  0.45444885E+00    0.621000  0.23001866E+01
    8.46240864  0.45403946E+00    0.622000  0.23032755E+01
    8.47601380  0.45363169E+00    0.623000  0.23063634E+01
    8.48961896  0.45322518E+00    0.624000  0.23094484E+01
    8.50322412  0.45282089E+00    0.625000  0.23125355E+01
    8.51682928  0.45241725E+00    0.626000  0.23156168E+01
    8.53043444  0.45201608E+00    0.627000  0.23187015E+01
    8.54403960  0.45161576E+00    0.628000  0.23217815E+01
    8.55764475  0.45121841E+00    0.629000  0.23248677E+01
    8.57124991  0.45082186E+00    0.630000  0.23279490E+01
    8.58485507  0.45042707E+00    0.631000  0.23310304E+01
    8.59846023  0.45003467E+00    0.632000  0.23341152E+01
    8.61206539  0.44964315E+00    0.633000  0.23371957E+01
    8.62567055  0.44925435E+00    0.634000  0.23402814E+01
    8.63927571  0.44886687E+00    0.635000  0.23433652E+01
    8.65288086  0.44848152E+00    0.636000  0.23464513E+01
    8.66648602  0.44809803E+00    0.637000  0.23495384E+01
    8.68009118  0.44771572E+00    0.638000  0.23526230E+01
    8.69369634  0.44733679E+00    0.639000  0.23557167E+01
    8.70730150  0.44695850E+00    0.640000  0.23588052E+01
    8.72090666  0.44658003E+00    0.641000  0.23618841E+01
    8.73451182  0.44620730E+00    0.642000  0.23649848E+01
    8.74811697  0.44583365E+00    0.643000  0.23680722E+01
    8.76172213  0.44546431E+00    0.644000  0.23711740E+01
    8.77532729  0.44509637E+00    0.645000  0.23742749E+01
    8.78893245  0.44473144E+00    0.646000  0.23773835E+01
    8.80253761  0.44436800E+00    0.647000  0.23804918E+01
    8.81614277  0.44400781E+00    0.648000  0.23836093E+01
    8.82974793  0.44364859E+00    0.649000  0.23867238E+01
    8.84335308  0.44329212E+00    0.650000  0.23898450E+01
    8.85695824  0.44293903E+00    0.651000  0.23929763E+01
    8.87056340  0.44258655E+00    0.652000  0.23961029E+01
    8.88416856  0.44223751E+00    0.653000  0.23992402E+01
    8.89777372  0.44189095E+00    0.654000  0.24023830E+01
    8.91137888  0.44154650E+00    0.655000  0.24055294E+01
    8.92498404  0.44120471E+00    0.656000  0.24086825E+01
    8.93858919  0.44086677E+00    0.657000  0.24118489E+01
    8.95219435  0.44053019E+00    0.658000  0.24150151E+01
    8.96579951  0.44019599E+00    0.659000  0.24181867E+01
    8.97940467  0.43986530E+00    0.660000  0.24213700E+01
    8.99300983  0.43953765E+00    0.661000  0.24245626E+01
    9.00661499  0.43921240E+00    0.662000  0.24277610E+01
    9.02022015  0.43889069E+00    0.663000  0.24309716E+01
    9.03382530  0.43857160E+00    0.664000  0.24341894E+01
    9.04743046  0.43825577E+00    0.665000  0.24374181E+01
    9.06103562  0.43794280E+00    0.666000  0.24406556E+01
    9.07464078  0.43763258E+00    0.667000  0.24439013E+01
    9.08824594  0.43732616E+00    0.668000  0.24471612E+01
    9.10185110  0.43702331E+00    0.669000  0.24504342E+01
    9.11545626  0.43672372E+00    0.670000  0.24537186E+01
    9.12906142  0.43642749E+00    0.671000  0.24570151E+01
    9.14266657  0.43613530E+00    0.672000  0.24603277E+01
    9.15627173  0.43584619E+00    0.673000  0.24636510E+01
    9.16987689  0.43556157E+00    0.674000  0.24669932E+01
    9.18348205  0.43528072E+00    0.675000  0.24703503E+01
    9.19708721  0.43500313E+00    0.676000  0.24737196E+01
    9.21069237  0.43472976E+00    0.677000  0.24771066E+01
    9.22429753  0.43446076E+00    0.678000  0.24805123E+01
    9.23790268  0.43419631E+00    0.679000  0.24839380E+01
    9.25150784  0.43393625E+00    0.680000  0.24873828E+01
    9.26511300  0.43367933E+00    0.681000  0.24908397E+01
    9.27871816  0.43342799E+00    0.682000  0.24943229E+01
    9.29232332  0.43318149E+00    0.683000  0.24978283E+01
    9.30592848  0.43293954E+00    0.684000  0.25013544E+01
    9.31953364  0.43270217E+00    0.685000  0.25049015E+01
    9.33313879  0.43247080E+00    0.686000  0.25084780E+01
    9.34674395  0.43224411E+00    0.687000  0.25120764E+01
    9.36034911  0.43202290E+00    0.688000  0.25157016E+01
    9.37395427  0.43180781E+00    0.689000  0.25193575E+01
    9.38755943  0.43159805E+00    0.690000  0.25230396E+01
    9.40116459  0.43139439E+00    0.691000  0.25267527E+01
    9.41476975  0.43119630E+00    0.692000  0.25304939E+01
    9.42837490  0.43100538E+00    0.693000  0.25342727E+01
    9.44198006  0.43082117E+00    0.694000  0.25380867E+01
    9.45558522  0.43064269E+00    0.695000  0.25419303E+01
    9.46919038  0.43047309E+00    0.696000  0.25458224E+01
    9.48279554  0.43030977E+00    0.697000  0.25497479E+01
    9.49640070  0.43015401E+00    0.698000  0.25537145E+01
    9.51000586  0.43000663E+00    0.699000  0.25577274E+01
    9.52361101  0.42986613E+00    0.700000  0.25617780E+01
    9.53721617  0.42973498E+00    0.701000  0.25658812E+01
    9.55082133  0.42961250E+00    0.702000  0.25700333E+01
    9.56442649  0.42949890E+00    0.703000  0.25742358E+01
    9.57803165  0.42939496E+00    0.704000  0.25784938E+01
    9.59163681  0.42930028E+00    0.705000  0.25828051E+01
    9.60524197  0.42921619E+00    0.706000  0.25871781E+01
    9.61884712  0.42914330E+00    0.707000  0.25916168E+01
    9.63245228  0.42908103E+00    0.708000  0.25961181E+01
    9.64605744  0.42903033E+00    0.709000  0.26006881E+01
    9.65966260  0.42899167E+00    0.710000  0.26053301E+01
    9.67326776  0.42896669E+00    0.711000  0.26100545E+01
    9.68687292  0.42895500E+00    0.712000  0.26148593E+01
    9.70047808  0.42895724E+00    0.713000  0.26197489E+01
    9.71408323  0.42897554E+00    0.714000  0.26247368E+01
    9.72768839  0.42900897E+00    0.715000  0.26298179E+01
    9.74129355  0.42906022E+00    0.716000  0.26350092E+01
    9.75489871  0.42912837E+00    0.717000  0.26403056E+01
    9.76850387  0.42921721E+00    0.718000  0.26457311E+01
    9.78210903  0.42932568E+00    0.719000  0.26512799E+01
    9.79571419  0.42945683E+00    0.720000  0.26569714E+01
    9.80931934  0.42961230E+00    0.721000  0.26628167E+01
    9.82292450  0.42979420E+00    0.722000  0.26688296E+01
    9.83652966  0.43000485E+00    0.723000  0.26750255E+01
    9.85013482  0.43024730E+00    0.724000  0.26814244E+01
    9.86373998  0.43052614E+00    0.725000  0.26880560E+01
    9.87734514  0.43084494E+00    0.726000  0.26949439E+01
    9.89095030  0.43120907E+00    0.727000  0.27021231E+01
    9.90455545  0.43162700E+00    0.728000  0.27096483E+01
    9.91816061  0.43210643E+00    0.729000  0.27175698E+01
    9.93176577  0.43266299E+00    0.730000  0.27259881E+01
    9.94537093  0.43331144E+00    0.731000  0.27349991E+01
    9.95897609  0.43407922E+00    0.732000  0.27447794E+01
    9.97258125  0.43500196E+00    0.733000  0.27555588E+01
    9.98618641  0.43613737E+00    0.734000  0.27677087E+01
    9.99979156  0.43758128E+00    0.735000  0.27818457E+01
   10.01339672  0.43950195E+00    0.736000  0.27990518E+01
   10.02700188  0.44222350E+00    0.737000  0.28214113E+01
   10.04060704  0.44646549E+00    0.738000  0.28535504E+01
   10.05421220  0.45411543E+00    0.739000  0.29076063E+01
   10.06781736  0.47178742E+00    0.740000  0.30261192E+01
   10.08142252  0.53621644E+00    0.741000  0.34454723E+01
   10.09502768  0.64795753E+00    0.742000  0.41708328E+01
   10.10863283  0.45192091E+00    0.743000  0.29141032E+01
   10.12223799  0.43217595E+00    0.744000  0.27916951E+01
   10.13584315  0.43017492E+00    0.745000  0.27836590E+01
   10.14944831  0.43076981E+00    0.746000  0.27924051E+01
   10.16305347  0.43191529E+00    0.747000  0.28047401E+01
   10.17665863  0.43319399E+00    0.748000  0.28179677E+01
   10.19026379  0.43450827E+00    0.749000  0.28314563E+01
   10.20386894  0.43583930E+00    0.750000  0.28450841E+01
   10.21747410  0.43719086E+00    0.751000  0.28588764E+01
   10.23107926  0.43857324E+00    0.752000  0.28729013E+01
   10.24468442  0.43999463E+00    0.753000  0.28872136E+01
   10.25828958  0.44146993E+00    0.754000  0.29019126E+01
   10.27189474  0.44300627E+00    0.755000  0.29170471E+01
   10.28549990  0.44461607E+00    0.756000  0.29327010E+01
   10.29910505  0.44631006E+00    0.757000  0.29489478E+01
   10.31271021  0.44809799E+00    0.758000  0.29658549E+01
   10.32631537  0.44999093E+00    0.759000  0.29834989E+01
   10.33992053  0.45200237E+00    0.760000  0.30019729E+01
   10.35352569  0.45414591E+00    0.761000  0.30213715E+01
   10.36713085  0.45643644E+00    0.762000  0.30417984E+01
   10.38073601  0.45889478E+00    0.763000  0.30633976E+01
   10.39434116  0.46154678E+00    0.764000  0.30863477E+01
   10.40794632  0.46443407E+00    0.765000  0.31109341E+01
   10.43515664  0.47040161E+00    0.767000  0.31616008E+01
   10.44876180  0.47353639E+00    0.768000  0.31880525E+01
   10.46236696  0.47674590E+00    0.769000  0.32150795E+01
   10.47597212  0.48002289E+00    0.770000  0.32426353E+01
   10.48957727  0.48334799E+00    0.771000  0.32705911E+01
   10.50318243  0.48674236E+00    0.772000  0.32990920E+01
   10.51678759  0.49023787E+00    0.773000  0.33283568E+01
   10.53039275  0.49386570E+00    0.774000  0.33586009E+01
   10.54399791  0.49765324E+00    0.775000  0.33900154E+01
   10.55760307  0.50162314E+00    0.776000  0.34227603E+01
   10.57120823  0.50579737E+00    0.777000  0.34569920E+01
   10.58481338  0.51019593E+00    0.778000  0.34928544E+01
   10.59841854  0.51484442E+00    0.779000  0.35305307E+01
   10.61202370  0.51977025E+00    0.780000  0.35702176E+01
   10.62562886  0.52500868E+00    0.781000  0.36121673E+01
   10.63923402  0.53059974E+00    0.782000  0.36566663E+01
   10.65283918  0.53659414E+00    0.783000  0.37040766E+01
   10.66644434  0.54305274E+00    0.784000  0.37548328E+01
   10.68004949  0.55004716E+00    0.785000  0.38094467E+01
   10.69365465  0.55767093E+00    0.786000  0.38685855E+01
   10.70725981  0.56603149E+00    0.787000  0.39330171E+01
   10.72086497  0.57525725E+00    0.788000  0.40036604E+01
   10.73447013  0.58543274E+00    0.789000  0.40811341E+01
   10.74807529  0.59650609E+00    0.790000  0.41651085E+01
   10.76168045  0.74334640E+00    0.791000  0.51988717E+01
   10.77528560  0.64744525E+00    0.792000  0.45355106E+01
   10.78889076  0.67323489E+00    0.793000  0.47238259E+01
   10.80249592  0.70851826E+00    0.794000  0.49794492E+01
   10.81610108  0.72912340E+00    0.795000  0.51325496E+01
   10.82970624  0.74470255E+00    0.796000  0.52506816E+01
   10.84331140  0.75827085E+00    0.797000  0.53549670E+01
   10.85691656  0.77033788E+00    0.798000  0.54489417E+01
   10.87052171  0.78063547E+00    0.799000  0.55306546E+01
   10.88412687  0.78860217E+00    0.800000  0.55960612E+01
   10.89773203  0.79354509E+00    0.801000  0.56401573E+01
   10.91133719  0.79477469E+00    0.802000  0.56579309E+01
   10.92494235  0.79165205E+00    0.803000  0.56446998E+01
   10.93854751  0.78358522E+00    0.804000  0.55960881E+01
   10.95215267  0.77048144E+00    0.805000  0.55112636E+01
   10.96575782  0.74208043E+00    0.806000  0.53165460E+01
   10.97936298  0.70571295E+00    0.807000  0.50640174E+01
   10.99296814  0.66979937E+00    0.808000  0.48139243E+01
   11.00657330  0.63613441E+00    0.809000  0.45792013E+01
   11.02017846  0.60586671E+00    0.810000  0.43682067E+01
   11.03378362  0.57923886E+00    0.811000  0.41828082E+01
   11.04738878  0.55605783E+00    0.812000  0.40217337E+01
   11.06099394  0.53595069E+00    0.813000  0.38823993E+01
   11.07459909  0.51851046E+00    0.814000  0.37619571E+01
   11.08820425  0.50335123E+00    0.815000  0.36576937E+01
   11.10180941  0.49013051E+00    0.816000  0.35671942E+01
   11.11541457  0.47855466E+00    0.817000  0.34883843E+01
   11.12901973  0.46837691E+00    0.818000  0.34195185E+01
   11.14262489  0.45939070E+00    0.819000  0.33591340E+01
   11.15623005  0.45142264E+00    0.820000  0.33060017E+01
   11.16983520  0.44432853E+00    0.821000  0.32590985E+01
   11.18344036  0.43798683E+00    0.822000  0.32175615E+01
   11.19704552  0.43229622E+00    0.823000  0.31806707E+01
   11.21065068  0.42716950E+00    0.824000  0.31478059E+01
   11.22425584  0.42253527E+00    0.825000  0.31184593E+01
   11.23786100  0.41833149E+00    0.826000  0.30921891E+01
   11.25146616  0.41450311E+00    0.827000  0.30686024E+01
   11.26507131  0.41100516E+00    0.828000  0.30473787E+01
   11.27867647  0.40779896E+00    0.829000  0.30282419E+01
   11.29228163  0.40485148E+00    0.830000  0.30109564E+01
   11.30588679  0.40213354E+00    0.831000  0.29953136E+01
   11.31949195  0.39961983E+00    0.832000  0.29811326E+01
   11.33309711  0.39728816E+00    0.833000  0.29682545E+01
   11.34670227  0.39512037E+00    0.834000  0.29565496E+01
   11.36030742  0.39309934E+00    0.835000  0.29458953E+01
   11.37391258  0.39121082E+00    0.836000  0.29361896E+01
   11.38751774  0.38944251E+00    0.837000  0.29273445E+01
   11.40112290  0.38778316E+00    0.838000  0.29192795E+01
   11.41472806  0.38622443E+00    0.839000  0.29119354E+01
   11.42833322  0.38475625E+00    0.840000  0.29052396E+01
   11.44193838  0.38337522E+00    0.841000  0.28991695E+01
   11.45554353  0.38206356E+00    0.842000  0.28935933E+01
   11.46914869  0.38082787E+00    0.843000  0.28885636E+01
   11.48275385  0.37965745E+00    0.844000  0.28840016E+01
   11.49635901  0.37855007E+00    0.845000  0.28798925E+01
   11.50996417  0.37750003E+00    0.846000  0.28761952E+01
   11.52356933  0.37650443E+00    0.847000  0.28728894E+01
   11.53717449  0.37556103E+00    0.848000  0.28699598E+01
   11.55077964  0.37466689E+00    0.849000  0.28673858E+01
   11.56438480  0.37381948E+00    0.850000  0.28651497E+01
   11.57798996  0.37301844E+00    0.851000  0.28632502E+01
   11.59159512  0.37226175E+00    0.852000  0.28616734E+01
   11.60520028  0.37154940E+00    0.853000  0.28604208E+01
   11.61880544  0.37089084E+00    0.854000  0.28595667E+01
   11.63241060  0.37028575E+00    0.855000  0.28591105E+01
   11.64601575  0.36973922E+00    0.856000  0.28590933E+01
   11.65962091  0.36923997E+00    0.857000  0.28594299E+01
   11.67322607  0.36876067E+00    0.858000  0.28599099E+01
   11.68683123  0.36828957E+00    0.859000  0.28604426E+01
   11.70043639  0.36781885E+00    0.860000  0.28609676E+01
   11.71404155  0.36737225E+00    0.861000  0.28616698E+01
   11.72764671  0.36696466E+00    0.862000  0.28626661E+01
   11.74125186  0.36663712E+00    0.863000  0.28642786E+01
   11.75485702  0.36641732E+00    0.864000  0.28667265E+01
   11.76846218  0.36632233E+00    0.865000  0.28701473E+01
   11.78206734  0.36635269E+00    0.866000  0.28745495E+01
   11.79567250  0.36652841E+00    0.867000  0.28800946E+01
   11.80927766  0.36660942E+00    0.868000  0.28848984E+01
   11.82288282  0.36684528E+00    0.869000  0.28909243E+01
   11.83648797  0.36717350E+00    0.870000  0.28976845E+01
   11.85009313  0.36775460E+00    0.871000  0.29064508E+01
   11.86369829  0.36877653E+00    0.872000  0.29187192E+01
   11.87730345  0.37075278E+00    0.873000  0.29385748E+01
   11.89090861  0.37295745E+00    0.874000  0.29602883E+01
   11.90451377  0.30567790E+00    0.875000  0.24297426E+01
   11.91811893  0.36836103E+00    0.876000  0.29321793E+01
   11.93172408  0.38062847E+00    0.877000  0.30341556E+01
   11.94532924  0.40618943E+00    0.878000  0.32425303E+01
   11.95893440  0.57406625E+00    0.879000  0.45891833E+01
   11.97253956  0.30748431E+00    0.880000  0.24615771E+01
   11.98614472  0.32615196E+00    0.881000  0.26147290E+01
   11.99974988  0.33412125E+00    0.882000  0.26824160E+01
   12.01335504  0.33807985E+00    0.883000  0.27180397E+01
   12.02696020  0.34095702E+00    0.884000  0.27450467E+01
   12.04056535  0.34228928E+00    0.885000  0.27596636E+01
   12.05417051  0.34306642E+00    0.886000  0.27698288E+01
   12.06777567  0.34341732E+00    0.887000  0.27765655E+01
   12.08138083  0.34371194E+00    0.888000  0.27828545E+01
   12.09498599  0.34385215E+00    0.889000  0.27878983E+01
   12.10859115  0.34382777E+00    0.890000  0.27916089E+01
   12.12219631  0.34350724E+00    0.891000  0.27929111E+01
   12.13580146  0.34213791E+00    0.892000  0.27856667E+01
   12.14940662  0.34366680E+00    0.893000  0.28020213E+01
   12.16301178  0.34350581E+00    0.894000  0.28046133E+01
   12.17661694  0.34325136E+00    0.895000  0.28064376E+01
   12.19022210  0.34301871E+00    0.896000  0.28084345E+01
   12.20382726  0.34276389E+00    0.897000  0.28102444E+01
   12.21743242  0.34248297E+00    0.898000  0.28118342E+01
   12.23103757  0.34217345E+00    0.899000  0.28131825E+01
   12.24464273  0.34182679E+00    0.900000  0.28142179E+01
   12.25824789  0.34143760E+00    0.901000  0.28148949E+01
   12.27185305  0.34097952E+00    0.902000  0.28149943E+01
   12.28545821  0.34041910E+00    0.903000  0.28142372E+01
   12.29906337  0.33969110E+00    0.904000  0.28120801E+01
   12.31266853  0.33866426E+00    0.905000  0.28074292E+01
   12.32627368  0.33703251E+00    0.906000  0.27977335E+01
   12.33987884  0.33404264E+00    0.907000  0.27767114E+01
   12.35348400  0.32603262E+00    0.908000  0.27138346E+01
   12.36708916  0.35070036E+00    0.909000  0.29231506E+01
   12.38069432  0.34448807E+00    0.910000  0.28752859E+01
   12.39429948  0.34342367E+00    0.911000  0.28703055E+01
   12.40790464  0.34272770E+00    0.912000  0.28683844E+01
   12.42150979  0.34195319E+00    0.913000  0.28657893E+01
   12.43511495  0.34129533E+00    0.914000  0.28641555E+01
   12.44872011  0.34073679E+00    0.915000  0.28633414E+01
   12.46232527  0.34024268E+00    0.916000  0.28630567E+01
   12.47593043  0.33979610E+00    0.917000  0.28631613E+01
   12.48953559  0.33937849E+00    0.918000  0.28635002E+01
   12.50314075  0.33898469E+00    0.919000  0.28640308E+01
   12.51674590  0.33860816E+00    0.920000  0.28646985E+01
   12.53035106  0.33824574E+00    0.921000  0.28654772E+01
   12.54395622  0.33789032E+00    0.922000  0.28663070E+01
   12.55756138  0.33754801E+00    0.923000  0.28672401E+01
   12.57116654  0.33721361E+00    0.924000  0.28682327E+01
   12.58477170  0.33688641E+00    0.925000  0.28692790E+01
   12.59837686  0.33656744E+00    0.926000  0.28703881E+01
   12.61198201  0.33625806E+00    0.927000  0.28715718E+01
   12.62558717  0.33596022E+00    0.928000  0.28728472E+01
   12.63919233  0.33568407E+00    0.929000  0.28743015E+01
   12.65279749  0.33545099E+00    0.930000  0.28761188E+01
   12.66640265  0.33533323E+00    0.931000  0.28789209E+01
   12.68000781  0.33543356E+00    0.932000  0.28835951E+01
   12.69361297  0.33482933E+00    0.933000  0.28822068E+01
   12.70721812  0.33420931E+00    0.934000  0.28806686E+01
   12.72082328  0.33384587E+00    0.935000  0.28813308E+01
   12.73442844  0.33355162E+00    0.936000  0.28825827E+01
   12.74803360  0.33328316E+00    0.937000  0.28840511E+01
   12.76163876  0.33303214E+00    0.938000  0.28856645E+01
   12.77524392  0.33279435E+00    0.939000  0.28873869E+01
   12.78884908  0.33256789E+00    0.940000  0.28892024E+01
   12.80245423  0.33234234E+00    0.941000  0.28910207E+01
   12.81605939  0.33205079E+00    0.942000  0.28922589E+01
   12.82966455  0.33157928E+00    0.943000  0.28919210E+01
   12.84326971  0.33068001E+00    0.944000  0.28878367E+01
   12.85687487  0.32959164E+00    0.945000  0.28820784E+01
   12.87048003  0.32990504E+00    0.946000  0.28885689E+01
   12.88408519  0.32936261E+00    0.947000  0.28875634E+01
   12.89769034  0.32933303E+00    0.948000  0.28910476E+01
   12.91129550  0.32921825E+00    0.949000  0.28937822E+01
   12.92490066  0.32890278E+00    0.950000  0.28947479E+01
   12.93850582  0.32855824E+00    0.951000  0.28954503E+01
   12.95211098  0.32836829E+00    0.952000  0.28975089E+01
   12.96571614  0.32827760E+00    0.953000  0.29004402E+01
   12.97932130  0.32815996E+00    0.954000  0.29031310E+01
   12.99292646  0.32793921E+00    0.955000  0.29049057E+01
   13.00653161  0.32748123E+00    0.956000  0.29045714E+01
   13.02013677  0.32740529E+00    0.957000  0.29076195E+01
   13.03374193  0.32732229E+00    0.958000  0.29106030E+01
   13.04734709  0.32683577E+00    0.959000  0.29099920E+01
   13.06095225  0.32633814E+00    0.960000  0.29092708E+01
   13.07455741  0.32633011E+00    0.961000  0.29129086E+01
   13.08816257  0.32589388E+00    0.962000  0.29127191E+01
   13.10176772  0.32556934E+00    0.963000  0.29135192E+01
   13.11537288  0.32518627E+00    0.964000  0.29137875E+01
   13.12897804  0.32488894E+00    0.965000  0.29148164E+01
   13.14258320  0.32460042E+00    0.966000  0.29159176E+01
   13.15618836  0.32431985E+00    0.967000  0.29170837E+01
   13.16979352  0.32406696E+00    0.968000  0.29184928E+01
   13.18339868  0.32376527E+00    0.969000  0.29194560E+01
   13.19700383  0.32347620E+00    0.970000  0.29205264E+01
   13.21060899  0.32316814E+00    0.971000  0.29214185E+01
   13.22421415  0.32293535E+00    0.972000  0.29229849E+01
   13.23781931  0.32292005E+00    0.973000  0.29265170E+01
   13.25142447  0.32248958E+00    0.974000  0.29262816E+01
   13.26502963  0.32236253E+00    0.975000  0.29287930E+01
   13.27863479  0.32220425E+00    0.976000  0.29310175E+01
   13.30584510  0.32124921E+00    0.978000  0.29296330E+01
   13.31945026  0.32101079E+00    0.979000  0.29311076E+01
   13.33305542  0.32097964E+00    0.980000  0.29344718E+01
   13.34666058  0.32062326E+00    0.981000  0.29348582E+01
   13.36026574  0.32032051E+00    0.982000  0.29357280E+01
   13.37387090  0.32006449E+00    0.983000  0.29370198E+01
   13.38747605  0.31974503E+00    0.984000  0.29377228E+01
   13.40108121  0.31941404E+00    0.985000  0.29383126E+01
   13.41468637  0.31898187E+00    0.986000  0.29379629E+01
   13.42829153  0.31875664E+00    0.987000  0.29395117E+01
   13.44189669  0.31847290E+00    0.988000  0.29405152E+01
   13.45550185  0.31820446E+00    0.989000  0.29416537E+01
   13.46910701  0.31782419E+00    0.990000  0.29417509E+01
   13.48271216  0.31747120E+00    0.991000  0.29420924E+01
   13.49631732  0.31711422E+00    0.992000  0.29423888E+01
   13.50992248  0.31674702E+00    0.993000  0.29425821E+01
   13.52352764  0.31585839E+00    0.994000  0.29379171E+01
   13.53713280  0.31605040E+00    0.995000  0.29432956E+01
   13.55073796  0.31570454E+00    0.996000  0.29436633E+01
   13.56434312  0.31574647E+00    0.997000  0.29476434E+01
   13.57794827  0.31553126E+00    0.998000  0.29492209E+01
   13.59155343  0.31478222E+00    0.999000  0.29457979E+01
   13.60515859  0.31376585E+00    1.000000  0.29398531E+01
   13.61876375  0.31458604E+00    1.001000  0.29511138E+01
   13.63236891  0.31760952E+00    1.002000  0.29830872E+01
   13.64597407  0.31822789E+00    1.003000  0.29925124E+01
   13.65957923  0.31805958E+00    1.004000  0.29945450E+01
   13.67318438  0.31705227E+00    1.005000  0.29886651E+01
   13.70039470  0.31619604E+00    1.007000  0.29877823E+01
   13.71399986  0.31548836E+00    1.008000  0.29846815E+01
   13.75481534  0.31402304E+00    1.011000  0.29815273E+01
   13.76842049  0.31399963E+00    1.012000  0.29848743E+01
   13.78202565  0.31390969E+00    1.013000  0.29875875E+01
   13.79563081  0.31382896E+00    1.014000  0.29903865E+01
   13.80923597  0.31372405E+00    1.015000  0.29929529E+01
   13.82284113  0.31331691E+00    1.016000  0.29926302E+01
   13.83644629  0.31306579E+00    1.017000  0.29937903E+01
   13.85005145  0.31288393E+00    1.018000  0.29956077E+01
   13.86365660  0.31278660E+00    1.019000  0.29982313E+01
   13.87726176  0.31245572E+00    1.020000  0.29986113E+01
   13.89086692  0.31207697E+00    1.021000  0.29985239E+01
   13.90447208  0.31181420E+00    1.022000  0.29995435E+01
   13.91807724  0.31144268E+00    1.023000  0.29995098E+01
   13.93168240  0.31118120E+00    1.024000  0.30005287E+01
   13.94528756  0.31089161E+00    1.025000  0.30012702E+01
   13.95889272  0.31070784E+00    1.026000  0.30030280E+01
   13.97249787  0.31074818E+00    1.027000  0.30069501E+01
   13.98610303  0.31074658E+00    1.028000  0.30104669E+01
   13.99970819  0.31055520E+00    1.029000  0.30121429E+01
   14.01331335  0.30996785E+00    1.030000  0.30099695E+01
   14.02691851  0.31003504E+00    1.031000  0.30141461E+01
   14.04052367  0.30986896E+00    1.032000  0.30160538E+01
   14.05412883  0.30987215E+00    1.033000  0.30196071E+01
   14.06773398  0.31026782E+00    1.034000  0.30269896E+01
   14.08133914  0.31003282E+00    1.035000  0.30282211E+01
   14.09494430  0.30967990E+00    1.036000  0.30282941E+01
   14.10854946  0.30966060E+00    1.037000  0.30316253E+01
   14.12215462  0.30968717E+00    1.038000  0.30354056E+01
   14.13575978  0.30957433E+00    1.039000  0.30378185E+01
   14.14936494  0.30913381E+00    1.040000  0.30370097E+01
   14.16297009  0.30918743E+00    1.041000  0.30410510E+01
   14.17657525  0.30887474E+00    1.042000  0.30414865E+01
   14.19018041  0.30801503E+00    1.043000  0.30365221E+01
   14.20378557  0.30784993E+00    1.044000  0.30383938E+01
   14.21739073  0.30789833E+00    1.045000  0.30423714E+01
   14.23099589  0.30768198E+00    1.046000  0.30437310E+01
   14.24460105  0.30741930E+00    1.047000  0.30446269E+01
   14.25820620  0.30700968E+00    1.048000  0.30440599E+01
   14.27181136  0.30670987E+00    1.049000  0.30445736E+01
   14.28541652  0.30679446E+00    1.050000  0.30489006E+01
   14.29902168  0.30646297E+00    1.051000  0.30490899E+01
   14.31262684  0.30610057E+00    1.052000  0.30489637E+01
   14.32623200  0.30593910E+00    1.053000  0.30508329E+01
   14.33983716  0.30571755E+00    1.054000  0.30520987E+01
   14.35344231  0.30560242E+00    1.055000  0.30544231E+01
   14.36704747  0.30543241E+00    1.056000  0.30561958E+01
   14.38065263  0.30518110E+00    1.057000  0.30571501E+01
   14.39425779  0.30506689E+00    1.058000  0.30594737E+01
   14.40786295  0.30478544E+00    1.059000  0.30601156E+01
   14.42146811  0.30467152E+00    1.060000  0.30624350E+01
   14.43507327  0.30455557E+00    1.061000  0.30647314E+01
   14.44867842  0.30443135E+00    1.062000  0.30669418E+01
   14.46228358  0.30421551E+00    1.063000  0.30682254E+01
   14.47588874  0.30392306E+00    1.064000  0.30687305E+01
   14.48949390  0.30353798E+00    1.065000  0.30682927E+01
   14.50309906  0.30335942E+00    1.066000  0.30699360E+01
   14.51670422  0.30413844E+00    1.067000  0.30812767E+01
   14.53030938  0.30462628E+00    1.068000  0.30896817E+01
   14.54391453  0.30463096E+00    1.069000  0.30931919E+01
   14.55751969  0.30426473E+00    1.070000  0.30929318E+01
   14.57112485  0.30383966E+00    1.071000  0.30920646E+01
   14.58473001  0.30353441E+00    1.072000  0.30924085E+01
   14.59833517  0.30325144E+00    1.073000  0.30929727E+01
   14.61194033  0.30318838E+00    1.074000  0.30957758E+01
   14.62554549  0.30318515E+00    1.075000  0.30991891E+01
   14.63915064  0.30310038E+00    1.076000  0.31017680E+01
   14.65275580  0.30292651E+00    1.077000  0.31034320E+01
   14.66636096  0.30318794E+00    1.078000  0.31095567E+01
   14.67996612  0.30295596E+00    1.079000  0.31106211E+01
   14.69357128  0.30285031E+00    1.080000  0.31129789E+01
   14.70717644  0.30313797E+00    1.081000  0.31193815E+01
   14.72078160  0.30318674E+00    1.082000  0.31233296E+01
   14.73438675  0.30276067E+00    1.083000  0.31223819E+01
   14.74799191  0.30273029E+00    1.084000  0.31255097E+01
   14.76159707  0.30264575E+00    1.085000  0.31280771E+01
   14.77520223  0.30241430E+00    1.086000  0.31291224E+01
   14.78880739  0.30240420E+00    1.087000  0.31324553E+01
   14.80241255  0.30246415E+00    1.088000  0.31365144E+01
   14.81601771  0.30236206E+00    1.089000  0.31388927E+01
   14.82962286  0.30200864E+00    1.090000  0.31386567E+01
   14.84322802  0.30197279E+00    1.091000  0.31417166E+01
   14.85683318  0.30183566E+00    1.092000  0.31437209E+01
   14.87043834  0.30185139E+00    1.093000  0.31473159E+01
   14.88404350  0.30168268E+00    1.094000  0.31489860E+01
   14.89764866  0.30124567E+00    1.095000  0.31478487E+01
   14.91125382  0.30115279E+00    1.096000  0.31503014E+01
   14.92485898  0.30113714E+00    1.097000  0.31535607E+01
   14.93846413  0.30098361E+00    1.098000  0.31553742E+01
   14.95206929  0.30080136E+00    1.099000  0.31568828E+01
   14.96567445  0.30073395E+00    1.100000  0.31595937E+01
   14.97927961  0.30076292E+00    1.101000  0.31633169E+01
   14.99288477  0.30076124E+00    1.102000  0.31667180E+01
   15.00648993  0.30067653E+00    1.103000  0.31692438E+01
   15.02009509  0.30062375E+00    1.104000  0.31721047E+01
   15.03370024  0.30069916E+00    1.105000  0.31763185E+01
   15.04730540  0.30076714E+00    1.106000  0.31804554E+01
   15.06091056  0.30072058E+00    1.107000  0.31833813E+01
   15.07451572  0.30089245E+00    1.108000  0.31886209E+01
   15.08812088  0.30099729E+00    1.109000  0.31931534E+01
   15.10172604  0.30107841E+00    1.110000  0.31974363E+01
   15.11533120  0.30125134E+00    1.111000  0.32026971E+01
   15.12893635  0.30110582E+00    1.112000  0.32045727E+01
   15.14254151  0.30124702E+00    1.113000  0.32094997E+01
   15.15614667  0.30118156E+00    1.114000  0.32122259E+01
   15.16975183  0.30125598E+00    1.115000  0.32164440E+01
   15.18335699  0.30124948E+00    1.116000  0.32197989E+01
   15.19696215  0.30131100E+00    1.117000  0.32238814E+01
   15.21056731  0.30132942E+00    1.118000  0.32275037E+01
   15.22417246  0.30127760E+00    1.119000  0.32303733E+01
   15.23777762  0.30134668E+00    1.120000  0.32345394E+01
   15.25138278  0.30135012E+00    1.121000  0.32380017E+01
   15.26498794  0.30135495E+00    1.122000  0.32414791E+01
   15.27859310  0.30133363E+00    1.123000  0.32446751E+01
   15.29219826  0.30170011E+00    1.124000  0.32520506E+01
   15.30580342  0.30175129E+00    1.125000  0.32560323E+01
   15.31940857  0.30179883E+00    1.126000  0.32599758E+01
   15.33301373  0.30186764E+00    1.127000  0.32641504E+01
   15.34661889  0.30173721E+00    1.128000  0.32661699E+01
   15.36022405  0.30206268E+00    1.129000  0.32731265E+01
   15.37382921  0.30214340E+00    1.130000  0.32774357E+01
   15.38743437  0.30232954E+00    1.131000  0.32828914E+01
   15.40103953  0.30248272E+00    1.132000  0.32879930E+01
   15.41464468  0.30257219E+00    1.133000  0.32924049E+01
   15.42824984  0.30285239E+00    1.134000  0.32988964E+01
   15.44185500  0.30299890E+00    1.135000  0.33039365E+01
   15.45546016  0.30320401E+00    1.136000  0.33096195E+01
   15.46906532  0.30362028E+00    1.137000  0.33176146E+01
   15.48267048  0.30399936E+00    1.138000  0.33252123E+01
   15.50988079  0.30369921E+00    1.140000  0.33288334E+01
   15.52348595  0.30347626E+00    1.141000  0.33298393E+01
   15.53709111  0.30368360E+00    1.142000  0.33355663E+01
   15.55069627  0.30348926E+00    1.143000  0.33368815E+01
   15.56430143  0.30390114E+00    1.144000  0.33448646E+01
   15.57790659  0.30322260E+00    1.145000  0.33408430E+01
   15.59151175  0.30296858E+00    1.146000  0.33414881E+01
   15.60511690  0.30271391E+00    1.147000  0.33421202E+01
   15.61872206  0.30226601E+00    1.148000  0.33406110E+01
   15.63232722  0.30179398E+00    1.149000  0.33388247E+01
   15.64593238  0.30138482E+00    1.150000  0.33377239E+01
   15.65953754  0.30070333E+00    1.151000  0.33335948E+01
   15.67314270  0.29961520E+00    1.152000  0.33249375E+01
   15.68674786  0.29896224E+00    1.153000  0.33210897E+01
   15.70035301  0.29796824E+00    1.154000  0.33134346E+01
   15.71395817  0.29700610E+00    1.155000  0.33061116E+01
   15.72756333  0.29588128E+00    1.156000  0.32969539E+01
   15.74116849  0.29484293E+00    1.157000  0.32887353E+01
   15.75477365  0.29357625E+00    1.158000  0.32779436E+01
   15.76837881  0.29235040E+00    1.159000  0.32675794E+01
   15.78198397  0.29139102E+00    1.160000  0.32601687E+01
   15.79558912  0.29038050E+00    1.161000  0.32521635E+01
   15.80919428  0.28895270E+00    1.162000  0.32394571E+01
   15.82279944  0.28785866E+00    1.163000  0.32304639E+01
   15.83640460  0.28673006E+00    1.164000  0.32210575E+01
   15.85000976  0.28510780E+00    1.165000  0.32060743E+01
   15.86361492  0.28375487E+00    1.166000  0.31940859E+01
   15.87722008  0.28287666E+00    1.167000  0.31874157E+01
   15.89082524  0.28173842E+00    1.168000  0.31777927E+01
   15.90443039  0.28118663E+00    1.169000  0.31747652E+01
   15.91803555  0.28023623E+00    1.170000  0.31672201E+01
   15.93164071  0.27940669E+00    1.171000  0.31610207E+01
   15.94524587  0.27857306E+00    1.172000  0.31547560E+01
   15.95885103  0.27794947E+00    1.173000  0.31508535E+01
   15.97245619  0.27729222E+00    1.174000  0.31465549E+01
   15.98606135  0.27671872E+00    1.175000  0.31431926E+01
   15.99966650  0.27638818E+00    1.176000  0.31425798E+01
   16.01327166  0.27562985E+00    1.177000  0.31370905E+01
   16.02687682  0.27519999E+00    1.178000  0.31353262E+01
   16.04048198  0.27467846E+00    1.179000  0.31325068E+01
   16.05408714  0.27428993E+00    1.180000  0.31311937E+01
   16.06769230  0.27384540E+00    1.181000  0.31292319E+01
   16.08129746  0.27344755E+00    1.182000  0.31277939E+01
   16.09490261  0.27295585E+00    1.183000  0.31252724E+01
   16.10850777  0.27273326E+00    1.184000  0.31258239E+01
   16.12211293  0.27238755E+00    1.185000  0.31249580E+01
   16.13571809  0.27234956E+00    1.186000  0.31276179E+01
   16.14932325  0.27200017E+00    1.187000  0.31266974E+01
   16.16292841  0.27172444E+00    1.188000  0.31266165E+01
   16.17653357  0.27153327E+00    1.189000  0.31275033E+01
   16.19013872  0.27125350E+00    1.190000  0.31273643E+01
   16.20374388  0.27087849E+00    1.191000  0.31261198E+01
   16.21734904  0.27056905E+00    1.192000  0.31256242E+01
   16.23095420  0.27021397E+00    1.193000  0.31245938E+01
   16.24455936  0.27003194E+00    1.194000  0.31255584E+01
   16.25816452  0.26987945E+00    1.195000  0.31268610E+01
   16.27176968  0.26956852E+00    1.196000  0.31263228E+01
   16.28537483  0.27000085E+00    1.197000  0.31344058E+01
   16.29897999  0.26957120E+00    1.198000  0.31324822E+01
   16.31258515  0.26932253E+00    1.199000  0.31326540E+01
   16.32619031  0.26922248E+00    1.200000  0.31345505E+01
   16.33979547  0.26904399E+00    1.201000  0.31355306E+01
   16.35340063  0.26890721E+00    1.202000  0.31369932E+01
   16.36700579  0.26901387E+00    1.203000  0.31412953E+01
   16.39421610  0.26886409E+00    1.205000  0.31456587E+01
   16.40782126  0.26890162E+00    1.206000  0.31491544E+01
   16.42142642  0.26927234E+00    1.207000  0.31565568E+01
   16.43503158  0.26935290E+00    1.208000  0.31605629E+01
   16.44863674  0.26935629E+00    1.209000  0.31636644E+01
   16.46224190  0.26933393E+00    1.210000  0.31664633E+01
   16.47584705  0.26960878E+00    1.211000  0.31727593E+01
   16.48945221  0.26953446E+00    1.212000  0.31749485E+01
   16.50305737  0.26932234E+00    1.213000  0.31755112E+01
   16.51666253  0.26919895E+00    1.214000  0.31771163E+01
   16.53026769  0.26917413E+00    1.215000  0.31798831E+01
   16.54387285  0.26908615E+00    1.216000  0.31819025E+01
   16.55747801  0.26904465E+00    1.217000  0.31844699E+01
   16.57108316  0.26856150E+00    1.218000  0.31818040E+01
   16.58468832  0.26862799E+00    1.219000  0.31856453E+01
   16.59829348  0.26861875E+00    1.220000  0.31885891E+01
   16.61189864  0.26850142E+00    1.221000  0.31902484E+01
   16.62550380  0.26836682E+00    1.222000  0.31916996E+01
   16.63910896  0.26821390E+00    1.223000  0.31929297E+01
   16.65271412  0.26797396E+00    1.224000  0.31931195E+01
   16.67992443  0.26793480E+00    1.226000  0.31987440E+01
   16.69352959  0.26760143E+00    1.227000  0.31978059E+01
   16.70713475  0.26744154E+00    1.228000  0.31989353E+01
   16.72073991  0.26701483E+00    1.229000  0.31968665E+01
   16.73434507  0.26716250E+00    1.230000  0.32016713E+01
   16.74795023  0.26701445E+00    1.231000  0.32029322E+01
   16.76155538  0.26669067E+00    1.232000  0.32020798E+01
   16.77516054  0.26669604E+00    1.233000  0.32051758E+01
   16.78876570  0.26660783E+00    1.234000  0.32071462E+01
   16.80237086  0.26629879E+00    1.235000  0.32064557E+01
   16.81597602  0.26621776E+00    1.236000  0.32085061E+01
   16.82958118  0.26613966E+00    1.237000  0.32105900E+01
   16.84318634  0.26596845E+00    1.238000  0.32115479E+01
   16.85679150  0.26595362E+00    1.239000  0.32143919E+01
   16.87039665  0.26589732E+00    1.240000  0.32167339E+01
   16.88400181  0.26566398E+00    1.241000  0.32169308E+01
   16.89760697  0.26539743E+00    1.242000  0.32167200E+01
   16.91121213  0.26505594E+00    1.243000  0.32155939E+01
   16.92481729  0.26505381E+00    1.244000  0.32185809E+01
   16.93842245  0.26488542E+00    1.245000  0.32195470E+01
   16.95202761  0.26464158E+00    1.246000  0.32195915E+01
   16.96563276  0.26455866E+00    1.247000  0.32215899E+01
   16.97923792  0.26432289E+00    1.248000  0.32217234E+01
   16.99284308  0.26389378E+00    1.249000  0.32194929E+01
   17.00644824  0.26369987E+00    1.250000  0.32201247E+01
   17.02005340  0.26321861E+00    1.251000  0.32172398E+01
   17.03365856  0.26306184E+00    1.252000  0.32183139E+01
   17.04726372  0.26315182E+00    1.253000  0.32224060E+01
   17.06086887  0.26306765E+00    1.254000  0.32243656E+01
   17.07447403  0.26290915E+00    1.255000  0.32254113E+01
   17.08807919  0.26278632E+00    1.256000  0.32268916E+01
   17.10168435  0.26258199E+00    1.257000  0.32273672E+01
   17.11528951  0.26236820E+00    1.258000  0.32277219E+01
   17.12889467  0.26216864E+00    1.259000  0.32282469E+01
   17.14249983  0.26188951E+00    1.260000  0.32277867E+01
   17.15610498  0.26186269E+00    1.261000  0.32304328E+01
   17.16971014  0.26170797E+00    1.262000  0.32314989E+01
   17.18331530  0.26150023E+00    1.263000  0.32319063E+01
   17.19692046  0.26140617E+00    1.264000  0.32337152E+01
   17.21052562  0.26117419E+00    1.265000  0.32338142E+01
   17.22413078  0.26094389E+00    1.266000  0.32339288E+01
   17.23773594  0.26096922E+00    1.267000  0.32372092E+01
   17.25134109  0.26072410E+00    1.268000  0.32371322E+01
   17.26494625  0.26057542E+00    1.269000  0.32382482E+01
   17.27855141  0.26033033E+00    1.270000  0.32381616E+01
   17.29215657  0.26014858E+00    1.271000  0.32388579E+01
   17.30576173  0.26004403E+00    1.272000  0.32405122E+01
   17.31936689  0.25987180E+00    1.273000  0.32413200E+01
   17.33297205  0.25970351E+00    1.274000  0.32421729E+01
   17.34657720  0.25968265E+00    1.275000  0.32448643E+01
   17.36018236  0.25951488E+00    1.276000  0.32457179E+01
   17.37378752  0.25924476E+00    1.277000  0.32452863E+01
   17.38739268  0.25836747E+00    1.278000  0.32372411E+01
   17.40099784  0.25818089E+00    1.279000  0.32378381E+01
   17.41460300  0.25784221E+00    1.280000  0.32365216E+01
   17.42820816  0.25769023E+00    1.281000  0.32375430E+01
   17.44181331  0.25783171E+00    1.282000  0.32422513E+01
   17.45541847  0.25771486E+00    1.283000  0.32437114E+01
   17.46902363  0.25759250E+00    1.284000  0.32450994E+01
   17.48262879  0.25742019E+00    1.285000  0.32458547E+01
   17.49623395  0.25742811E+00    1.286000  0.32488807E+01
   17.50983911  0.25684890E+00    1.287000  0.32444904E+01
   17.52344427  0.25670406E+00    1.288000  0.32455788E+01
   17.53704942  0.25680228E+00    1.289000  0.32497397E+01
   17.55065458  0.25670747E+00    1.290000  0.32514579E+01
   17.56425974  0.25656453E+00    1.291000  0.32525638E+01
   17.57786490  0.25635840E+00    1.292000  0.32528646E+01
   17.59147006  0.25617418E+00    1.293000  0.32534390E+01
   17.60507522  0.25588978E+00    1.294000  0.32527358E+01
   17.61868038  0.25577301E+00    1.295000  0.32541588E+01
   17.63228553  0.25539668E+00    1.296000  0.32522739E+01
   17.64589069  0.25520577E+00    1.297000  0.32527438E+01
   17.65949585  0.25517676E+00    1.298000  0.32552746E+01
   17.67310101  0.25491853E+00    1.299000  0.32548781E+01
   17.68670617  0.25469239E+00    1.300000  0.32548857E+01
   17.70031133  0.25445140E+00    1.301000  0.32546983E+01
   17.71391649  0.25441850E+00    1.302000  0.32571694E+01
   17.72752164  0.25428252E+00    1.303000  0.32583190E+01
   17.74112680  0.25401966E+00    1.304000  0.32578382E+01
   17.75473196  0.25383279E+00    1.305000  0.32583269E+01
   17.76833712  0.25357033E+00    1.306000  0.32578401E+01
   17.78194228  0.25341129E+00    1.307000  0.32586773E+01
   17.79554744  0.25322102E+00    1.308000  0.32591090E+01
   17.80915260  0.25314736E+00    1.309000  0.32610384E+01
   17.82275776  0.25293544E+00    1.310000  0.32611836E+01
   17.83636291  0.25286535E+00    1.311000  0.32631542E+01
   17.84996807  0.25246522E+00    1.312000  0.32608605E+01
   17.86357323  0.25218953E+00    1.313000  0.32601663E+01
   17.87717839  0.25206696E+00    1.314000  0.32614470E+01
   17.89078355  0.25199304E+00    1.315000  0.32633550E+01
   17.90438871  0.25172314E+00    1.316000  0.32627210E+01
   17.91799387  0.25151778E+00    1.317000  0.32629182E+01
   17.93159902  0.25141074E+00    1.318000  0.32643874E+01
   17.94520418  0.25139619E+00    1.319000  0.32670561E+01
   17.95880934  0.25082753E+00    1.320000  0.32625171E+01
   17.97241450  0.25094971E+00    1.321000  0.32669589E+01
   17.98601966  0.25079508E+00    1.322000  0.32677967E+01
   17.99962482  0.25094177E+00    1.323000  0.32725604E+01
   18.01322998  0.25052661E+00    1.324000  0.32699940E+01
   18.02683513  0.25019266E+00    1.325000  0.32684791E+01
   18.04044029  0.25035675E+00    1.326000  0.32734685E+01
   18.05404545  0.25024721E+00    1.327000  0.32748808E+01
   18.06765061  0.24968283E+00    1.328000  0.32703332E+01
   18.08125577  0.24967208E+00    1.329000  0.32730304E+01
   18.09486093  0.24905351E+00    1.330000  0.32677524E+01
   18.10846609  0.24898593E+00    1.331000  0.32696959E+01
   18.12207124  0.24862000E+00    1.332000  0.32677165E+01
   18.13567640  0.24882663E+00    1.333000  0.32732607E+01
   18.14928156  0.24856562E+00    1.334000  0.32726527E+01
   18.16288672  0.24814160E+00    1.335000  0.32698906E+01
   18.17649188  0.24798093E+00    1.336000  0.32705921E+01
   18.19009704  0.24785744E+00    1.337000  0.32717809E+01
   18.20370220  0.24773015E+00    1.338000  0.32729166E+01
   18.21730735  0.24778154E+00    1.339000  0.32764120E+01
   18.23091251  0.24739478E+00    1.340000  0.32741100E+01
   18.24451767  0.24708627E+00    1.341000  0.32728357E+01
   18.25812283  0.24669871E+00    1.342000  0.32705064E+01
   18.27172799  0.24671826E+00    1.343000  0.32735700E+01
   18.28533315  0.24630796E+00    1.344000  0.32709258E+01
   18.29893831  0.24617746E+00    1.345000  0.32719911E+01
   18.31254346  0.24615569E+00    1.346000  0.32744998E+01
   18.32614862  0.24586961E+00    1.347000  0.32734890E+01
   18.33975378  0.24574862E+00    1.348000  0.32746716E+01
   18.35335894  0.24565571E+00    1.349000  0.32762259E+01
   18.36696410  0.24555036E+00    1.350000  0.32776120E+01
   18.38056926  0.24526888E+00    1.351000  0.32766428E+01
   18.39417442  0.24509750E+00    1.352000  0.32771392E+01
   18.40777957  0.24504599E+00    1.353000  0.32792360E+01
   18.42138473  0.24503432E+00    1.354000  0.32818651E+01
   18.43498989  0.24495841E+00    1.355000  0.32836328E+01
   18.44859505  0.24487090E+00    1.356000  0.32852432E+01
   18.46220021  0.24469041E+00    1.357000  0.32856031E+01
   18.47580537  0.24472016E+00    1.358000  0.32887844E+01
   18.48941053  0.24470107E+00    1.359000  0.32913093E+01
   18.50301568  0.24459381E+00    1.360000  0.32926469E+01
   18.51662084  0.24450540E+00    1.361000  0.32942361E+01
   18.53022600  0.24427282E+00    1.362000  0.32938792E+01
   18.54383116  0.24433625E+00    1.363000  0.32975118E+01
   18.55743632  0.24407711E+00    1.364000  0.32967889E+01
   18.57104148  0.24408040E+00    1.365000  0.32996078E+01
   18.58464664  0.24393888E+00    1.366000  0.33004676E+01
   18.59825179  0.24374210E+00    1.367000  0.33005758E+01
   18.61185695  0.24368489E+00    1.368000  0.33025710E+01
   18.62546211  0.24356446E+00    1.369000  0.33037075E+01
   18.63906727  0.24356441E+00    1.370000  0.33064754E+01
   18.65267243  0.24347016E+00    1.371000  0.33079634E+01
   18.66627759  0.24333793E+00    1.372000  0.33089329E+01
   18.67988275  0.24320391E+00    1.373000  0.33098750E+01
   18.69348790  0.24296341E+00    1.374000  0.33093637E+01
   18.70709306  0.24281719E+00    1.375000  0.33101321E+01
   18.72069822  0.24266795E+00    1.376000  0.33108561E+01
   18.73430338  0.24236714E+00    1.377000  0.33095069E+01
   18.74790854  0.24229987E+00    1.378000  0.33113426E+01
   18.76151370  0.24217179E+00    1.379000  0.33123449E+01
   18.77511886  0.24196543E+00    1.380000  0.33122729E+01
   18.78872402  0.24177311E+00    1.381000  0.33123884E+01
   18.80232917  0.24167353E+00    1.382000  0.33137712E+01
   18.81593433  0.24141669E+00    1.383000  0.33129937E+01
   18.82953949  0.24128655E+00    1.384000  0.33139505E+01
   18.84314465  0.24103670E+00    1.385000  0.33132588E+01
   18.85674981  0.24098923E+00    1.386000  0.33153456E+01
   18.87035497  0.24094362E+00    1.387000  0.33174569E+01
   18.88396013  0.24058869E+00    1.388000  0.33153048E+01
   18.89756528  0.24034805E+00    1.389000  0.33147208E+01
   18.91117044  0.24020958E+00    1.390000  0.33155416E+01
   18.92477560  0.23999857E+00    1.391000  0.33153571E+01
   18.93838076  0.23990227E+00    1.392000  0.33167538E+01
   18.95198592  0.23975626E+00    1.393000  0.33174604E+01
   18.96559108  0.23956126E+00    1.394000  0.33174853E+01
   18.97919624  0.23940658E+00    1.395000  0.33180646E+01
   18.99280139  0.23912413E+00    1.396000  0.33168681E+01
   19.00640655  0.23902337E+00    1.397000  0.33181875E+01
   19.02001171  0.23883317E+00    1.398000  0.33182619E+01
   19.03361687  0.23874307E+00    1.399000  0.33197239E+01
   19.04722203  0.23868615E+00    1.400000  0.33216456E+01
   19.06082719  0.23829757E+00    1.401000  0.33189466E+01
   19.07443235  0.23816852E+00    1.402000  0.33198565E+01
   19.08803750  0.23804875E+00    1.403000  0.33208930E+01
   19.10164266  0.23793838E+00    1.404000  0.33220579E+01
   19.11524782  0.23774858E+00    1.405000  0.33221104E+01
   19.12885298  0.23761788E+00    1.406000  0.33229851E+01
   19.14245814  0.23751846E+00    1.407000  0.33242947E+01
   19.15606330  0.23729643E+00    1.408000  0.33238844E+01
   19.16966846  0.23710108E+00    1.409000  0.33238433E+01
   19.18327361  0.23704764E+00    1.410000  0.33257886E+01
   19.19687877  0.23690552E+00    1.411000  0.33264876E+01
   19.21048393  0.23660009E+00    1.412000  0.33248883E+01
   19.22408909  0.23661416E+00    1.413000  0.33277756E+01
   19.23769425  0.23656307E+00    1.414000  0.33297461E+01
   19.25129941  0.23627808E+00    1.415000  0.33284205E+01
   19.26490457  0.23610738E+00    1.416000  0.33286997E+01
   19.27850972  0.23595531E+00    1.417000  0.33292379E+01
   19.29211488  0.23577317E+00    1.418000  0.33293480E+01
   19.30572004  0.23566050E+00    1.419000  0.33304357E+01
   19.31932520  0.23552790E+00    1.420000  0.33312391E+01
   19.33293036  0.23536621E+00    1.421000  0.33316275E+01
   19.34653552  0.23517834E+00    1.422000  0.33316415E+01
   19.36014068  0.23503594E+00    1.423000  0.33322959E+01
   19.37374583  0.23485805E+00    1.424000  0.33324434E+01
   19.38735099  0.23463095E+00    1.425000  0.33318881E+01
   19.40095615  0.23456383E+00    1.426000  0.33336012E+01
   19.41456131  0.23426243E+00    1.427000  0.33319806E+01
   19.42816647  0.23418110E+00    1.428000  0.33334857E+01
   19.44177163  0.23400499E+00    1.429000  0.33336388E+01
   19.45537679  0.23381867E+00    1.430000  0.33336424E+01
   19.46898194  0.23373517E+00    1.431000  0.33351087E+01
   19.48258710  0.23363473E+00    1.432000  0.33363313E+01
   19.49619226  0.23344433E+00    1.433000  0.33362659E+01
   19.50979742  0.23330574E+00    1.434000  0.33369373E+01
   19.52340258  0.23328560E+00    1.435000  0.33393009E+01
   19.53700774  0.23314933E+00    1.436000  0.33400005E+01
   19.55061290  0.23296822E+00    1.437000  0.33400542E+01
   19.56421805  0.23286597E+00    1.438000  0.33412352E+01
   19.57782321  0.23278255E+00    1.439000  0.33426843E+01
   19.59142837  0.23245638E+00    1.440000  0.33406429E+01
   19.99958313  0.22982844E+00    1.470000  0.33812504E+01
   24.99947891  0.19019580E+00    1.837500  0.35926907E+01
   29.99937469  0.16278415E+00    2.205000  0.37549098E+01
   34.99927048  0.14052949E+00    2.572500  0.38286097E+01
   39.99916626  0.12246778E+00    2.940000  0.38481265E+01
   44.99906204  0.10861949E+00    3.307500  0.38667355E+01
   49.99895782  0.96190687E-01    3.675000  0.38261078E+01
   54.99885361  0.85106867E-01    4.042500  0.37407575E+01
   59.99874939  0.79196885E-01    4.410000  0.38118269E+01
   64.99864517  0.74282049E-01    4.777500  0.38855744E+01
   69.99854095  0.70122116E-01    5.145000  0.39609010E+01
   74.99843674  0.66408651E-01    5.512500  0.40285566E+01
   79.99833252  0.63121147E-01    5.880000  0.40928067E+01
   84.99822830  0.60134675E-01    6.247500  0.41503671E+01
   89.99812408  0.57439459E-01    6.615000  0.42042949E+01
   94.99801987  0.54970008E-01    6.982500  0.42531729E+01
   99.99791565  0.52735893E-01    7.350000  0.43006109E+01
  104.99781143  0.50715451E-01    7.717500  0.43477011E+01
  109.99770721  0.49997851E-01    8.085000  0.44950427E+01
  114.99760300  0.48267133E-01    8.452500  0.45410726E+01
  119.99749878  0.46678667E-01    8.820000  0.45866205E+01
  124.99739456  0.45192694E-01    9.187500  0.46293961E+01
  129.99729034  0.43806711E-01    9.555000  0.46704173E+01
  134.99718613  0.42518842E-01    9.922500  0.47107291E+01
