       eV          sigma            Ry          om               in 10^-16                                                                       
   13.00498226  0.00000000E+00    0.955886  0.00000000E+00
   13.00653161  0.16306077E+01    0.956000  0.18571842E+01
   13.02013677  0.75428451E+01    0.957000  0.86938272E+01
   13.03374193  0.10588678E+02    0.958000  0.12348865E+02
   13.04734709  0.10570386E+02    0.959000  0.12471717E+02
   13.06095225  0.11999163E+02    0.960000  0.14321166E+02
   13.07455741  0.12482580E+02    0.961000  0.15068398E+02
   13.08816257  0.12996720E+02    0.962000  0.15866324E+02
   13.10176772  0.15151616E+02    0.963000  0.18703684E+02
   13.11537288  0.15230494E+02    0.964000  0.19008803E+02
   13.12897804  0.15494136E+02    0.965000  0.19549195E+02
   13.14258320  0.15782153E+02    0.966000  0.20127865E+02
   13.15618836  0.16027529E+02    0.967000  0.20659428E+02
   13.16979352  0.16447085E+02    0.968000  0.21424579E+02
   13.18339868  0.17152307E+02    0.969000  0.22577192E+02
   13.19700383  0.18099279E+02    0.970000  0.24070550E+02
   13.21060899  0.18738763E+02    0.971000  0.25176615E+02
   13.22421415  0.19342315E+02    0.972000  0.26251360E+02
   13.23781931  0.19867271E+02    0.973000  0.27234826E+02
   13.25142447  0.20227159E+02    0.974000  0.28004081E+02
   13.26502963  0.21580171E+02    0.975000  0.30171660E+02
   13.27863479  0.21018442E+02    0.976000  0.29672996E+02
   13.30584510  0.22961945E+02    0.978000  0.33043175E+02
   13.31945026  0.22125822E+02    0.979000  0.32141765E+02
   13.33305542  0.22619489E+02    0.980000  0.33167445E+02
   13.34666058  0.23013476E+02    0.981000  0.34059069E+02
   13.36026574  0.23194964E+02    0.982000  0.34644053E+02
   13.37387090  0.23796180E+02    0.983000  0.35866620E+02
   13.38747605  0.23959932E+02    0.984000  0.36440256E+02
   13.40108121  0.24243408E+02    0.985000  0.37202080E+02
   13.41468637  0.24582432E+02    0.986000  0.38057634E+02
   13.42829153  0.24625538E+02    0.987000  0.38460271E+02
   13.44189669  0.24873061E+02    0.988000  0.39186131E+02
   13.45550185  0.25298156E+02    0.989000  0.40200922E+02
   13.46910701  0.25214754E+02    0.990000  0.40412329E+02
   13.48271216  0.25723332E+02    0.991000  0.41578316E+02
   13.49631732  0.25845075E+02    0.992000  0.42127633E+02
   13.50992248  0.26033582E+02    0.993000  0.42790010E+02
   13.52352764  0.26326096E+02    0.994000  0.43629898E+02
   13.53713280  0.26627367E+02    0.995000  0.44492397E+02
   13.55073796  0.26863059E+02    0.996000  0.45252644E+02
   13.56434312  0.27157368E+02    0.997000  0.46118865E+02
   13.57794827  0.28388598E+02    0.998000  0.48596981E+02
   13.59155343  0.27597547E+02    0.999000  0.47619264E+02
   13.60515859  0.28105388E+02    1.000000  0.48878906E+02
   13.61876375  0.28497772E+02    1.001000  0.49950034E+02
   13.63236891  0.27810287E+02    1.002000  0.49124373E+02
   13.64597407  0.27619315E+02    1.003000  0.49163777E+02
   13.65957923  0.27209758E+02    1.004000  0.48805896E+02
   13.67318438  0.26982019E+02    1.005000  0.48765448E+02
   13.70039470  0.25717449E+02    1.007000  0.47181544E+02
   13.71399986  0.24631199E+02    1.008000  0.45524675E+02
   13.75481534  0.21080308E+02    1.011000  0.39824362E+02
   13.76842049  0.21199128E+02    1.012000  0.40337998E+02
   13.78202565  0.21995892E+02    1.013000  0.42154125E+02
   13.79563081  0.23850107E+02    1.014000  0.46032969E+02
   13.80923597  0.24570805E+02    1.015000  0.47759139E+02
   13.82284113  0.25840203E+02    1.016000  0.50578983E+02
   13.83644629  0.26008062E+02    1.017000  0.51262307E+02
   13.85005145  0.26294609E+02    1.018000  0.52185764E+02
   13.86365660  0.26434701E+02    1.019000  0.52824378E+02
   13.87726176  0.26918791E+02    1.020000  0.54158916E+02
   13.89086692  0.27137853E+02    1.021000  0.54969826E+02
   13.90447208  0.27413455E+02    1.022000  0.55902010E+02
   13.91807724  0.27741261E+02    1.023000  0.56948880E+02
   13.93168240  0.27665028E+02    1.024000  0.57169746E+02
   13.94528756  0.27958864E+02    1.025000  0.58158327E+02
   13.95889272  0.28241980E+02    1.026000  0.59132480E+02
   13.97249787  0.28583652E+02    1.027000  0.60237758E+02
   13.98610303  0.28555025E+02    1.028000  0.60566931E+02
   13.99970819  0.28073753E+02    1.029000  0.59929060E+02
   14.01331335  0.27531104E+02    1.030000  0.59146202E+02
   14.02691851  0.26993336E+02    1.031000  0.58359093E+02
   14.04052367  0.26395896E+02    1.032000  0.57427490E+02
   14.05412883  0.27917161E+02    1.033000  0.61117987E+02
   14.06773398  0.28550180E+02    1.034000  0.62893267E+02
   14.08133914  0.29040405E+02    1.035000  0.64369308E+02
   14.09494430  0.28815887E+02    1.036000  0.64264715E+02
   14.10854946  0.29800502E+02    1.037000  0.66867076E+02
   14.12215462  0.30286492E+02    1.038000  0.68370673E+02
   14.13575978  0.30502361E+02    1.039000  0.69274054E+02
   14.14936494  0.30526668E+02    1.040000  0.69745653E+02
   14.16297009  0.30576080E+02    1.041000  0.70275615E+02
   14.17657525  0.30496165E+02    1.042000  0.70507919E+02
   14.19018041  0.30429132E+02    1.043000  0.70768004E+02
   14.20378557  0.30584472E+02    1.044000  0.71546456E+02
   14.21739073  0.30722825E+02    1.045000  0.72289177E+02
   14.23099589  0.30715535E+02    1.046000  0.72690997E+02
   14.24460105  0.30994955E+02    1.047000  0.73775051E+02
   14.25820620  0.30822132E+02    1.048000  0.73784119E+02
   14.27181136  0.30724187E+02    1.049000  0.73968743E+02
   14.28541652  0.30565622E+02    1.050000  0.74003923E+02
   14.29902168  0.30416222E+02    1.051000  0.74057091E+02
   14.31262684  0.30199412E+02    1.052000  0.73941136E+02
   14.32623200  0.29875743E+02    1.053000  0.73556174E+02
   14.33983716  0.29426305E+02    1.054000  0.72851012E+02
   14.35344231  0.29481795E+02    1.055000  0.73390531E+02
   14.36704747  0.29914964E+02    1.056000  0.74876894E+02
   14.38065263  0.29405890E+02    1.057000  0.74003793E+02
   14.39425779  0.29338069E+02    1.058000  0.74233295E+02
   14.40786295  0.29078513E+02    1.059000  0.73973190E+02
   14.42146811  0.28989371E+02    1.060000  0.74141847E+02
   14.43507327  0.29002803E+02    1.061000  0.74571810E+02
   14.44867842  0.29709028E+02    1.062000  0.76792893E+02
   14.46228358  0.30319414E+02    1.063000  0.78784209E+02
   14.47588874  0.30694702E+02    1.064000  0.80178072E+02
   14.48949390  0.31137395E+02    1.065000  0.81759163E+02
   14.50309906  0.31315445E+02    1.066000  0.82653835E+02
   14.51670422  0.31512453E+02    1.067000  0.83603659E+02
   14.53030938  0.31614401E+02    1.068000  0.84305364E+02
   14.54391453  0.32112937E+02    1.069000  0.86072830E+02
   14.55751969  0.32332314E+02    1.070000  0.87101856E+02
   14.57112485  0.32464478E+02    1.071000  0.87900727E+02
   14.58473001  0.32841162E+02    1.072000  0.89368603E+02
   14.59833517  0.33082612E+02    1.073000  0.90476904E+02
   14.61194033  0.33582771E+02    1.074000  0.92302860E+02
   14.62554549  0.33823872E+02    1.075000  0.93426901E+02
   14.63915064  0.34001364E+02    1.076000  0.94380954E+02
   14.65275580  0.34101521E+02    1.077000  0.95124129E+02
   14.66636096  0.34324904E+02    1.078000  0.96215447E+02
   14.67996612  0.34398460E+02    1.079000  0.96890839E+02
   14.69357128  0.34479140E+02    1.080000  0.97588400E+02
   14.70717644  0.34635178E+02    1.081000  0.98502482E+02
   14.72078160  0.34680745E+02    1.082000  0.99105133E+02
   14.73438675  0.34682406E+02    1.083000  0.99582963E+02
   14.74799191  0.34725002E+02    1.084000  0.10017893E+03
   14.76159707  0.34831854E+02    1.085000  0.10096231E+03
   14.77520223  0.34839810E+02    1.086000  0.10146060E+03
   14.78880739  0.35026400E+02    1.087000  0.10248176E+03
   14.80241255  0.34731258E+02    1.088000  0.10209197E+03
   14.81601771  0.35058773E+02    1.089000  0.10353291E+03
   14.82962286  0.35212073E+02    1.090000  0.10446593E+03
   14.84322802  0.35295945E+02    1.091000  0.10519621E+03
   14.85683318  0.35334335E+02    1.092000  0.10579260E+03
   14.87043834  0.35266610E+02    1.093000  0.10607088E+03
   14.88404350  0.35232261E+02    1.094000  0.10644815E+03
   14.89764866  0.35445310E+02    1.095000  0.10757533E+03
   14.91125382  0.35393146E+02    1.096000  0.10789979E+03
   14.92485898  0.35726099E+02    1.097000  0.10940215E+03
   14.93846413  0.35724221E+02    1.098000  0.10988369E+03
   14.95206929  0.35617783E+02    1.099000  0.11004214E+03
   14.96567445  0.35570705E+02    1.100000  0.11038189E+03
   14.97927961  0.35549665E+02    1.101000  0.11080151E+03
   14.99288477  0.35642095E+02    1.102000  0.11157577E+03
   15.00648993  0.35772329E+02    1.103000  0.11247141E+03
   15.02009509  0.35729581E+02    1.104000  0.11282437E+03
   15.03370024  0.35755533E+02    1.105000  0.11339404E+03
   15.04730540  0.35810733E+02    1.106000  0.11405757E+03
   15.06091056  0.35676803E+02    1.107000  0.11411765E+03
   15.07451572  0.35859814E+02    1.108000  0.11519218E+03
   15.08812088  0.35840858E+02    1.109000  0.11562017E+03
   15.10172604  0.35825945E+02    1.110000  0.11606074E+03
   15.11533120  0.35903717E+02    1.111000  0.11680243E+03
   15.12893635  0.35933871E+02    1.112000  0.11739068E+03
   15.14254151  0.35818589E+02    1.113000  0.11750265E+03
   15.15614667  0.35648056E+02    1.114000  0.11742947E+03
   15.16975183  0.35426338E+02    1.115000  0.11718233E+03
   15.18335699  0.35558005E+02    1.116000  0.11810288E+03
   15.19696215  0.35575040E+02    1.117000  0.11864472E+03
   15.21056731  0.35569663E+02    1.118000  0.11911197E+03
   15.22417246  0.35456823E+02    1.119000  0.11921775E+03
   15.23777762  0.35502524E+02    1.120000  0.11985568E+03
   15.25138278  0.35488160E+02    1.121000  0.12029126E+03
   15.26498794  0.35558892E+02    1.122000  0.12101605E+03
   15.27859310  0.35620970E+02    1.123000  0.12171320E+03
   15.29219826  0.35664894E+02    1.124000  0.12234977E+03
   15.30580342  0.35699747E+02    1.125000  0.12295629E+03
   15.31940857  0.36043177E+02    1.126000  0.12463077E+03
   15.33301373  0.36103520E+02    1.127000  0.12533189E+03
   15.34661889  0.36134657E+02    1.128000  0.12593287E+03
   15.36022405  0.36406566E+02    1.129000  0.12737710E+03
   15.37382921  0.36592830E+02    1.130000  0.12852793E+03
   15.38743437  0.36925652E+02    1.131000  0.13020061E+03
   15.40103953  0.37127194E+02    1.132000  0.13141768E+03
   15.41464468  0.37545284E+02    1.133000  0.13340971E+03
   15.42824984  0.37737039E+02    1.134000  0.13460582E+03
   15.44185500  0.37968603E+02    1.135000  0.13594970E+03
   15.45546016  0.38071797E+02    1.136000  0.13683851E+03
   15.46906532  0.38218439E+02    1.137000  0.13788689E+03
   15.48267048  0.38304825E+02    1.138000  0.13872105E+03
   15.50988079  0.38342726E+02    1.140000  0.13990433E+03
   15.52348595  0.38310398E+02    1.141000  0.14030894E+03
   15.53709111  0.38420312E+02    1.142000  0.14123556E+03
   15.55069627  0.38391131E+02    1.143000  0.14165196E+03
   15.56430143  0.38459289E+02    1.144000  0.14242804E+03
   15.57790659  0.38478850E+02    1.145000  0.14302535E+03
   15.59151175  0.38518802E+02    1.146000  0.14369926E+03
   15.60511690  0.38505234E+02    1.147000  0.14417387E+03
   15.61872206  0.38434701E+02    1.148000  0.14443404E+03
   15.63232722  0.38397760E+02    1.149000  0.14481898E+03
   15.64593238  0.38404539E+02    1.150000  0.14536840E+03
   15.65953754  0.38351203E+02    1.151000  0.14568964E+03
   15.67314270  0.38421233E+02    1.152000  0.14647975E+03
   15.68674786  0.38542886E+02    1.153000  0.14746929E+03
   15.70035301  0.38730221E+02    1.154000  0.14871435E+03
   15.71395817  0.38791296E+02    1.155000  0.14947799E+03
   15.72756333  0.38442266E+02    1.156000  0.14865741E+03
   15.74116849  0.38438355E+02    1.157000  0.14916660E+03
   15.75477365  0.38607437E+02    1.158000  0.15034937E+03
   15.76837881  0.38735642E+02    1.159000  0.15137701E+03
   15.78198397  0.38844348E+02    1.160000  0.15233168E+03
   15.79558912  0.38831921E+02    1.161000  0.15281263E+03
   15.80919428  0.38800192E+02    1.162000  0.15321702E+03
   15.82279944  0.38843415E+02    1.163000  0.15391754E+03
   15.83640460  0.38881397E+02    1.164000  0.15459840E+03
   15.85000976  0.38882046E+02    1.165000  0.15513135E+03
   15.86361492  0.38875141E+02    1.166000  0.15563407E+03
   15.87722008  0.38817033E+02    1.167000  0.15593092E+03
   15.89082524  0.38576265E+02    1.168000  0.15548993E+03
   15.90443039  0.38749670E+02    1.169000  0.15671744E+03
   15.91803555  0.38799185E+02    1.170000  0.15744693E+03
   15.93164071  0.38708996E+02    1.171000  0.15760895E+03
   15.94524587  0.38674057E+02    1.172000  0.15799422E+03
   15.95885103  0.38807641E+02    1.173000  0.15906930E+03
   15.97245619  0.38792161E+02    1.174000  0.15953499E+03
   15.98606135  0.38794471E+02    1.175000  0.16007366E+03
   15.99966650  0.38800802E+02    1.176000  0.16062904E+03
   16.01327166  0.38888329E+02    1.177000  0.16152184E+03
   16.02687682  0.38870793E+02    1.178000  0.16197922E+03
   16.04048198  0.38840062E+02    1.179000  0.16238095E+03
   16.05408714  0.38819405E+02    1.180000  0.16282410E+03
   16.06769230  0.38835609E+02    1.181000  0.16342180E+03
   16.08129746  0.38744192E+02    1.182000  0.16356560E+03
   16.09490261  0.38683664E+02    1.183000  0.16383773E+03
   16.10850777  0.38599893E+02    1.184000  0.16400945E+03
   16.12211293  0.38498460E+02    1.185000  0.16410360E+03
   16.13571809  0.38474473E+02    1.186000  0.16452616E+03
   16.14932325  0.38540289E+02    1.187000  0.16533331E+03
   16.16292841  0.38551307E+02    1.188000  0.16590643E+03
   16.17653357  0.38533616E+02    1.189000  0.16635591E+03
   16.19013872  0.38465722E+02    1.190000  0.16658749E+03
   16.20374388  0.38644844E+02    1.191000  0.16789036E+03
   16.21734904  0.38687268E+02    1.192000  0.16860238E+03
   16.23095420  0.38798785E+02    1.193000  0.16961761E+03
   16.24455936  0.38835368E+02    1.194000  0.17030727E+03
   16.25816452  0.38905184E+02    1.195000  0.17114412E+03
   16.27176968  0.38964676E+02    1.196000  0.17193732E+03
   16.28537483  0.38971419E+02    1.197000  0.17249866E+03
   16.29897999  0.39060570E+02    1.198000  0.17342607E+03
   16.31258515  0.39099017E+02    1.199000  0.17413010E+03
   16.32619031  0.39141660E+02    1.200000  0.17485392E+03
   16.33979547  0.39354957E+02    1.201000  0.17634358E+03
   16.35340063  0.39448940E+02    1.202000  0.17730280E+03
   16.36700579  0.39532631E+02    1.203000  0.17821819E+03
   16.39421610  0.39645981E+02    1.205000  0.17981076E+03
   16.40782126  0.39714379E+02    1.206000  0.18066269E+03
   16.42142642  0.39744931E+02    1.207000  0.18134381E+03
   16.43503158  0.39787208E+02    1.208000  0.18207942E+03
   16.44863674  0.39907034E+02    1.209000  0.18317213E+03
   16.46224190  0.39978878E+02    1.210000  0.18404722E+03
   16.47584705  0.40021531E+02    1.211000  0.18478949E+03
   16.48945221  0.40129560E+02    1.212000  0.18583567E+03
   16.50305737  0.40174983E+02    1.213000  0.18659402E+03
   16.51666253  0.40211387E+02    1.214000  0.18731160E+03
   16.53026769  0.40274922E+02    1.215000  0.18815692E+03
   16.54387285  0.40410976E+02    1.216000  0.18934376E+03
   16.55747801  0.40488784E+02    1.217000  0.19026061E+03
   16.57108316  0.40560468E+02    1.218000  0.19115072E+03
   16.58468832  0.40570577E+02    1.219000  0.19175176E+03
   16.59829348  0.40637404E+02    1.220000  0.19262192E+03
   16.61189864  0.40674077E+02    1.221000  0.19335056E+03
   16.62550380  0.40711918E+02    1.222000  0.19408577E+03
   16.63910896  0.40765189E+02    1.223000  0.19489578E+03
   16.65271412  0.40835407E+02    1.224000  0.19578850E+03
   16.67992443  0.40916402E+02    1.226000  0.19729307E+03
   16.69352959  0.40884347E+02    1.227000  0.19769618E+03
   16.70713475  0.40997190E+02    1.228000  0.19880105E+03
   16.72073991  0.41156831E+02    1.229000  0.20013657E+03
   16.73434507  0.41176995E+02    1.230000  0.20079629E+03
   16.74795023  0.41142124E+02    1.231000  0.20118744E+03
   16.76155538  0.41143016E+02    1.232000  0.20175301E+03
   16.77516054  0.41142919E+02    1.233000  0.20231374E+03
   16.78876570  0.41101628E+02    1.234000  0.20267134E+03
   16.80237086  0.41132384E+02    1.235000  0.20338406E+03
   16.81597602  0.41060948E+02    1.236000  0.20359092E+03
   16.82958118  0.41074567E+02    1.237000  0.20421872E+03
   16.84318634  0.41004634E+02    1.238000  0.20443034E+03
   16.85679150  0.41019414E+02    1.239000  0.20506355E+03
   16.87039665  0.40954644E+02    1.240000  0.20529839E+03
   16.88400181  0.41098963E+02    1.241000  0.20658244E+03
   16.89760697  0.41090331E+02    1.242000  0.20709954E+03
   16.91121213  0.41063169E+02    1.243000  0.20752276E+03
   16.92481729  0.41062305E+02    1.244000  0.20807850E+03
   16.93842245  0.41071186E+02    1.245000  0.20868373E+03
   16.95202761  0.40996534E+02    1.246000  0.20886363E+03
   16.96563276  0.41013681E+02    1.247000  0.20951043E+03
   16.97923792  0.40874161E+02    1.248000  0.20935526E+03
   16.99284308  0.41094925E+02    1.249000  0.21104655E+03
   17.00644824  0.40955444E+02    1.250000  0.21088888E+03
   17.02005340  0.41154425E+02    1.251000  0.21247484E+03
   17.03365856  0.41134573E+02    1.252000  0.21293344E+03
   17.04726372  0.41146214E+02    1.253000  0.21355495E+03
   17.06086887  0.41183717E+02    1.254000  0.21431136E+03
   17.07447403  0.41153639E+02    1.255000  0.21471619E+03
   17.08807919  0.41147693E+02    1.256000  0.21524644E+03
   17.10168435  0.41108574E+02    1.257000  0.21560254E+03
   17.11528951  0.41043360E+02    1.258000  0.21582036E+03
   17.12889467  0.41096200E+02    1.259000  0.21665878E+03
   17.14249983  0.41152018E+02    1.260000  0.21751438E+03
   17.15610498  0.41236946E+02    1.261000  0.21852577E+03
   17.16971014  0.41248018E+02    1.262000  0.21914708E+03
   17.18331530  0.41278375E+02    1.263000  0.21987142E+03
   17.19692046  0.41284936E+02    1.264000  0.22046951E+03
   17.21052562  0.41310779E+02    1.265000  0.22117101E+03
   17.22413078  0.41293701E+02    1.266000  0.22164284E+03
   17.23773594  0.41278425E+02    1.267000  0.22212390E+03
   17.25134109  0.41244009E+02    1.268000  0.22250129E+03
   17.26494625  0.41306715E+02    1.269000  0.22340301E+03
   17.27855141  0.41294334E+02    1.270000  0.22389932E+03
   17.29215657  0.41289536E+02    1.271000  0.22443651E+03
   17.30576173  0.41236712E+02    1.272000  0.22471186E+03
   17.31936689  0.41115427E+02    1.273000  0.22461177E+03
   17.33297205  0.41163097E+02    1.274000  0.22543367E+03
   17.34657720  0.41277381E+02    1.275000  0.22662260E+03
   17.36018236  0.41324257E+02    1.276000  0.22744364E+03
   17.37378752  0.41328024E+02    1.277000  0.22802810E+03
   17.38739268  0.41319080E+02    1.278000  0.22854236E+03
   17.40099784  0.41371526E+02    1.279000  0.22939677E+03
   17.41460300  0.41352252E+02    1.280000  0.22985396E+03
   17.42820816  0.41285436E+02    1.281000  0.23004572E+03
   17.44181331  0.41340679E+02    1.282000  0.23091744E+03
   17.45541847  0.41417450E+02    1.283000  0.23191121E+03
   17.46902363  0.41448983E+02    1.284000  0.23265316E+03
   17.48262879  0.41359338E+02    1.285000  0.23271414E+03
   17.49623395  0.41476142E+02    1.286000  0.23393710E+03
   17.50983911  0.41491002E+02    1.287000  0.23458687E+03
   17.52344427  0.41585838E+02    1.288000  0.23569031E+03
   17.53704942  0.41544871E+02    1.289000  0.23602482E+03
   17.55065458  0.41605237E+02    1.290000  0.23693528E+03
   17.56425974  0.41630783E+02    1.291000  0.23764862E+03
   17.57786490  0.41685741E+02    1.292000  0.23853096E+03
   17.59147006  0.41747590E+02    1.293000  0.23945432E+03
   17.60507522  0.41759139E+02    1.294000  0.24009017E+03
   17.61868038  0.41797288E+02    1.295000  0.24087964E+03
   17.63228553  0.41837207E+02    1.296000  0.24168037E+03
   17.64589069  0.41778826E+02    1.297000  0.24191300E+03
   17.65949585  0.41705033E+02    1.298000  0.24205459E+03
   17.67310101  0.57350482E+02    1.299000  0.33364252E+03
   17.68670617  0.41687151E+02    1.300000  0.24308806E+03
   17.70031133  0.41730617E+02    1.301000  0.24391074E+03
   17.71391649  0.41877117E+02    1.302000  0.24533824E+03
   17.72752164  0.42005182E+02    1.303000  0.24666148E+03
   17.74112680  0.42071609E+02    1.304000  0.24762542E+03
   17.75473196  0.42106376E+02    1.305000  0.24840440E+03
   17.76833712  0.42126248E+02    1.306000  0.24909625E+03
   17.78194228  0.42042345E+02    1.307000  0.24917360E+03
   17.79554744  0.42078184E+02    1.308000  0.24995997E+03
   17.80915260  0.42096806E+02    1.309000  0.25064481E+03
   17.82275776  0.42145434E+02    1.310000  0.25150922E+03
   17.83636291  0.42176265E+02    1.311000  0.25226851E+03
   17.84996807  0.42148321E+02    1.312000  0.25267629E+03
   17.86357323  0.42166562E+02    1.313000  0.25336081E+03
   17.87717839  0.42161087E+02    1.314000  0.25390301E+03
   17.89078355  0.42221328E+02    1.315000  0.25484171E+03
   17.90438871  0.42223595E+02    1.316000  0.25543134E+03
   17.91799387  0.42224299E+02    1.317000  0.25601155E+03
   17.93159902  0.42201299E+02    1.318000  0.25644774E+03
   17.94520418  0.42227945E+02    1.319000  0.25718567E+03
   17.95880934  0.42248711E+02    1.320000  0.25788843E+03
   17.97241450  0.42301116E+02    1.321000  0.25878532E+03
   17.98601966  0.42342930E+02    1.322000  0.25961870E+03
   17.99962482  0.42420240E+02    1.323000  0.26067134E+03
   18.01322998  0.42491341E+02    1.324000  0.26168785E+03
   18.02683513  0.42536366E+02    1.325000  0.26254536E+03
   18.04044029  0.42610443E+02    1.326000  0.26358380E+03
   18.05404545  0.42576012E+02    1.327000  0.26395157E+03
   18.06765061  0.42491940E+02    1.328000  0.26400997E+03
   18.08125577  0.42512902E+02    1.329000  0.26472010E+03
   18.09486093  0.42408297E+02    1.330000  0.26464721E+03
   18.10846609  0.42304150E+02    1.331000  0.26457433E+03
   18.12207124  0.42287883E+02    1.332000  0.26504942E+03
   18.13567640  0.42278713E+02    1.333000  0.26556864E+03
   18.14928156  0.42352158E+02    1.334000  0.26660768E+03
   18.16288672  0.42398452E+02    1.335000  0.26747743E+03
   18.17649188  0.42449337E+02    1.336000  0.26837747E+03
   18.19009704  0.42489947E+02    1.337000  0.26921380E+03
   18.20370220  0.42533616E+02    1.338000  0.27007066E+03
   18.21730735  0.42551454E+02    1.339000  0.27076434E+03
   18.23091251  0.42557305E+02    1.340000  0.27138207E+03
   18.24451767  0.42632615E+02    1.341000  0.27244384E+03
   18.25812283  0.42659525E+02    1.342000  0.27319770E+03
   18.27172799  0.42674202E+02    1.343000  0.27387379E+03
   18.28533315  0.42700510E+02    1.344000  0.27462508E+03
   18.29893831  0.42665505E+02    1.345000  0.27498192E+03
   18.31254346  0.42695230E+02    1.346000  0.27575588E+03
   18.32614862  0.42689512E+02    1.347000  0.27630125E+03
   18.33975378  0.42721004E+02    1.348000  0.27708781E+03
   18.35335894  0.42734977E+02    1.349000  0.27776136E+03
   18.36696410  0.42712091E+02    1.350000  0.27819522E+03
   18.38056926  0.42689696E+02    1.351000  0.27863166E+03
   18.39417442  0.42672657E+02    1.352000  0.27910252E+03
   18.40777957  0.42633909E+02    1.353000  0.27943063E+03
   18.42138473  0.42691943E+02    1.354000  0.28039333E+03
   18.43498989  0.42673503E+02    1.355000  0.28085430E+03
   18.44859505  0.42607288E+02    1.356000  0.28099969E+03
   18.46220021  0.42624456E+02    1.357000  0.28169433E+03
   18.47580537  0.42633770E+02    1.358000  0.28233742E+03
   18.48941053  0.42648096E+02    1.359000  0.28301403E+03
   18.50301568  0.42669466E+02    1.360000  0.28373787E+03
   18.51662084  0.42638809E+02    1.361000  0.28411562E+03
   18.53022600  0.42628177E+02    1.362000  0.28462624E+03
   18.54383116  0.42649582E+02    1.363000  0.28535092E+03
   18.55743632  0.42719989E+02    1.364000  0.28640470E+03
   18.57104148  0.42727535E+02    1.365000  0.28703811E+03
   18.58464664  0.42728044E+02    1.366000  0.28762436E+03
   18.59825179  0.42703575E+02    1.367000  0.28804214E+03
   18.61185695  0.42717104E+02    1.368000  0.28871607E+03
   18.62546211  0.42733525E+02    1.369000  0.28940996E+03
   18.63906727  0.42679498E+02    1.370000  0.28962623E+03
   18.65267243  0.42739986E+02    1.371000  0.29061970E+03
   18.66627759  0.42764314E+02    1.372000  0.29136844E+03
   18.67988275  0.42760199E+02    1.373000  0.29192367E+03
   18.69348790  0.42801679E+02    1.374000  0.29279069E+03
   18.70709306  0.74139347E+02    1.375000  0.50817154E+03
   18.72069822  0.42780517E+02    1.376000  0.29381301E+03
   18.73430338  0.42771534E+02    1.377000  0.29433474E+03
   18.74790854  0.42734848E+02    1.378000  0.29466520E+03
   18.76151370  0.42693045E+02    1.379000  0.29495931E+03
   18.77511886  0.42670572E+02    1.380000  0.29538609E+03
   18.78872402  0.42583759E+02    1.381000  0.29536599E+03
   18.80232917  0.42583437E+02    1.382000  0.29594461E+03
   18.81593433  0.42587588E+02    1.383000  0.29655437E+03
   18.82953949  0.42603200E+02    1.384000  0.29724421E+03
   18.84314465  0.42610477E+02    1.385000  0.29787620E+03
   18.85674981  0.42599516E+02    1.386000  0.29838065E+03
   18.87035497  0.42502802E+02    1.387000  0.29828299E+03
   18.88396013  0.42546564E+02    1.388000  0.29917046E+03
   18.89756528  0.42541309E+02    1.389000  0.29971379E+03
   18.91117044  0.42539493E+02    1.390000  0.30028125E+03
   18.92477560  0.42520640E+02    1.391000  0.30072817E+03
   18.93838076  0.42530400E+02    1.392000  0.30137733E+03
   18.95198592  0.42527272E+02    1.393000  0.30193525E+03
   18.96559108  0.42511205E+02    1.394000  0.30240105E+03
   18.97919624  0.42531000E+02    1.395000  0.30312200E+03
   18.99280139  0.42542030E+02    1.396000  0.30378090E+03
   19.00640655  0.42545696E+02    1.397000  0.30438742E+03
   19.02001171  0.42565301E+02    1.398000  0.30510829E+03
   19.03361687  0.42539732E+02    1.399000  0.30550527E+03
   19.04722203  0.42540069E+02    1.400000  0.30608795E+03
   19.06082719  0.42537228E+02    1.401000  0.30664773E+03
   19.07443235  0.42550283E+02    1.402000  0.30732225E+03
   19.08803750  0.42549647E+02    1.403000  0.30789805E+03
   19.10164266  0.42520147E+02    1.404000  0.30826457E+03
   19.11524782  0.42526882E+02    1.405000  0.30889348E+03
   19.12885298  0.42477212E+02    1.406000  0.30911211E+03
   19.14245814  0.42529628E+02    1.407000  0.31007367E+03
   19.15606330  0.42515703E+02    1.408000  0.31055208E+03
   19.16966846  0.42478796E+02    1.409000  0.31086192E+03
   19.18327361  0.42522569E+02    1.410000  0.31176228E+03
   19.19687877  0.42508399E+02    1.411000  0.31223822E+03
   19.21048393  0.42510242E+02    1.412000  0.31283161E+03
   19.22408909  0.42483523E+02    1.413000  0.31321448E+03
   19.23769425  0.42513017E+02    1.414000  0.31401182E+03
   19.25129941  0.42493648E+02    1.415000  0.31444839E+03
   19.26490457  0.42491282E+02    1.416000  0.31501048E+03
   19.27850972  0.42474615E+02    1.417000  0.31546629E+03
   19.29211488  0.42455818E+02    1.418000  0.31590579E+03
   19.30572004  0.42449809E+02    1.419000  0.31644011E+03
   19.31932520  0.42432700E+02    1.420000  0.31689137E+03
   19.33293036  0.42470349E+02    1.421000  0.31775185E+03
   19.34653552  0.42456912E+02    1.422000  0.31823045E+03
   19.36014068  0.42440302E+02    1.423000  0.31868485E+03
   19.37374583  0.42457323E+02    1.424000  0.31939180E+03
   19.38735099  0.42461282E+02    1.425000  0.32000077E+03
   19.40095615  0.42437980E+02    1.426000  0.32040403E+03
   19.41456131  0.42490346E+02    1.427000  0.32137897E+03
   19.42816647  0.42429028E+02    1.428000  0.32149394E+03
   19.44177163  0.42429471E+02    1.429000  0.32207605E+03
   19.45537679  0.42436974E+02    1.430000  0.32271186E+03
   19.46898194  0.42431472E+02    1.431000  0.32324880E+03
   19.48258710  0.42430945E+02    1.432000  0.32382356E+03
   19.49619226  0.42436988E+02    1.433000  0.32444854E+03
   19.50979742  0.42433414E+02    1.434000  0.32500002E+03
   19.52340258  0.42603039E+02    1.435000  0.32688031E+03
   19.53700774  0.42392271E+02    1.436000  0.32584140E+03
   19.55061290  0.42396021E+02    1.437000  0.32644852E+03
   19.56421805  0.42377993E+02    1.438000  0.32688776E+03
   19.57782321  0.42372528E+02    1.439000  0.32742358E+03
   19.59142837  0.42338872E+02    1.440000  0.32774103E+03
   19.99958313  0.44805738E+02    1.470000  0.36517183E+03
   24.99947891  0.35901799E+02    1.837500  0.47257382E+03
   29.99937469  0.28882775E+02    2.205000  0.52496756E+03
   34.99927048  0.23316916E+02    2.572500  0.54068767E+03
   39.99916626  0.19122928E+02    2.940000  0.53929502E+03
   44.99906204  0.15883850E+02    3.307500  0.52757144E+03
   49.99895782  0.13333606E+02    3.675000  0.50970609E+03
   54.99885361  0.11323464E+02    4.042500  0.48962681E+03
   59.99874939  0.97158637E+01    4.410000  0.46881823E+03
   64.99864517  0.84122404E+01    4.777500  0.44808392E+03
   69.99854095  0.73412749E+01    5.145000  0.42783885E+03
   74.99843674  0.64514849E+01    5.512500  0.40832347E+03
   79.99833252  0.57047552E+01    5.880000  0.38965895E+03
   84.99822830  0.50724557E+01    6.247500  0.37189764E+03
   89.99812408  0.45329652E+01    6.615000  0.35506682E+03
   94.99801987  0.40692534E+01    6.982500  0.33914284E+03
   99.99791565  0.36681072E+01    7.350000  0.32409785E+03
  104.99781143  0.33190772E+01    7.717500  0.30989711E+03
  109.99770721  0.30137663E+01    8.085000  0.29649824E+03
  114.99760300  0.27453997E+01    8.452500  0.28385825E+03
  119.99749878  0.25084339E+01    8.820000  0.27193176E+03
  124.99739456  0.22983358E+01    9.187500  0.26067686E+03
  129.99729034  0.21113358E+01    9.555000  0.25005114E+03
  134.99718613  0.19442951E+01    9.922500  0.24001451E+03
