       eV          sigma            Ry          om               in 10^-16                                                                       
   12.97054923  0.00000000E+00    0.953355  0.00000000E+00
   12.97932130  0.10728518E-02    0.954000  0.46536495E-02
   12.99292646  0.17041365E-02    0.955000  0.73996863E-02
   13.00653161  0.29860448E-02    0.956000  0.12979554E-01
   13.02013677  0.44813023E-02    0.957000  0.19499422E-01
   13.03374193  0.68439753E-02    0.958000  0.29811203E-01
   13.04734709  0.72686806E-02    0.959000  0.31694197E-01
   13.06095225  0.64688496E-02    0.960000  0.28236044E-01
   13.07455741  0.53357336E-02    0.961000  0.23314338E-01
   13.08816257  0.51648271E-02    0.962000  0.22591050E-01
   13.10176772  0.48258637E-02    0.963000  0.21130360E-01
   13.11537288  0.47274587E-02    0.964000  0.20720982E-01
   13.12897804  0.46377562E-02    0.965000  0.20348893E-01
   13.14258320  0.46708633E-02    0.966000  0.20515393E-01
   13.15618836  0.48271246E-02    0.967000  0.21223673E-01
   13.16979352  0.48437440E-02    0.968000  0.21318768E-01
   13.18339868  0.48457009E-02    0.969000  0.21349413E-01
   13.19700383  0.48445070E-02    0.970000  0.21366180E-01
   13.21060899  0.48353024E-02    0.971000  0.21347569E-01
   13.22421415  0.48936661E-02    0.972000  0.21627492E-01
   13.23781931  0.51212900E-02    0.973000  0.22656758E-01
   13.25142447  0.37730431E-02    0.974000  0.16709224E-01
   13.26502963  0.30872149E-02    0.975000  0.13686016E-01
   13.27863479  0.30581378E-02    0.976000  0.13571018E-01
   13.30584510  0.36891147E-02    0.978000  0.16404635E-01
   13.31945026  0.49076392E-02    0.979000  0.21845444E-01
   13.33305542  0.38738273E-02    0.980000  0.17261236E-01
   13.34666058  0.40769790E-02    0.981000  0.18184989E-01
   13.36026574  0.48721194E-02    0.982000  0.21753792E-01
   13.37387090  0.48213006E-02    0.983000  0.21548810E-01
   13.38747605  0.48946786E-02    0.984000  0.21899028E-01
   13.40108121  0.49531719E-02    0.985000  0.22183251E-01
   13.41468637  0.52043388E-02    0.986000  0.23331789E-01
   13.42829153  0.50767683E-02    0.987000  0.22782955E-01
   13.44189669  0.50122020E-02    0.988000  0.22515991E-01
   13.45550185  0.49881773E-02    0.989000  0.22430747E-01
   13.46910701  0.49906023E-02    0.990000  0.22464343E-01
   13.48271216  0.50181528E-02    0.991000  0.22611173E-01
   13.49631732  0.51013291E-02    0.992000  0.23009150E-01
   13.50992248  0.52261666E-02    0.993000  0.23595982E-01
   13.52352764  0.52564213E-02    0.994000  0.23756481E-01
   13.53713280  0.52702633E-02    0.995000  0.23843003E-01
   13.55073796  0.54517356E-02    0.996000  0.24688783E-01
   13.56434312  0.54316584E-02    0.997000  0.24622558E-01
   13.57794827  0.54181111E-02    0.998000  0.24585781E-01
   13.59155343  0.54628907E-02    0.999000  0.24813816E-01
   13.60515859  0.50584295E-02    1.000000  0.22999652E-01
   13.61876375  0.53488674E-02    1.001000  0.24344534E-01
   13.63236891  0.54349662E-02    1.002000  0.24761111E-01
   13.64597407  0.53584315E-02    1.003000  0.24436791E-01
   13.65957923  0.53417241E-02    1.004000  0.24384886E-01
   13.67318438  0.50625356E-02    1.005000  0.23133413E-01
   13.70039470  0.52424993E-02    1.007000  0.24003436E-01
   13.71399986  0.44985953E-02    1.008000  0.20617833E-01
   13.75481534  0.33751576E-02    1.011000  0.15514964E-01
   13.76842049  0.34954601E-02    1.012000  0.16083865E-01
   13.78202565  0.35515085E-02    1.013000  0.16357912E-01
   13.79563081  0.39240457E-02    1.014000  0.18091625E-01
   13.80923597  0.35528962E-02    1.015000  0.16396612E-01
   13.82284113  0.38651835E-02    1.016000  0.17855392E-01
   13.83644629  0.39037846E-02    1.017000  0.18051461E-01
   13.85005145  0.41202053E-02    1.018000  0.19070944E-01
   13.86365660  0.41713110E-02    1.019000  0.19326460E-01
   13.87726176  0.44312272E-02    1.020000  0.20550848E-01
   13.89086692  0.41182562E-02    1.021000  0.19118097E-01
   13.90447208  0.42253164E-02    1.022000  0.19634312E-01
   13.91807724  0.48591839E-02    1.023000  0.22601878E-01
   13.93168240  0.51938080E-02    1.024000  0.24181955E-01
   13.94528756  0.49357061E-02    1.025000  0.23002695E-01
   13.95889272  0.51801291E-02    1.026000  0.24165373E-01
   13.97249787  0.52705153E-02    1.027000  0.24610990E-01
   13.98610303  0.46045330E-02    1.028000  0.21522081E-01
   13.99970819  0.43946109E-02    1.029000  0.20560864E-01
   14.01331335  0.43578041E-02    1.030000  0.20408472E-01
   14.02691851  0.46367713E-02    1.031000  0.21736014E-01
   14.04052367  0.52316702E-02    1.032000  0.24548537E-01
   14.05412883  0.57689953E-02    1.033000  0.27096055E-01
   14.06773398  0.56504236E-02    1.034000  0.26564834E-01
   14.08133914  0.52410502E-02    1.035000  0.24664041E-01
   14.09494430  0.49733144E-02    1.036000  0.23426706E-01
   14.10854946  0.50140862E-02    1.037000  0.23641559E-01
   14.12215462  0.52723120E-02    1.038000  0.24883073E-01
   14.13575978  0.50416422E-02    1.039000  0.23817333E-01
   14.14936494  0.49687402E-02    1.040000  0.23495527E-01
   14.16297009  0.49110959E-02    1.041000  0.23245276E-01
   14.17657525  0.50722626E-02    1.042000  0.24031175E-01
   14.19018041  0.52329139E-02    1.043000  0.24816096E-01
   14.20378557  0.52576868E-02    1.044000  0.24957482E-01
   14.21739073  0.47731272E-02    1.045000  0.22679050E-01
   14.23099589  0.42653810E-02    1.046000  0.20285937E-01
   14.24460105  0.42348098E-02    1.047000  0.20159797E-01
   14.25820620  0.44352049E-02    1.048000  0.21133943E-01
   14.27181136  0.42602911E-02    1.049000  0.20319842E-01
   14.28541652  0.44307088E-02    1.050000  0.21152810E-01
   14.29902168  0.42589233E-02    1.051000  0.20352047E-01
   14.31262684  0.43665630E-02    1.052000  0.20886277E-01
   14.32623200  0.38888008E-02    1.053000  0.18618712E-01
   14.33983716  0.36411701E-02    1.054000  0.17449667E-01
   14.35344231  0.40689722E-02    1.055000  0.19518334E-01
   14.36704747  0.40575190E-02    1.056000  0.19481843E-01
   14.38065263  0.37835045E-02    1.057000  0.18183388E-01
   14.39425779  0.36205921E-02    1.058000  0.17416899E-01
   14.40786295  0.34699132E-02    1.059000  0.16707833E-01
   14.42146811  0.33003092E-02    1.060000  0.15906186E-01
   14.43507327  0.32437540E-02    1.061000  0.15648361E-01
   14.44867842  0.29915677E-02    1.062000  0.14445378E-01
   14.46228358  0.30790865E-02    1.063000  0.14881980E-01
   14.47588874  0.31934947E-02    1.064000  0.15449463E-01
   14.48949390  0.32927333E-02    1.065000  0.15944530E-01
   14.50309906  0.33822243E-02    1.066000  0.16393254E-01
   14.51670422  0.36106728E-02    1.067000  0.17516935E-01
   14.53030938  0.36374155E-02    1.068000  0.17663214E-01
   14.54391453  0.37391731E-02    1.069000  0.18174348E-01
   14.55751969  0.36794083E-02    1.070000  0.17900589E-01
   14.57112485  0.38576876E-02    1.071000  0.18785471E-01
   14.58473001  0.38903067E-02    1.072000  0.18962002E-01
   14.59833517  0.41082485E-02    1.073000  0.20042966E-01
   14.61194033  0.42795322E-02    1.074000  0.20898068E-01
   14.62554549  0.44018754E-02    1.075000  0.21515516E-01
   14.63915064  0.42310565E-02    1.076000  0.20699824E-01
   14.65275580  0.42769786E-02    1.077000  0.20943938E-01
   14.66636096  0.43831610E-02    1.078000  0.21483832E-01
   14.67996612  0.44832025E-02    1.079000  0.21994564E-01
   14.69357128  0.46096822E-02    1.080000  0.22636032E-01
   14.70717644  0.46952389E-02    1.081000  0.23077510E-01
   14.72078160  0.46699465E-02    1.082000  0.22974429E-01
   14.73438675  0.47432327E-02    1.083000  0.23356537E-01
   14.74799191  0.48386165E-02    1.084000  0.23848224E-01
   14.76159707  0.51618970E-02    1.085000  0.25465056E-01
   14.77520223  0.48328375E-02    1.086000  0.23863689E-01
   14.78880739  0.50536250E-02    1.087000  0.24976876E-01
   14.80241255  0.51867401E-02    1.088000  0.25658363E-01
   14.81601771  0.49998826E-02    1.089000  0.24756728E-01
   14.82962286  0.46279606E-02    1.090000  0.22936213E-01
   14.84322802  0.45630464E-02    1.091000  0.22635245E-01
   14.85683318  0.46198623E-02    1.092000  0.22938089E-01
   14.87043834  0.46474851E-02    1.093000  0.23096370E-01
   14.88404350  0.45235780E-02    1.094000  0.22501163E-01
   14.89764866  0.44346239E-02    1.095000  0.22078851E-01
   14.91125382  0.44222201E-02    1.096000  0.22037203E-01
   14.92485898  0.46715425E-02    1.097000  0.23300889E-01
   14.93846413  0.45978309E-02    1.098000  0.22954133E-01
   14.95206929  0.43545388E-02    1.099000  0.21759325E-01
   14.96567445  0.45008398E-02    1.100000  0.22510845E-01
   14.97927961  0.42103488E-02    1.101000  0.21077105E-01
   14.99288477  0.42795869E-02    1.102000  0.21443171E-01
   15.00648993  0.39921541E-02    1.103000  0.20021120E-01
   15.02009509  0.40036303E-02    1.104000  0.20096878E-01
   15.03370024  0.40592872E-02    1.105000  0.20394714E-01
   15.04730540  0.40588428E-02    1.106000  0.20410936E-01
   15.06091056  0.41038078E-02    1.107000  0.20655713E-01
   15.07451572  0.41652399E-02    1.108000  0.20983858E-01
   15.08812088  0.42359889E-02    1.109000  0.21359541E-01
   15.10172604  0.42659275E-02    1.110000  0.21529900E-01
   15.11533120  0.42179201E-02    1.111000  0.21306787E-01
   15.12893635  0.41646457E-02    1.112000  0.21056608E-01
   15.14254151  0.42058469E-02    1.113000  0.21284046E-01
   15.15614667  0.42400960E-02    1.114000  0.21476645E-01
   15.16975183  0.42065852E-02    1.115000  0.21326035E-01
   15.18335699  0.40503833E-02    1.116000  0.20552558E-01
   15.19696215  0.40873111E-02    1.117000  0.20758522E-01
   15.21056731  0.40373211E-02    1.118000  0.20522991E-01
   15.22417246  0.40032416E-02    1.119000  0.20367956E-01
   15.23777762  0.39607288E-02    1.120000  0.20169665E-01
   15.25138278  0.37196053E-02    1.121000  0.18958677E-01
   15.26498794  0.37544632E-02    1.122000  0.19153417E-01
   15.27859310  0.38043787E-02    1.123000  0.19425359E-01
   15.29219826  0.37141850E-02    1.124000  0.18981713E-01
   15.30580342  0.36796897E-02    1.125000  0.18822152E-01
   15.31940857  0.38031182E-02    1.126000  0.19470799E-01
   15.33301373  0.38140570E-02    1.127000  0.19544144E-01
   15.34661889  0.38024956E-02    1.128000  0.19502190E-01
   15.36022405  0.37423816E-02    1.129000  0.19210894E-01
   15.37382921  0.37511329E-02    1.130000  0.19272873E-01
   15.38743437  0.38369409E-02    1.131000  0.19731190E-01
   15.40103953  0.39512691E-02    1.132000  0.20337080E-01
   15.41464468  0.39339696E-02    1.133000  0.20265927E-01
   15.42824984  0.39648222E-02    1.134000  0.20442892E-01
   15.44185500  0.39561684E-02    1.135000  0.20416260E-01
   15.45546016  0.39110848E-02    1.136000  0.20201384E-01
   15.46906532  0.41505883E-02    1.137000  0.21457330E-01
   15.48267048  0.42681952E-02    1.138000  0.22084730E-01
   15.50988079  0.44079257E-02    1.140000  0.22847815E-01
   15.52348595  0.44523127E-02    1.141000  0.23098132E-01
   15.53709111  0.45071555E-02    1.142000  0.23403144E-01
   15.55069627  0.44750130E-02    1.143000  0.23256593E-01
   15.56430143  0.45527204E-02    1.144000  0.23681138E-01
   15.57790659  0.46137455E-02    1.145000  0.24019540E-01
   15.59151175  0.49340328E-02    1.146000  0.25709416E-01
   15.60511690  0.49592030E-02    1.147000  0.25863117E-01
   15.61872206  0.50201832E-02    1.148000  0.26203965E-01
   15.63232722  0.49285825E-02    1.149000  0.25748244E-01
   15.64593238  0.48501379E-02    1.150000  0.25360481E-01
   15.65953754  0.51042879E-02    1.151000  0.26712593E-01
   15.67314270  0.50733152E-02    1.152000  0.26573569E-01
   15.68674786  0.53103306E-02    1.153000  0.27839179E-01
   15.70035301  0.52222925E-02    1.154000  0.27401388E-01
   15.71395817  0.53702828E-02    1.155000  0.28202311E-01
   15.72756333  0.53471621E-02    1.156000  0.28105204E-01
   15.74116849  0.52557353E-02    1.157000  0.27648553E-01
   15.75477365  0.51325361E-02    1.158000  0.27023782E-01
   15.76837881  0.50169983E-02    1.159000  0.26438265E-01
   15.78198397  0.51803884E-02    1.160000  0.27322842E-01
   15.79558912  0.48654798E-02    1.161000  0.25684047E-01
   15.80919428  0.47486925E-02    1.162000  0.25089138E-01
   15.82279944  0.48589083E-02    1.163000  0.25693542E-01
   15.83640460  0.48547948E-02    1.164000  0.25693864E-01
   15.85000976  0.48539886E-02    1.165000  0.25711667E-01
   15.86361492  0.46900106E-02    1.166000  0.24864397E-01
   15.87722008  0.45823220E-02    1.167000  0.24314314E-01
   15.89082524  0.45480329E-02    1.168000  0.24153051E-01
   15.90443039  0.43971330E-02    1.169000  0.23371666E-01
   15.91803555  0.42661835E-02    1.170000  0.22695040E-01
   15.93164071  0.42622512E-02    1.171000  0.22693501E-01
   15.94524587  0.43447990E-02    1.172000  0.23152765E-01
   15.95885103  0.42355526E-02    1.173000  0.22589866E-01
   15.97245619  0.41695543E-02    1.174000  0.22256829E-01
   15.98606135  0.41986108E-02    1.175000  0.22431021E-01
   15.99966650  0.44514285E-02    1.176000  0.23801936E-01
   16.01327166  0.44179467E-02    1.177000  0.23642995E-01
   16.02687682  0.45967513E-02    1.178000  0.24620783E-01
   16.04048198  0.54969467E-02    1.179000  0.29467337E-01
   16.05408714  0.82611855E-02    1.180000  0.44323081E-01
   16.06769230  0.64039722E-02    1.181000  0.34387840E-01
   16.08129746  0.52730099E-02    1.182000  0.28338811E-01
   16.09490261  0.48082181E-02    1.183000  0.25862736E-01
   16.10850777  0.44848846E-02    1.184000  0.24143962E-01
   16.12211293  0.43446528E-02    1.185000  0.23408791E-01
   16.13571809  0.43913351E-02    1.186000  0.23680280E-01
   16.14932325  0.42597298E-02    1.187000  0.22989966E-01
   16.16292841  0.41037471E-02    1.188000  0.22166779E-01
   16.17653357  0.41733250E-02    1.189000  0.22561586E-01
   16.19013872  0.41827136E-02    1.190000  0.22631360E-01
   16.20374388  0.42009080E-02    1.191000  0.22748905E-01
   16.21734904  0.42344860E-02    1.192000  0.22949991E-01
   16.23095420  0.39945346E-02    1.193000  0.21667669E-01
   16.24455936  0.38631014E-02    1.194000  0.20972297E-01
   16.25816452  0.38584079E-02    1.195000  0.20964360E-01
   16.27176968  0.38343323E-02    1.196000  0.20850981E-01
   16.28537483  0.40053498E-02    1.197000  0.21799180E-01
   16.29897999  0.40206117E-02    1.198000  0.21900524E-01
   16.31258515  0.39787442E-02    1.199000  0.21690560E-01
   16.32619031  0.41320541E-02    1.200000  0.22545133E-01
   16.33979547  0.41376814E-02    1.201000  0.22594650E-01
   16.35340063  0.41013625E-02    1.202000  0.22414971E-01
   16.36700579  0.43195576E-02    1.203000  0.23627102E-01
   16.39421610  0.47168863E-02    1.205000  0.25843303E-01
   16.40782126  0.47598589E-02    1.206000  0.26100387E-01
   16.42142642  0.48567808E-02    1.207000  0.26653935E-01
   16.43503158  0.49129917E-02    1.208000  0.26984758E-01
   16.44863674  0.46601904E-02    1.209000  0.25617428E-01
   16.46224190  0.46905835E-02    1.210000  0.25805828E-01
   16.47584705  0.46062259E-02    1.211000  0.25362668E-01
   16.48945221  0.45880285E-02    1.212000  0.25283331E-01
   16.50305737  0.45139153E-02    1.213000  0.24895438E-01
   16.51666253  0.50832832E-02    1.214000  0.28058765E-01
   16.53026769  0.44442622E-02    1.215000  0.24551697E-01
   16.54387285  0.45259719E-02    1.216000  0.25023669E-01
   16.55747801  0.44401275E-02    1.217000  0.24569232E-01
   16.57108316  0.44580310E-02    1.218000  0.24688570E-01
   16.58468832  0.43405821E-02    1.219000  0.24057874E-01
   16.59829348  0.42429026E-02    1.220000  0.23535772E-01
   16.61189864  0.41976729E-02    1.221000  0.23303965E-01
   16.62550380  0.41905092E-02    1.222000  0.23283248E-01
   16.63910896  0.42242637E-02    1.223000  0.23490001E-01
   16.65271412  0.42533433E-02    1.224000  0.23671044E-01
   16.67992443  0.44783174E-02    1.226000  0.24963812E-01
   16.69352959  0.45611175E-02    1.227000  0.25446109E-01
   16.70713475  0.46696987E-02    1.228000  0.26073107E-01
   16.72073991  0.47901443E-02    1.229000  0.26767391E-01
   16.73434507  0.47711599E-02    1.230000  0.26682999E-01
   16.74795023  0.47489533E-02    1.231000  0.26580400E-01
   16.76155538  0.51436886E-02    1.232000  0.28813163E-01
   16.77516054  0.49710558E-02    1.233000  0.27868736E-01
   16.78876570  0.49740467E-02    1.234000  0.27908120E-01
   16.80237086  0.49188539E-02    1.235000  0.27620812E-01
   16.81597602  0.48801670E-02    1.236000  0.27425763E-01
   16.82958118  0.51200651E-02    1.237000  0.28797232E-01
   16.84318634  0.51117316E-02    1.238000  0.28773603E-01
   16.85679150  0.51759560E-02    1.239000  0.29158652E-01
   16.87039665  0.49572794E-02    1.240000  0.27949281E-01
   16.88400181  0.47370769E-02    1.241000  0.26729312E-01
   16.89760697  0.45633437E-02    1.242000  0.25769758E-01
   16.91121213  0.46036570E-02    1.243000  0.26018344E-01
   16.92481729  0.47570333E-02    1.244000  0.26906805E-01
   16.93842245  0.48869023E-02    1.245000  0.27663592E-01
   16.95202761  0.48663383E-02    1.246000  0.27569310E-01
   16.96563276  0.48885649E-02    1.247000  0.27717458E-01
   16.97923792  0.48524673E-02    1.248000  0.27534853E-01
   16.99284308  0.48100621E-02    1.249000  0.27316099E-01
   17.00644824  0.47421295E-02    1.250000  0.26951875E-01
   17.02005340  0.48063832E-02    1.251000  0.27338914E-01
   17.03365856  0.47732375E-02    1.252000  0.27172083E-01
   17.04726372  0.48844332E-02    1.253000  0.27827283E-01
   17.06086887  0.50288720E-02    1.254000  0.28673036E-01
   17.07447403  0.48915796E-02    1.255000  0.27912479E-01
   17.08807919  0.49150867E-02    1.256000  0.28068964E-01
   17.10168435  0.48521626E-02    1.257000  0.27731680E-01
   17.11528951  0.45500633E-02    1.258000  0.26025773E-01
   17.12889467  0.48397542E-02    1.259000  0.27704773E-01
   17.14249983  0.50210215E-02    1.260000  0.28765252E-01
   17.15610498  0.46443309E-02    1.261000  0.26628322E-01
   17.16971014  0.45570829E-02    1.262000  0.26148805E-01
   17.18331530  0.45428643E-02    1.263000  0.26087873E-01
   17.19692046  0.45547034E-02    1.264000  0.26176570E-01
   17.21052562  0.45477327E-02    1.265000  0.26157186E-01
   17.22413078  0.41355992E-02    1.266000  0.23805522E-01
   17.23773594  0.40611935E-02    1.267000  0.23395690E-01
   17.25134109  0.38248155E-02    1.268000  0.22051356E-01
   17.26494625  0.41207954E-02    1.269000  0.23776517E-01
   17.27855141  0.37303874E-02    1.270000  0.21540869E-01
   17.29215657  0.40575405E-02    1.271000  0.23448441E-01
   17.30576173  0.40696606E-02    1.272000  0.23536987E-01
   17.31936689  0.41759871E-02    1.273000  0.24170916E-01
   17.33297205  0.49673423E-02    1.274000  0.28773923E-01
   17.34657720  0.43255084E-02    1.275000  0.25075691E-01
   17.36018236  0.40429031E-02    1.276000  0.23455763E-01
   17.37378752  0.47570809E-02    1.277000  0.27620847E-01
   17.38739268  0.40551512E-02    1.278000  0.23563699E-01
   17.40099784  0.37974016E-02    1.279000  0.22083232E-01
   17.41460300  0.36239789E-02    1.280000  0.21091195E-01
   17.42820816  0.46516590E-02    1.281000  0.27093341E-01
   17.44181331  0.42275107E-02    1.282000  0.24642133E-01
   17.45541847  0.38501099E-02    1.283000  0.22459772E-01
   17.46902363  0.37017144E-02    1.284000  0.21610932E-01
   17.48262879  0.35158568E-02    1.285000  0.20541865E-01
   17.49623395  0.37177006E-02    1.286000  0.21738068E-01
   17.50983911  0.46152583E-02    1.287000  0.27007235E-01
   17.52344427  0.45067416E-02    1.288000  0.26392716E-01
   17.53704942  0.40562172E-02    1.289000  0.23772764E-01
   17.55065458  0.41077649E-02    1.290000  0.24093553E-01
   17.56425974  0.39633605E-02    1.291000  0.23264589E-01
   17.57786490  0.42999767E-02    1.292000  0.25260048E-01
   17.59147006  0.45354155E-02    1.293000  0.26663746E-01
   17.60507522  0.45835676E-02    1.294000  0.26967673E-01
   17.61868038  0.45993072E-02    1.295000  0.27081190E-01
   17.63228553  0.46309501E-02    1.296000  0.27288563E-01
   17.64589069  0.45934437E-02    1.297000  0.27088436E-01
   17.65949585  0.44814004E-02    1.298000  0.26448071E-01
   17.67310101  0.42402542E-02    1.299000  0.25044168E-01
   17.68670617  0.49976891E-02    1.300000  0.29540521E-01
   17.70031133  0.46391799E-02    1.301000  0.27442525E-01
   17.71391649  0.46808289E-02    1.302000  0.27710178E-01
   17.72752164  0.46931848E-02    1.303000  0.27804663E-01
   17.74112680  0.46964964E-02    1.304000  0.27845636E-01
   17.75473196  0.47177057E-02    1.305000  0.27992837E-01
   17.76833712  0.48866073E-02    1.306000  0.29017245E-01
   17.78194228  0.48690574E-02    1.307000  0.28935170E-01
   17.79554744  0.48180631E-02    1.308000  0.28654035E-01
   17.80915260  0.47130148E-02    1.309000  0.28050720E-01
   17.82275776  0.47108385E-02    1.310000  0.28059186E-01
   17.83636291  0.47227396E-02    1.311000  0.28151546E-01
   17.84996807  0.46055896E-02    1.312000  0.27474173E-01
   17.86357323  0.47131184E-02    1.313000  0.28137055E-01
   17.87717839  0.45662041E-02    1.314000  0.27280746E-01
   17.89078355  0.46366329E-02    1.315000  0.27722604E-01
   17.90438871  0.51937947E-02    1.316000  0.31077511E-01
   17.91799387  0.46136057E-02    1.317000  0.27626878E-01
   17.93159902  0.46973385E-02    1.318000  0.28149639E-01
   17.94520418  0.49383288E-02    1.319000  0.29616270E-01
   17.95880934  0.46898041E-02    1.320000  0.28147135E-01
   17.97241450  0.47116570E-02    1.321000  0.28299714E-01
   17.98601966  0.48051968E-02    1.322000  0.28883392E-01
   17.99962482  0.46921872E-02    1.323000  0.28225441E-01
   18.01322998  0.48669764E-02    1.324000  0.29298999E-01
   18.02683513  0.44963264E-02    1.325000  0.27088145E-01
   18.04044029  0.44439996E-02    1.326000  0.26793108E-01
   18.05404545  0.45749148E-02    1.327000  0.27603204E-01
   18.06765061  0.45274457E-02    1.328000  0.27337380E-01
   18.08125577  0.44781865E-02    1.329000  0.27060307E-01
   18.09486093  0.44808586E-02    1.330000  0.27096827E-01
   18.10846609  0.44115884E-02    1.331000  0.26697992E-01
   18.12207124  0.47138617E-02    1.332000  0.28548719E-01
   18.13567640  0.47258671E-02    1.333000  0.28642915E-01
   18.14928156  0.46705500E-02    1.334000  0.28328881E-01
   18.16288672  0.47272870E-02    1.335000  0.28694509E-01
   18.17649188  0.48545754E-02    1.336000  0.29489219E-01
   18.19009704  0.48022150E-02    1.337000  0.29192989E-01
   18.20370220  0.50018881E-02    1.338000  0.30429558E-01
   18.21730735  0.50799413E-02    1.339000  0.30927501E-01
   18.23091251  0.50433887E-02    1.340000  0.30727894E-01
   18.24451767  0.54279477E-02    1.341000  0.33095580E-01
   18.25812283  0.52041319E-02    1.342000  0.31754580E-01
   18.27172799  0.48732618E-02    1.343000  0.29757834E-01
   18.28533315  0.49794730E-02    1.344000  0.30429037E-01
   18.29893831  0.51481935E-02    1.345000  0.31483478E-01
   18.31254346  0.52484053E-02    1.346000  0.32120181E-01
   18.32614862  0.52078356E-02    1.347000  0.31895574E-01
   18.33975378  0.51046691E-02    1.348000  0.31286937E-01
   18.35335894  0.53468031E-02    1.349000  0.32795307E-01
   18.36696410  0.50314663E-02    1.350000  0.30884025E-01
   18.38056926  0.51707480E-02    1.351000  0.31762471E-01
   18.39417442  0.50047510E-02    1.352000  0.30765553E-01
   18.40777957  0.48527875E-02    1.353000  0.29853457E-01
   18.42138473  0.47987967E-02    1.354000  0.29543135E-01
   18.43498989  0.47493498E-02    1.355000  0.29260316E-01
   18.44859505  0.48624513E-02    1.356000  0.29979233E-01
   18.46220021  0.46343467E-02    1.357000  0.28593935E-01
   18.47580537  0.44233816E-02    1.358000  0.27312392E-01
   18.48941053  0.46959547E-02    1.359000  0.29016760E-01
   18.50301568  0.47010791E-02    1.360000  0.29069799E-01
   18.51662084  0.47028939E-02    1.361000  0.29102404E-01
   18.53022600  0.45622635E-02    1.362000  0.28252900E-01
   18.54383116  0.45915751E-02    1.363000  0.28455296E-01
   18.55743632  0.46303108E-02    1.364000  0.28716405E-01
   18.57104148  0.45097238E-02    1.365000  0.27989050E-01
   18.58464664  0.44397599E-02    1.366000  0.27575014E-01
   18.59825179  0.44465229E-02    1.367000  0.27637236E-01
   18.61185695  0.43333461E-02    1.368000  0.26953492E-01
   18.62546211  0.42550922E-02    1.369000  0.26486098E-01
   18.63906727  0.41981646E-02    1.370000  0.26150837E-01
   18.65267243  0.44005758E-02    1.371000  0.27431687E-01
   18.66627759  0.41229925E-02    1.372000  0.25720074E-01
   18.67988275  0.40448426E-02    1.373000  0.25250950E-01
   18.69348790  0.40801247E-02    1.374000  0.25489759E-01
   18.70709306  0.40651196E-02    1.375000  0.25414501E-01
   18.72069822  0.42922816E-02    1.376000  0.26854199E-01
   18.73430338  0.42098761E-02    1.377000  0.26357779E-01
   18.74790854  0.44001896E-02    1.378000  0.27569327E-01
   18.76151370  0.44523112E-02    1.379000  0.27916138E-01
   18.77511886  0.45069410E-02    1.380000  0.28279161E-01
   18.78872402  0.44928296E-02    1.381000  0.28211046E-01
   18.80232917  0.44116833E-02    1.382000  0.27721577E-01
   18.81593433  0.43954232E-02    1.383000  0.27639389E-01
   18.82953949  0.44053260E-02    1.384000  0.27721690E-01
   18.84314465  0.42446425E-02    1.385000  0.26729846E-01
   18.85674981  0.53146477E-02    1.386000  0.33492169E-01
   18.87035497  0.47401326E-02    1.387000  0.29893207E-01
   18.88396013  0.44390066E-02    1.388000  0.28014367E-01
   18.89756528  0.46453088E-02    1.389000  0.29337452E-01
   18.91117044  0.45802795E-02    1.390000  0.28947585E-01
   18.92477560  0.46990255E-02    1.391000  0.29719431E-01
   18.93838076  0.44228355E-02    1.392000  0.27992751E-01
   18.95198592  0.43448989E-02    1.393000  0.27519235E-01
   18.96559108  0.42527182E-02    1.394000  0.26954727E-01
   18.97919624  0.50725931E-02    1.395000  0.32174351E-01
   18.99280139  0.44081328E-02    1.396000  0.27979867E-01
   19.00640655  0.42216041E-02    1.397000  0.26815103E-01
   19.02001171  0.40422592E-02    1.398000  0.25694306E-01
   19.03361687  0.41712912E-02    1.399000  0.26533454E-01
   19.04722203  0.41013610E-02    1.400000  0.26107278E-01
   19.06082719  0.41352294E-02    1.401000  0.26341670E-01
   19.07443235  0.41229782E-02    1.402000  0.26282375E-01
   19.08803750  0.45566850E-02    1.403000  0.29067805E-01
   19.10164266  0.44058117E-02    1.404000  0.28125393E-01
   19.11524782  0.43339087E-02    1.405000  0.27686091E-01
   19.12885298  0.48964358E-02    1.406000  0.31301918E-01
   19.14245814  0.44447921E-02    1.407000  0.28434861E-01
   19.15606330  0.45059418E-02    1.408000  0.28846544E-01
   19.16966846  0.44047380E-02    1.409000  0.28218676E-01
   19.18327361  0.43698013E-02    1.410000  0.28014725E-01
   19.19687877  0.42204151E-02    1.411000  0.27076202E-01
   19.21048393  0.43234439E-02    1.412000  0.27756844E-01
   19.22408909  0.43810359E-02    1.413000  0.28146509E-01
   19.23769425  0.44419664E-02    1.414000  0.28558161E-01
   19.25129941  0.43331348E-02    1.415000  0.27878166E-01
   19.26490457  0.44235044E-02    1.416000  0.28479691E-01
   19.27850972  0.44128924E-02    1.417000  0.28431433E-01
   19.29211488  0.44623726E-02    1.418000  0.28770514E-01
   19.30572004  0.44760023E-02    1.419000  0.28878741E-01
   19.31932520  0.46590012E-02    1.420000  0.30080616E-01
   19.33293036  0.44052530E-02    1.421000  0.28462333E-01
   19.34653552  0.43566066E-02    1.422000  0.28167837E-01
   19.36014068  0.43236326E-02    1.423000  0.27974301E-01
   19.37374583  0.43153683E-02    1.424000  0.27940451E-01
   19.38735099  0.43055082E-02    1.425000  0.27896187E-01
   19.40095615  0.44260065E-02    1.426000  0.28697042E-01
   19.41456131  0.45198818E-02    1.427000  0.29326255E-01
   19.42816647  0.44124549E-02    1.428000  0.28649302E-01
   19.44177163  0.46059453E-02    1.429000  0.29926544E-01
   19.45537679  0.46913913E-02    1.430000  0.30503049E-01
   19.46898194  0.47490393E-02    1.431000  0.30899465E-01
   19.48258710  0.48211585E-02    1.432000  0.31390627E-01
   19.49619226  0.47438042E-02    1.433000  0.30908541E-01
   19.50979742  0.47942426E-02    1.434000  0.31258974E-01
   19.52340258  0.49016892E-02    1.435000  0.31981824E-01
   19.53700774  0.48740849E-02    1.436000  0.31823877E-01
   19.55061290  0.49023523E-02    1.437000  0.32030731E-01
   19.56421805  0.48525135E-02    1.438000  0.31727160E-01
   19.57782321  0.48732839E-02    1.439000  0.31885121E-01
   19.59142837  0.49679031E-02    1.440000  0.32526787E-01
   19.99958313  0.47825905E-02    1.470000  0.31965838E-01
   24.99947891  0.41687595E-02    1.837500  0.34828899E-01
   29.99937469  0.39072369E-02    2.205000  0.39172735E-01
   34.99927048  0.38129802E-02    2.572500  0.44599038E-01
   39.99916626  0.36969356E-02    2.940000  0.49419094E-01
   44.99906204  0.35169463E-02    3.307500  0.52889705E-01
   49.99895782  0.33339601E-02    3.675000  0.55708735E-01
   54.99885361  0.31272933E-02    4.042500  0.57480986E-01
   59.99874939  0.29628058E-02    4.410000  0.59408329E-01
   64.99864517  0.27765023E-02    4.777500  0.60312079E-01
   69.99854095  0.25961634E-02    5.145000  0.60732752E-01
   74.99843674  0.24315862E-02    5.512500  0.60945807E-01
   79.99833252  0.23103056E-02    5.880000  0.61766404E-01
   84.99822830  0.21845963E-02    6.247500  0.62055892E-01
   89.99812408  0.20662777E-02    6.615000  0.62147563E-01
   94.99801987  0.19610923E-02    6.982500  0.62260778E-01
   99.99791565  0.18663851E-02    7.350000  0.62372646E-01
  104.99781143  0.17804810E-02    7.717500  0.62476911E-01
  109.99770721  0.17021406E-02    8.085000  0.62572142E-01
  114.99760300  0.16303433E-02    8.452500  0.62657030E-01
  119.99749878  0.15644342E-02    8.820000  0.62738114E-01
  124.99739456  0.15037749E-02    9.187500  0.62818235E-01
  129.99729034  0.14476394E-02    9.555000  0.62892179E-01
  134.99718613  0.13958262E-02    9.922500  0.62973527E-01
