       eV          sigma            Ry          om               in 10^-16                                                                       
   12.14526195  0.00000000E+00    0.892695  0.00000000E+00
   12.14940662  0.18710172E+00    0.893000  0.22528143E+00
   12.16301178  0.22920342E+00    0.894000  0.27910077E+00
   12.17661694  0.24868023E+00    0.895000  0.30620976E+00
   12.19022210  0.27020574E+00    0.896000  0.33640068E+00
   12.20382726  0.28926087E+00    0.897000  0.36406956E+00
   12.21743242  0.30620453E+00    0.898000  0.38957194E+00
   12.23103757  0.32724888E+00    0.899000  0.42080964E+00
   12.24464273  0.36859229E+00    0.900000  0.47900091E+00
   12.25824789  0.39621291E+00    0.901000  0.52029955E+00
   12.27185305  0.42365182E+00    0.902000  0.56211059E+00
   12.28545821  0.44962852E+00    0.903000  0.60271016E+00
   12.29906337  0.47343846E+00    0.904000  0.64108438E+00
   12.31266853  0.49509685E+00    0.905000  0.67716539E+00
   12.32627368  0.51647434E+00    0.906000  0.71344921E+00
   12.33987884  0.54196278E+00    0.907000  0.75605112E+00
   12.35348400  0.55707845E+00    0.908000  0.78473660E+00
   12.36708916  0.53120083E+00    0.909000  0.75552951E+00
   12.38069432  0.55130769E+00    0.910000  0.79164765E+00
   12.39429948  0.51732398E+00    0.911000  0.74990540E+00
   12.40790464  0.53878915E+00    0.912000  0.78837030E+00
   12.42150979  0.54849455E+00    0.913000  0.81005317E+00
   12.43511495  0.55412688E+00    0.914000  0.82592988E+00
   12.44872011  0.55577089E+00    0.915000  0.83596121E+00
   12.46232527  0.55721220E+00    0.916000  0.84572975E+00
   12.47593043  0.55743700E+00    0.917000  0.85367461E+00
   12.48953559  0.55658244E+00    0.918000  0.85995792E+00
   12.50314075  0.55489296E+00    0.919000  0.86491651E+00
   12.51674590  0.55247429E+00    0.920000  0.86868247E+00
   12.53035106  0.54942666E+00    0.921000  0.87138493E+00
   12.54395622  0.54583263E+00    0.922000  0.87313021E+00
   12.55756138  0.54188176E+00    0.923000  0.87420175E+00
   12.57116654  0.53740213E+00    0.924000  0.87430527E+00
   12.58477170  0.53254707E+00    0.925000  0.87367067E+00
   12.59837686  0.52735984E+00    0.926000  0.87235415E+00
   12.61198201  0.52187151E+00    0.927000  0.87039393E+00
   12.62558717  0.51625857E+00    0.928000  0.86807447E+00
   12.63919233  0.51090817E+00    0.929000  0.86604691E+00
   12.65279749  0.50855437E+00    0.930000  0.86899382E+00
   12.66640265  0.52291894E+00    0.931000  0.90067214E+00
   12.68000781  0.62293187E+00    0.932000  0.10814308E+01
   12.69361297  0.67259567E+00    0.933000  0.11768233E+01
   12.70721812  0.60059107E+00    0.934000  0.10590310E+01
   12.72082328  0.56404833E+00    0.935000  0.10022885E+01
   12.73442844  0.54550072E+00    0.936000  0.97677107E+00
   12.74803360  0.53462418E+00    0.937000  0.96458807E+00
   12.76163876  0.52762289E+00    0.938000  0.95915307E+00
   12.77524392  0.52284578E+00    0.939000  0.95760070E+00
   12.78884908  0.51926512E+00    0.940000  0.95812565E+00
   12.80245423  0.51573468E+00    0.941000  0.95864625E+00
   12.81605939  0.51124444E+00    0.942000  0.95727338E+00
   12.82966455  0.54187140E+00    0.943000  0.10220118E+01
   12.84326971  0.61660935E+00    0.944000  0.11713842E+01
   12.85687487  0.59995754E+00    0.945000  0.11479341E+01
   12.87048003  0.66912085E+00    0.946000  0.12893954E+01
   12.88408519  0.70770654E+00    0.947000  0.13734034E+01
   12.89769034  0.65124309E+00    0.948000  0.12727114E+01
   12.91129550  0.54488681E+00    0.949000  0.10722939E+01
   12.92490066  0.52579379E+00    0.950000  0.10418924E+01
   12.93850582  0.49544839E+00    0.951000  0.98851924E+00
   12.95211098  0.47759532E+00    0.952000  0.95941336E+00
   12.96571614  0.47558022E+00    0.953000  0.96185244E+00
   12.97932130  0.47866961E+00    0.954000  0.97462993E+00
   12.99292646  0.47692079E+00    0.955000  0.97757450E+00
   13.00653161  0.47585238E+00    0.956000  0.98187532E+00
   13.02013677  0.40915629E+00    0.957000  0.84983545E+00
   13.03374193  0.38520425E+00    0.958000  0.80534036E+00
   13.04734709  0.40264552E+00    0.959000  0.84729678E+00
   13.06095225  0.40884505E+00    0.960000  0.86591941E+00
   13.07455741  0.40010793E+00    0.961000  0.85287213E+00
   13.08816257  0.39639297E+00    0.962000  0.85036025E+00
   13.10176772  0.37299492E+00    0.963000  0.80525348E+00
   13.11537288  0.35748587E+00    0.964000  0.77664746E+00
   13.12897804  0.35145668E+00    0.965000  0.76834290E+00
   13.14258320  0.34847858E+00    0.966000  0.76658566E+00
   13.15618836  0.34581201E+00    0.967000  0.76543674E+00
   13.16979352  0.34389486E+00    0.968000  0.76588409E+00
   13.18339868  0.34221564E+00    0.969000  0.76681227E+00
   13.19700383  0.33991453E+00    0.970000  0.76629268E+00
   13.21060899  0.33922029E+00    0.971000  0.76935470E+00
   13.22421415  0.33797992E+00    0.972000  0.77115169E+00
   13.23781931  0.33659175E+00    0.973000  0.77257562E+00
   13.25142447  0.32760525E+00    0.974000  0.75641767E+00
   13.26502963  0.32013721E+00    0.975000  0.74354129E+00
   13.27863479  0.30853709E+00    0.976000  0.72080776E+00
   13.30584510  0.30468562E+00    0.978000  0.72012197E+00
   13.31945026  0.30319761E+00    0.979000  0.72074081E+00
   13.33305542  0.29969495E+00    0.980000  0.71650247E+00
   13.34666058  0.29441236E+00    0.981000  0.70788889E+00
   13.36026574  0.30126594E+00    0.982000  0.72847712E+00
   13.37387090  0.30113004E+00    0.983000  0.73225604E+00
   13.38747605  0.29781507E+00    0.984000  0.72825735E+00
   13.40108121  0.29501730E+00    0.985000  0.72544002E+00
   13.41468637  0.29646814E+00    0.986000  0.73305154E+00
   13.42829153  0.28489874E+00    0.987000  0.70833102E+00
   13.44189669  0.28701117E+00    0.988000  0.71749800E+00
   13.45550185  0.27996880E+00    0.989000  0.70371169E+00
   13.46910701  0.27751331E+00    0.990000  0.70132512E+00
   13.48271216  0.27257495E+00    0.991000  0.69256303E+00
   13.49631732  0.26743207E+00    0.992000  0.68314379E+00
   13.50992248  0.25927957E+00    0.993000  0.66585525E+00
   13.52352764  0.24856411E+00    0.994000  0.64172742E+00
   13.53713280  0.24675006E+00    0.995000  0.64040980E+00
   13.55073796  0.24271912E+00    0.996000  0.63325876E+00
   13.56434312  0.23960646E+00    0.997000  0.62840609E+00
   13.57794827  0.23568885E+00    0.998000  0.62134643E+00
   13.59155343  0.23523899E+00    0.999000  0.62336921E+00
   13.60515859  0.23274783E+00    1.000000  0.61994257E+00
   13.61876375  0.22713448E+00    1.001000  0.60808915E+00
   13.63236891  0.22082229E+00    1.002000  0.59420212E+00
   13.64597407  0.23261011E+00    1.003000  0.62909441E+00
   13.65957923  0.25243521E+00    1.004000  0.68615474E+00
   13.67318438  0.25330481E+00    1.005000  0.69197361E+00
   13.70039470  0.23470052E+00    1.007000  0.64755356E+00
   13.71399986  0.22962906E+00    1.008000  0.63669331E+00
   13.75481534  0.24615312E+00    1.011000  0.69258251E+00
   13.76842049  0.22508074E+00    1.012000  0.63636293E+00
   13.78202565  0.21464034E+00    1.013000  0.60977293E+00
   13.79563081  0.21704555E+00    1.014000  0.61956648E+00
   13.80923597  0.21243682E+00    1.015000  0.60930837E+00
   13.82284113  0.20942816E+00    1.016000  0.60353566E+00
   13.83644629  0.21043448E+00    1.017000  0.60930609E+00
   13.85005145  0.21103869E+00    1.018000  0.61393422E+00
   13.86365660  0.20445483E+00    1.019000  0.59756992E+00
   13.87726176  0.20103772E+00    1.020000  0.59032478E+00
   13.89086692  0.19692181E+00    1.021000  0.58092496E+00
   13.90447208  0.18919216E+00    1.022000  0.56070293E+00
   13.91807724  0.18077574E+00    1.023000  0.53822531E+00
   13.93168240  0.18479189E+00    1.024000  0.55270327E+00
   13.94528756  0.18492487E+00    1.025000  0.55562344E+00
   13.95889272  0.17100229E+00    1.026000  0.51612434E+00
   13.97249787  0.17393079E+00    1.027000  0.52733570E+00
   13.98610303  0.17613852E+00    1.028000  0.53643185E+00
   13.99970819  0.17387225E+00    1.029000  0.53190161E+00
   14.01331335  0.17149067E+00    1.030000  0.52695517E+00
   14.02691851  0.17392823E+00    1.031000  0.53681774E+00
   14.04052367  0.17439116E+00    1.032000  0.54062530E+00
   14.05412883  0.17186054E+00    1.033000  0.53512445E+00
   14.06773398  0.16231955E+00    1.034000  0.50763064E+00
   14.08133914  0.16106593E+00    1.035000  0.50590713E+00
   14.09494430  0.15951431E+00    1.036000  0.50320933E+00
   14.10854946  0.15585197E+00    1.037000  0.49378187E+00
   14.12215462  0.15094097E+00    1.038000  0.48028137E+00
   14.13575978  0.15006447E+00    1.039000  0.47953936E+00
   14.14936494  0.14709664E+00    1.040000  0.47206197E+00
   14.16297009  0.14385228E+00    1.041000  0.46361238E+00
   14.17657525  0.14037497E+00    1.042000  0.45432035E+00
   14.19018041  0.13925976E+00    1.043000  0.45261054E+00
   14.20378557  0.13985836E+00    1.044000  0.45646378E+00
   14.21739073  0.13431255E+00    1.045000  0.44019568E+00
   14.23099589  0.13201954E+00    1.046000  0.43448136E+00
   14.24460105  0.13383544E+00    1.047000  0.44228313E+00
   14.25820620  0.13603720E+00    1.048000  0.45141485E+00
   14.27181136  0.13499207E+00    1.049000  0.44978811E+00
   14.28541652  0.13560107E+00    1.050000  0.45366692E+00
   14.29902168  0.13525061E+00    1.051000  0.45433932E+00
   14.31262684  0.13451866E+00    1.052000  0.45371540E+00
   14.32623200  0.13202475E+00    1.053000  0.44710459E+00
   14.33983716  0.13007937E+00    1.054000  0.44229085E+00
   14.35344231  0.13021382E+00    1.055000  0.44452420E+00
   14.36704747  0.13340179E+00    1.056000  0.45722692E+00
   14.38065263  0.13147941E+00    1.057000  0.45243152E+00
   14.39425779  0.13066276E+00    1.058000  0.45140365E+00
   14.40786295  0.13246589E+00    1.059000  0.45943985E+00
   14.42146811  0.13032154E+00    1.060000  0.45378012E+00
   14.43507327  0.12846743E+00    1.061000  0.44907642E+00
   14.44867842  0.12446840E+00    1.062000  0.43679504E+00
   14.46228358  0.12368050E+00    1.063000  0.43571712E+00
   14.47588874  0.12297188E+00    1.064000  0.43489809E+00
   14.48949390  0.12050758E+00    1.065000  0.42782672E+00
   14.50309906  0.11835595E+00    1.066000  0.42180241E+00
   14.51670422  0.11696750E+00    1.067000  0.41844965E+00
   14.53030938  0.11546789E+00    1.068000  0.41465986E+00
   14.54391453  0.11585623E+00    1.069000  0.41763475E+00
   14.55751969  0.11848906E+00    1.070000  0.42874172E+00
   14.57112485  0.11488830E+00    1.071000  0.41727983E+00
   14.58473001  0.11629597E+00    1.072000  0.42397887E+00
   14.59833517  0.11272382E+00    1.073000  0.41249354E+00
   14.61194033  0.10940943E+00    1.074000  0.40185747E+00
   14.62554549  0.10656754E+00    1.075000  0.39287294E+00
   14.63915064  0.10801809E+00    1.076000  0.39969394E+00
   14.65275580  0.10634709E+00    1.077000  0.39496143E+00
   14.66636096  0.10580012E+00    1.078000  0.39437323E+00
   14.67996612  0.10609080E+00    1.079000  0.39690387E+00
   14.69357128  0.10275015E+00    1.080000  0.38580748E+00
   14.70717644  0.10294246E+00    1.081000  0.38793373E+00
   14.72078160  0.10146702E+00    1.082000  0.38375766E+00
   14.73438675  0.10074296E+00    1.083000  0.38239335E+00
   14.74799191  0.99054557E-01    1.084000  0.37733578E+00
   14.76159707  0.96580545E-01    1.085000  0.36922874E+00
   14.77520223  0.93653415E-01    1.086000  0.35931575E+00
   14.78880739  0.91509493E-01    1.087000  0.35233849E+00
   14.80241255  0.99111569E-01    1.088000  0.38296064E+00
   14.81601771  0.97951906E-01    1.089000  0.37981588E+00
   14.82962286  0.96687820E-01    1.090000  0.37623315E+00
   14.84322802  0.94498684E-01    1.091000  0.36900375E+00
   14.85683318  0.95632588E-01    1.092000  0.37473595E+00
   14.87043834  0.93620671E-01    1.093000  0.36812928E+00
   14.88404350  0.91874479E-01    1.094000  0.36251622E+00
   14.89764866  0.91235801E-01    1.095000  0.36124063E+00
   14.91125382  0.90913666E-01    1.096000  0.36120526E+00
   14.92485898  0.90145667E-01    1.097000  0.35938358E+00
   14.93846413  0.88590736E-01    1.098000  0.35439295E+00
   14.95206929  0.88341589E-01    1.099000  0.35460129E+00
   14.96567445  0.87456020E-01    1.100000  0.35223957E+00
   14.97927961  0.86682436E-01    1.101000  0.35030625E+00
   14.99288477  0.85737692E-01    1.102000  0.34765779E+00
   15.00648993  0.84117451E-01    1.103000  0.34223527E+00
   15.02009509  0.82194907E-01    1.104000  0.33553449E+00
   15.03370024  0.82208523E-01    1.105000  0.33671143E+00
   15.04730540  0.82717043E-01    1.106000  0.33992253E+00
   15.06091056  0.81258526E-01    1.107000  0.33503721E+00
   15.07451572  0.80675950E-01    1.108000  0.33373564E+00
   15.08812088  0.80292963E-01    1.109000  0.33324655E+00
   15.10172604  0.78807103E-01    1.110000  0.32815462E+00
   15.11533120  0.77609410E-01    1.111000  0.32422602E+00
   15.12893635  0.78093709E-01    1.112000  0.32731449E+00
   15.14254151  0.76497888E-01    1.113000  0.32166938E+00
   15.15614667  0.73868016E-01    1.114000  0.31161850E+00
   15.16975183  0.72859313E-01    1.115000  0.30835703E+00
   15.18335699  0.71574793E-01    1.116000  0.30389696E+00
   15.19696215  0.70574121E-01    1.117000  0.30061090E+00
   15.21056731  0.70624243E-01    1.118000  0.30178774E+00
   15.22417246  0.69207865E-01    1.119000  0.29667937E+00
   15.23777762  0.69117355E-01    1.120000  0.29723416E+00
   15.25138278  0.69406597E-01    1.121000  0.29942476E+00
   15.26498794  0.69834507E-01    1.122000  0.30222336E+00
   15.27859310  0.69771149E-01    1.123000  0.30290087E+00
   15.29219826  0.69918946E-01    1.124000  0.30449623E+00
   15.30580342  0.70155447E-01    1.125000  0.30648314E+00
   15.31940857  0.70485980E-01    1.126000  0.30888857E+00
   15.33301373  0.71072162E-01    1.127000  0.31242683E+00
   15.34661889  0.70299239E-01    1.128000  0.30998804E+00
   15.36022405  0.70921082E-01    1.129000  0.31369748E+00
   15.37382921  0.70517165E-01    1.130000  0.31287276E+00
   15.38743437  0.70883888E-01    1.131000  0.31546673E+00
   15.40103953  0.70263351E-01    1.132000  0.31366347E+00
   15.41464468  0.68966547E-01    1.133000  0.30881512E+00
   15.42824984  0.68289305E-01    1.134000  0.30671409E+00
   15.44185500  0.66917050E-01    1.135000  0.30146353E+00
   15.45546016  0.65863499E-01    1.136000  0.29761565E+00
   15.46906532  0.66413111E-01    1.137000  0.30100507E+00
   15.48267048  0.65755401E-01    1.138000  0.29892105E+00
   15.50988079  0.63239928E-01    1.140000  0.28921106E+00
   15.52348595  0.61624254E-01    1.141000  0.28266278E+00
   15.53709111  0.61390476E-01    1.142000  0.28242786E+00
   15.55069627  0.61257596E-01    1.143000  0.28265212E+00
   15.56430143  0.60909050E-01    1.144000  0.28187470E+00
   15.57790659  0.61488695E-01    1.145000  0.28539591E+00
   15.59151175  0.60555076E-01    1.146000  0.28188857E+00
   15.60511690  0.60750469E-01    1.147000  0.28362680E+00
   15.61872206  0.59527118E-01    1.148000  0.27872729E+00
   15.63232722  0.59400835E-01    1.149000  0.27894624E+00
   15.64593238  0.58373306E-01    1.150000  0.27491720E+00
   15.65953754  0.58673137E-01    1.151000  0.27712962E+00
   15.67314270  0.57959905E-01    1.152000  0.27455142E+00
   15.68674786  0.57510504E-01    1.153000  0.27320711E+00
   15.70035301  0.57652153E-01    1.154000  0.27466642E+00
   15.71395817  0.56793864E-01    1.155000  0.27135205E+00
   15.72756333  0.56206745E-01    1.156000  0.26931357E+00
   15.74116849  0.56331103E-01    1.157000  0.27067781E+00
   15.75477365  0.56255918E-01    1.158000  0.27108389E+00
   15.76837881  0.55688364E-01    1.159000  0.26910859E+00
   15.78198397  0.55153197E-01    1.160000  0.26727476E+00
   15.79558912  0.53924289E-01    1.161000  0.26205497E+00
   15.80919428  0.54066191E-01    1.162000  0.26348205E+00
   15.82279944  0.52587820E-01    1.163000  0.25699479E+00
   15.83640460  0.52096769E-01    1.164000  0.25530566E+00
   15.85000976  0.51880190E-01    1.165000  0.25495196E+00
   15.86361492  0.50137770E-01    1.166000  0.24707318E+00
   15.87722008  0.49981942E-01    1.167000  0.24698705E+00
   15.89082524  0.49771983E-01    1.168000  0.24662844E+00
   15.90443039  0.50319171E-01    1.169000  0.25002622E+00
   15.91803555  0.49808005E-01    1.170000  0.24816574E+00
   15.93164071  0.50036290E-01    1.171000  0.24998567E+00
   15.94524587  0.49839095E-01    1.172000  0.24968029E+00
   15.95885103  0.49195962E-01    1.173000  0.24712942E+00
   15.97245619  0.49303652E-01    1.174000  0.24834291E+00
   15.98606135  0.49662772E-01    1.175000  0.25082922E+00
   15.99966650  0.49605905E-01    1.176000  0.25121865E+00
   16.01327166  0.48936283E-01    1.177000  0.24849500E+00
   16.02687682  0.48937558E-01    1.178000  0.24916900E+00
   16.04048198  0.48649082E-01    1.179000  0.24836380E+00
   16.05408714  0.47863173E-01    1.180000  0.24500444E+00
   16.06769230  0.47944365E-01    1.181000  0.24607403E+00
   16.08129746  0.48339532E-01    1.182000  0.24876159E+00
   16.09490261  0.48671620E-01    1.183000  0.25113446E+00
   16.10850777  0.48383114E-01    1.184000  0.25030580E+00
   16.12211293  0.49081986E-01    1.185000  0.25459085E+00
   16.13571809  0.48901357E-01    1.186000  0.25432095E+00
   16.14932325  0.48290237E-01    1.187000  0.25180140E+00
   16.16292841  0.48372212E-01    1.188000  0.25288866E+00
   16.17653357  0.48557499E-01    1.189000  0.25451968E+00
   16.19013872  0.48369565E-01    1.190000  0.25419438E+00
   16.20374388  0.48049000E-01    1.191000  0.25316514E+00
   16.21734904  0.47917587E-01    1.192000  0.25312635E+00
   16.23095420  0.48467547E-01    1.193000  0.25669265E+00
   16.24455936  0.48112980E-01    1.194000  0.25547108E+00
   16.25816452  0.47478285E-01    1.195000  0.25274859E+00
   16.27176968  0.46563506E-01    1.196000  0.24851395E+00
   16.28537483  0.46026710E-01    1.197000  0.24627684E+00
   16.29897999  0.45581529E-01    1.198000  0.24451654E+00
   16.31258515  0.45536518E-01    1.199000  0.24489622E+00
   16.32619031  0.44656309E-01    1.200000  0.24077157E+00
   16.33979547  0.44301154E-01    1.201000  0.23946098E+00
   16.35340063  0.43546494E-01    1.202000  0.23597581E+00
   16.36700579  0.41409873E-01    1.203000  0.22496244E+00
   16.39421610  0.38670306E-01    1.205000  0.21113448E+00
   16.40782126  0.38165272E-01    1.206000  0.20889765E+00
   16.42142642  0.36849627E-01    1.207000  0.20219911E+00
   16.43503158  0.36057802E-01    1.208000  0.19834610E+00
   16.44863674  0.34858893E-01    1.209000  0.19222665E+00
   16.46224190  0.34081695E-01    1.210000  0.18840574E+00
   16.47584705  0.34509344E-01    1.211000  0.19124053E+00
   16.48945221  0.33977155E-01    1.212000  0.18875476E+00
   16.50305737  0.33938475E-01    1.213000  0.18900281E+00
   16.51666253  0.33678041E-01    1.214000  0.18801184E+00
   16.53026769  0.34179911E-01    1.215000  0.19127982E+00
   16.54387285  0.32825781E-01    1.216000  0.18414951E+00
   16.55747801  0.33350506E-01    1.217000  0.18754808E+00
   16.57108316  0.34087442E-01    1.218000  0.19215724E+00
   16.58468832  0.33099071E-01    1.219000  0.18703709E+00
   16.59829348  0.33032239E-01    1.220000  0.18711001E+00
   16.61189864  0.33568699E-01    1.221000  0.19060666E+00
   16.62550380  0.33452399E-01    1.222000  0.19040260E+00
   16.63910896  0.33300688E-01    1.223000  0.18999333E+00
   16.65271412  0.32786421E-01    1.224000  0.18750646E+00
   16.67992443  0.32533513E-01    1.226000  0.18694761E+00
   16.69352959  0.31651691E-01    1.227000  0.18231213E+00
   16.70713475  0.31490192E-01    1.228000  0.18181144E+00
   16.72073991  0.29714532E-01    1.229000  0.17196483E+00
   16.73434507  0.30573666E-01    1.230000  0.17735387E+00
   16.74795023  0.29288110E-01    1.231000  0.17029603E+00
   16.76155538  0.29616566E-01    1.232000  0.17260982E+00
   16.77516054  0.28719152E-01    1.233000  0.16777130E+00
   16.78876570  0.28775092E-01    1.234000  0.16849059E+00
   16.80237086  0.29159571E-01    1.235000  0.17113963E+00
   16.81597602  0.28558799E-01    1.236000  0.16800321E+00
   16.82958118  0.28261147E-01    1.237000  0.16663770E+00
   16.84318634  0.27952012E-01    1.238000  0.16519621E+00
   16.85679150  0.27768658E-01    1.239000  0.16449136E+00
   16.87039665  0.28406497E-01    1.240000  0.16865716E+00
   16.88400181  0.28106557E-01    1.241000  0.16725972E+00
   16.89760697  0.28089742E-01    1.242000  0.16754281E+00
   16.91121213  0.27745433E-01    1.243000  0.16586762E+00
   16.92481729  0.27597066E-01    1.244000  0.16535709E+00
   16.93842245  0.27053448E-01    1.245000  0.16246884E+00
   16.95202761  0.26829630E-01    1.246000  0.16149067E+00
   16.96563276  0.26904243E-01    1.247000  0.16230676E+00
   16.97923792  0.26224630E-01    1.248000  0.15856453E+00
   16.99284308  0.26903493E-01    1.249000  0.16303618E+00
   17.00644824  0.26481191E-01    1.250000  0.16083823E+00
   17.02005340  0.26072219E-01    1.251000  0.15870990E+00
   17.03365856  0.26385211E-01    1.252000  0.16097509E+00
   17.04726372  0.26377879E-01    1.253000  0.16129016E+00
   17.06086887  0.26101959E-01    1.254000  0.15995906E+00
   17.07447403  0.25435679E-01    1.255000  0.15622289E+00
   17.08807919  0.25195817E-01    1.256000  0.15509337E+00
   17.10168435  0.25064445E-01    1.257000  0.15462659E+00
   17.11528951  0.24890787E-01    1.258000  0.15389479E+00
   17.12889467  0.24879184E-01    1.259000  0.15416241E+00
   17.14249983  0.25195550E-01    1.260000  0.15646643E+00
   17.15610498  0.24253448E-01    1.261000  0.15094673E+00
   17.16971014  0.24132718E-01    1.262000  0.15052452E+00
   17.18331530  0.24179445E-01    1.263000  0.15114579E+00
   17.19692046  0.23961320E-01    1.264000  0.15010913E+00
   17.21052562  0.24226263E-01    1.265000  0.15209936E+00
   17.22413078  0.23091555E-01    1.266000  0.14529032E+00
   17.23773594  0.23182685E-01    1.267000  0.14617992E+00
   17.25134109  0.22756360E-01    1.268000  0.14380211E+00
   17.26494625  0.22455395E-01    1.269000  0.14220655E+00
   17.27855141  0.22564443E-01    1.270000  0.14320492E+00
   17.29215657  0.22771389E-01    1.271000  0.14482891E+00
   17.30576173  0.22885177E-01    1.272000  0.14586478E+00
   17.31936689  0.23122981E-01    1.273000  0.14769589E+00
   17.33297205  0.23839920E-01    1.274000  0.15260046E+00
   17.34657720  0.26157075E-01    1.275000  0.16778947E+00
   17.36018236  0.32219636E-01    1.276000  0.20711840E+00
   17.37378752  0.56012930E-01    1.277000  0.36083354E+00
   17.38739268  0.82552838E-01    1.278000  0.53292885E+00
   17.40099784  0.52570661E-01    1.279000  0.34009272E+00
   17.41460300  0.36772232E-01    1.280000  0.23839033E+00
   17.42820816  0.30937909E-01    1.281000  0.20098906E+00
   17.44181331  0.27481862E-01    1.282000  0.17891161E+00
   17.45541847  0.25634680E-01    1.283000  0.16723581E+00
   17.46902363  0.24627914E-01    1.284000  0.16100379E+00
   17.48262879  0.24202871E-01    1.285000  0.15855523E+00
   17.49623395  0.23685489E-01    1.286000  0.15548889E+00
   17.50983911  0.23445978E-01    1.287000  0.15423638E+00
   17.52344427  0.23931757E-01    1.288000  0.15775845E+00
   17.53704942  0.21382630E-01    1.289000  0.14124624E+00
   17.55065458  0.21096320E-01    1.290000  0.13964274E+00
   17.56425974  0.20867860E-01    1.291000  0.13841514E+00
   17.57786490  0.20563412E-01    1.292000  0.13667625E+00
   17.59147006  0.20541792E-01    1.293000  0.13681275E+00
   17.60507522  0.20452045E-01    1.294000  0.13649399E+00
   17.61868038  0.20418941E-01    1.295000  0.13655158E+00
   17.63228553  0.20543787E-01    1.296000  0.13766671E+00
   17.64589069  0.20158608E-01    1.297000  0.13536055E+00
   17.65949585  0.20519608E-01    1.298000  0.13806448E+00
   17.67310101  0.20425091E-01    1.299000  0.13770713E+00
   17.68670617  0.20343095E-01    1.300000  0.13743180E+00
   17.70031133  0.20268691E-01    1.301000  0.13720562E+00
   17.71391649  0.20048433E-01    1.302000  0.13598809E+00
   17.72752164  0.19875508E-01    1.303000  0.13508625E+00
   17.74112680  0.19705253E-01    1.304000  0.13419788E+00
   17.75473196  0.19719593E-01    1.305000  0.13456452E+00
   17.76833712  0.20129355E-01    1.306000  0.13763527E+00
   17.78194228  0.19741041E-01    1.307000  0.13524943E+00
   17.79554744  0.19515892E-01    1.308000  0.13397310E+00
   17.80915260  0.19522196E-01    1.309000  0.13428267E+00
   17.82275776  0.19393597E-01    1.310000  0.13366264E+00
   17.83636291  0.19187776E-01    1.311000  0.13250583E+00
   17.84996807  0.19025769E-01    1.312000  0.13164657E+00
   17.86357323  0.18948618E-01    1.313000  0.13137120E+00
   17.87717839  0.18744903E-01    1.314000  0.13021453E+00
   17.89078355  0.18512519E-01    1.315000  0.12885275E+00
   17.90438871  0.18572808E-01    1.316000  0.12952572E+00
   17.91799387  0.18508778E-01    1.317000  0.12933165E+00
   17.93159902  0.18315040E-01    1.318000  0.12822771E+00
   17.94520418  0.18304145E-01    1.319000  0.12840111E+00
   17.95880934  0.18338742E-01    1.320000  0.12889395E+00
   17.97241450  0.18310081E-01    1.321000  0.12894226E+00
   17.98601966  0.18135721E-01    1.322000  0.12796177E+00
   17.99962482  0.17932836E-01    1.323000  0.12677487E+00
   18.01322998  0.17884102E-01    1.324000  0.12667429E+00
   18.02683513  0.17943628E-01    1.325000  0.12734068E+00
   18.04044029  0.17904339E-01    1.326000  0.12730608E+00
   18.05404545  0.17959277E-01    1.327000  0.12794168E+00
   18.06765061  0.17705336E-01    1.328000  0.12637411E+00
   18.08125577  0.17662486E-01    1.329000  0.12630919E+00
   18.09486093  0.17584924E-01    1.330000  0.12599439E+00
   18.10846609  0.17513390E-01    1.331000  0.12572074E+00
   18.12207124  0.17478980E-01    1.332000  0.12571215E+00
   18.13567640  0.17309011E-01    1.333000  0.12472580E+00
   18.14928156  0.17298744E-01    1.334000  0.12488778E+00
   18.16288672  0.17174978E-01    1.335000  0.12422853E+00
   18.17649188  0.17088707E-01    1.336000  0.12383762E+00
   18.19009704  0.16859888E-01    1.337000  0.12240940E+00
   18.20370220  0.16696225E-01    1.338000  0.12144888E+00
   18.21730735  0.16543277E-01    1.339000  0.12056199E+00
   18.23091251  0.16541813E-01    1.340000  0.12077696E+00
   18.24451767  0.16932331E-01    1.341000  0.12385922E+00
   18.25812283  0.16918656E-01    1.342000  0.12398996E+00
   18.27172799  0.17367251E-01    1.343000  0.12751443E+00
   18.28533315  0.17182458E-01    1.344000  0.12639201E+00
   18.29893831  0.16878082E-01    1.345000  0.12438328E+00
   18.31254346  0.16269503E-01    1.346000  0.12012027E+00
   18.32614862  0.16101650E-01    1.347000  0.11910062E+00
   18.33975378  0.15804226E-01    1.348000  0.11711621E+00
   18.35335894  0.16088088E-01    1.349000  0.11943920E+00
   18.36696410  0.15932190E-01    1.350000  0.11849912E+00
   18.38056926  0.15987089E-01    1.351000  0.11912552E+00
   18.39417442  0.15720619E-01    1.352000  0.11735439E+00
   18.40777957  0.15789143E-01    1.353000  0.11808129E+00
   18.42138473  0.15731305E-01    1.354000  0.11786332E+00
   18.43498989  0.15474742E-01    1.355000  0.11615216E+00
   18.44859505  0.15200099E-01    1.356000  0.11429805E+00
   18.46220021  0.14984960E-01    1.357000  0.11288470E+00
   18.47580537  0.14916266E-01    1.358000  0.11257068E+00
   18.48941053  0.14983150E-01    1.359000  0.11327982E+00
   18.50301568  0.14681047E-01    1.360000  0.11119603E+00
   18.51662084  0.14558238E-01    1.361000  0.11046444E+00
   18.53022600  0.14488805E-01    1.362000  0.11013523E+00
   18.54383116  0.14213875E-01    1.363000  0.10823926E+00
   18.55743632  0.14366349E-01    1.364000  0.10959632E+00
   18.57104148  0.14151137E-01    1.365000  0.10814756E+00
   18.58464664  0.13995670E-01    1.366000  0.10715034E+00
   18.59825179  0.14148055E-01    1.367000  0.10850998E+00
   18.61185695  0.13962856E-01    1.368000  0.10728003E+00
   18.62546211  0.13839939E-01    1.369000  0.10652441E+00
   18.63906727  0.13817966E-01    1.370000  0.10654377E+00
   18.65267243  0.13592197E-01    1.371000  0.10498838E+00
   18.66627759  0.13492449E-01    1.372000  0.10440195E+00
   18.67988275  0.14385552E-01    1.373000  0.11150883E+00
   18.69348790  0.14158552E-01    1.374000  0.10994238E+00
   18.70709306  0.14103474E+00    1.375000  0.10970707E+01
   18.72069822  0.13722880E-01    1.376000  0.10693372E+00
   18.73430338  0.13940459E-01    1.377000  0.10881933E+00
   18.74790854  0.13730790E-01    1.378000  0.10736995E+00
   18.76151370  0.13549495E-01    1.379000  0.10613710E+00
   18.77511886  0.13617675E-01    1.380000  0.10685693E+00
   18.78872402  0.13231100E-01    1.381000  0.10400398E+00
   18.80232917  0.13320528E-01    1.382000  0.10488863E+00
   18.81593433  0.13270968E-01    1.383000  0.10467941E+00
   18.82953949  0.13121837E-01    1.384000  0.10368207E+00
   18.84314465  0.13115851E-01    1.385000  0.10381368E+00
   18.85674981  0.13223248E-01    1.386000  0.10484411E+00
   18.87035497  0.13070035E-01    1.387000  0.10380760E+00
   18.88396013  0.13080019E-01    1.388000  0.10406531E+00
   18.89756528  0.13204970E-01    1.389000  0.10523955E+00
   18.91117044  0.13126775E-01    1.390000  0.10479541E+00
   18.92477560  0.12874740E-01    1.391000  0.10295895E+00
   18.93838076  0.12850526E-01    1.392000  0.10294060E+00
   18.95198592  0.12782048E-01    1.393000  0.10256640E+00
   18.96559108  0.12782823E-01    1.394000  0.10274698E+00
   18.97919624  0.12626714E-01    1.395000  0.10166443E+00
   18.99280139  0.12627653E-01    1.396000  0.10184423E+00
   19.00640655  0.12809776E-01    1.397000  0.10348782E+00
   19.02001171  0.12660272E-01    1.398000  0.10245269E+00
   19.03361687  0.12587947E-01    1.399000  0.10203911E+00
   19.04722203  0.12448985E-01    1.400000  0.10108248E+00
   19.06082719  0.12359111E-01    1.401000  0.10052131E+00
   19.07443235  0.12507776E-01    1.402000  0.10190107E+00
   19.08803750  0.12170498E-01    1.403000  0.99319267E-01
   19.10164266  0.12039760E-01    1.404000  0.98416588E-01
   19.11524782  0.11998907E-01    1.405000  0.98246313E-01
   19.12885298  0.11945556E-01    1.406000  0.97972419E-01
   19.14245814  0.11907197E-01    1.407000  0.97820235E-01
   19.15606330  0.11910272E-01    1.408000  0.98007961E-01
   19.16966846  0.11858237E-01    1.409000  0.97741522E-01
   19.18327361  0.11799013E-01    1.410000  0.97414310E-01
   19.19687877  0.11710482E-01    1.411000  0.96843124E-01
   19.21048393  0.11599973E-01    1.412000  0.96087463E-01
   19.22408909  0.11656701E-01    1.413000  0.96716372E-01
   19.23769425  0.11800348E-01    1.414000  0.98069181E-01
   19.25129941  0.11681161E-01    1.415000  0.97237985E-01
   19.26490457  0.11568713E-01    1.416000  0.96459730E-01
   19.27850972  0.11593519E-01    1.417000  0.96824702E-01
   19.29211488  0.11525136E-01    1.418000  0.96410806E-01
   19.30572004  0.11474719E-01    1.419000  0.96145575E-01
   19.31932520  0.11442324E-01    1.420000  0.96030213E-01
   19.33293036  0.11450826E-01    1.421000  0.96257764E-01
   19.34653552  0.11549188E-01    1.422000  0.97242149E-01
   19.36014068  0.11508040E-01    1.423000  0.97052659E-01
   19.37374583  0.11522515E-01    1.424000  0.97331903E-01
   19.38735099  0.11477618E-01    1.425000  0.97109217E-01
   19.40095615  0.11504444E-01    1.426000  0.97493109E-01
   19.41456131  0.12474483E-01    1.427000  0.10588375E+00
   19.42816647  0.11464770E-01    1.428000  0.97469664E-01
   19.44177163  0.11451674E-01    1.429000  0.97514533E-01
   19.45537679  0.11443888E-01    1.430000  0.97604334E-01
   19.46898194  0.11339465E-01    1.431000  0.96868390E-01
   19.48258710  0.10977606E-01    1.432000  0.93926913E-01
   19.49619226  0.11098993E-01    1.433000  0.95116926E-01
   19.50979742  0.10966522E-01    1.434000  0.94131255E-01
   19.52340258  0.11254644E-01    1.435000  0.96757866E-01
   19.53700774  0.10731645E-01    1.436000  0.92407953E-01
   19.55061290  0.10828216E-01    1.437000  0.93387202E-01
   19.56421805  0.10695752E-01    1.438000  0.92390670E-01
   19.57782321  0.10721598E-01    1.439000  0.92760178E-01
   19.59142837  0.10773149E-01    1.440000  0.93353130E-01
   19.99958313  0.96035511E-02    1.470000  0.87148040E-01
   24.99947891  0.35957076E-02    1.837500  0.50654199E-01
   29.99937469  0.20203087E-02    2.205000  0.38588405E-01
   34.99927048  0.13204072E-02    2.572500  0.31839105E-01
   39.99916626  0.90731026E-03    2.940000  0.26426263E-01
   44.99906204  0.64486407E-03    3.307500  0.22014874E-01
   49.99895782  0.47206290E-03    3.675000  0.18482030E-01
   54.99885361  0.35389486E-03    4.042500  0.15629579E-01
   59.99874939  0.27180979E-03    4.410000  0.13366875E-01
   64.99864517  0.20411731E-03    4.777500  0.11061149E-01
   69.99854095  0.15629115E-03    5.145000  0.92529053E-02
   74.99843674  0.12178880E-03    5.512500  0.78207704E-02
   79.99833252  0.96202250E-04    5.880000  0.66599555E-02
   84.99822830  0.77293886E-04    6.247500  0.57384165E-02
   89.99812408  0.62533969E-04    6.615000  0.49560906E-02
   94.99801987  0.51229498E-04    6.982500  0.43169673E-02
   99.99791565  0.42386832E-04    7.350000  0.37842990E-02
  104.99781143  0.35364048E-04    7.717500  0.33345789E-02
  109.99770721  0.29718237E-04    8.085000  0.29511918E-02
  114.99760300  0.25151679E-04    8.452500  0.26237878E-02
  119.99749878  0.21414242E-04    8.820000  0.23412499E-02
  124.99739456  0.18343489E-04    9.187500  0.20974730E-02
  129.99729034  0.15797369E-04    9.555000  0.18855285E-02
  134.99718613  0.13663828E-04    9.922500  0.16993698E-02
