       eV          sigma            Ry          om               in 10^-16                                                                       
   13.00498226  0.00000000E+00    0.955886  0.00000000E+00
   13.00653161  0.67878375E+00    0.956000  0.55576910E+00
   13.02013677  0.38516808E+01    0.957000  0.31974303E+01
   13.03374193  0.47842689E+01    0.958000  0.40259907E+01
   13.04734709  0.55100680E+01    0.959000  0.46993879E+01
   13.06095225  0.62542672E+01    0.960000  0.54051875E+01
   13.07455741  0.65505396E+01    0.961000  0.57356978E+01
   13.08816257  0.62317869E+01    0.962000  0.55274324E+01
   13.10176772  0.69690991E+01    0.963000  0.62606268E+01
   13.11537288  0.69015784E+01    0.964000  0.62784204E+01
   13.12897804  0.67606877E+01    0.965000  0.62270997E+01
   13.14258320  0.66169293E+01    0.966000  0.61699020E+01
   13.15618836  0.64042551E+01    0.967000  0.60443928E+01
   13.16979352  0.63733062E+01    0.968000  0.60876283E+01
   13.18339868  0.63039267E+01    0.969000  0.60930154E+01
   13.19700383  0.64084077E+01    0.970000  0.62668451E+01
   13.21060899  0.62900240E+01    0.971000  0.62225751E+01
   13.22421415  0.62468485E+01    0.972000  0.62508705E+01
   13.23781931  0.62350603E+01    0.973000  0.63099486E+01
   13.25142447  0.60502813E+01    0.974000  0.61917237E+01
   13.26502963  0.61118789E+01    0.975000  0.63242350E+01
   13.27863479  0.58401039E+01    0.976000  0.61094017E+01
   13.30584510  0.59229993E+01    0.978000  0.63307729E+01
   13.31945026  0.59785885E+01    0.979000  0.64581478E+01
   13.33305542  0.60546733E+01    0.980000  0.66091590E+01
   13.34666058  0.62787339E+01    0.981000  0.69251093E+01
   13.36026574  0.61574680E+01    0.982000  0.68613514E+01
   13.37387090  0.63516124E+01    0.983000  0.71498879E+01
   13.38747605  0.62071187E+01    0.984000  0.70577903E+01
   13.40108121  0.61242613E+01    0.985000  0.70331920E+01
   13.41468637  0.60643486E+01    0.986000  0.70333207E+01
   13.42829153  0.60442217E+01    0.987000  0.70786826E+01
   13.44189669  0.60571289E+01    0.988000  0.71626502E+01
   13.45550185  0.61845227E+01    0.989000  0.73835947E+01
   13.46910701  0.62587701E+01    0.990000  0.75433808E+01
   13.48271216  0.60615210E+01    0.991000  0.73745477E+01
   13.49631732  0.58781926E+01    0.992000  0.72183246E+01
   13.50992248  0.57604759E+01    0.993000  0.71392497E+01
   13.52352764  0.56123530E+01    0.994000  0.70194691E+01
   13.53713280  0.55344217E+01    0.995000  0.69849088E+01
   13.55073796  0.54535935E+01    0.996000  0.69448877E+01
   13.56434312  0.55095344E+01    0.997000  0.70787526E+01
   13.57794827  0.55507287E+01    0.998000  0.71947748E+01
   13.59155343  0.54028796E+01    0.999000  0.70645495E+01
   13.60515859  0.52258100E+01    1.000000  0.68924234E+01
   13.61876375  0.54328392E+01    1.001000  0.72272333E+01
   13.63236891  0.52453704E+01    1.002000  0.70374701E+01
   13.64597407  0.50602643E+01    1.003000  0.68466419E+01
   13.65957923  0.46983099E+01    1.004000  0.64103158E+01
   13.67318438  0.43878510E+01    1.005000  0.60366061E+01
   13.70039470  0.38777957E+01    1.007000  0.54230530E+01
   13.71399986  0.38091874E+01    1.008000  0.53704041E+01
   13.75481534  0.35776221E+01    1.011000  0.51659308E+01
   13.76842049  0.39117104E+01    1.012000  0.56928042E+01
   13.78202565  0.40423442E+01    1.013000  0.59288680E+01
   13.79563081  0.40476086E+01    1.014000  0.59825984E+01
   13.80923597  0.42009670E+01    1.015000  0.62570232E+01
   13.82284113  0.42111825E+01    1.016000  0.63201069E+01
   13.83644629  0.41666782E+01    1.017000  0.63006779E+01
   13.85005145  0.41330821E+01    1.018000  0.62968560E+01
   13.86365660  0.40714237E+01    1.019000  0.62491977E+01
   13.87726176  0.39348953E+01    1.020000  0.60843692E+01
   13.89086692  0.38965211E+01    1.021000  0.60693244E+01
   13.90447208  0.38602422E+01    1.022000  0.60566947E+01
   13.91807724  0.39226730E+01    1.023000  0.61992373E+01
   13.93168240  0.38354948E+01    1.024000  0.61050623E+01
   13.94528756  0.36874906E+01    1.025000  0.59113957E+01
   13.95889272  0.37379133E+01    1.026000  0.60347168E+01
   13.97249787  0.36517316E+01    1.027000  0.59370890E+01
   13.98610303  0.35577038E+01    1.028000  0.58246564E+01
   13.99970819  0.34409636E+01    1.029000  0.56726432E+01
   14.01331335  0.33218704E+01    1.030000  0.55140704E+01
   14.02691851  0.32593447E+01    1.031000  0.54473310E+01
   14.04052367  0.32938359E+01    1.032000  0.55424170E+01
   14.05412883  0.33115803E+01    1.033000  0.56099177E+01
   14.06773398  0.32998720E+01    1.034000  0.56275930E+01
   14.08133914  0.32533871E+01    1.035000  0.55852990E+01
   14.09494430  0.33283987E+01    1.036000  0.57519101E+01
   14.10854946  0.32446958E+01    1.037000  0.56441429E+01
   14.12215462  0.31779681E+01    1.038000  0.55641942E+01
   14.13575978  0.31067868E+01    1.039000  0.54748801E+01
   14.14936494  0.30842002E+01    1.040000  0.54701354E+01
   14.16297009  0.28982272E+01    1.041000  0.51732379E+01
   14.17657525  0.29705401E+01    1.042000  0.53360801E+01
   14.19018041  0.29551243E+01    1.043000  0.53419790E+01
   14.20378557  0.29338801E+01    1.044000  0.53369253E+01
   14.21739073  0.28399632E+01    1.045000  0.51983661E+01
   14.23099589  0.27776772E+01    1.046000  0.51159294E+01
   14.24460105  0.27126704E+01    1.047000  0.50270347E+01
   14.25820620  0.26838888E+01    1.048000  0.50042054E+01
   14.27181136  0.26103100E+01    1.049000  0.48966864E+01
   14.28541652  0.24910616E+01    1.050000  0.47013040E+01
   14.29902168  0.24706803E+01    1.051000  0.46909232E+01
   14.31262684  0.23899686E+01    1.052000  0.45648478E+01
   14.32623200  0.22731653E+01    1.053000  0.43675921E+01
   14.33983716  0.21635083E+01    1.054000  0.41814930E+01
   14.35344231  0.22055466E+01    1.055000  0.42878124E+01
   14.36704747  0.22211080E+01    1.056000  0.43433128E+01
   14.38065263  0.22039497E+01    1.057000  0.43348125E+01
   14.39425779  0.22411856E+01    1.058000  0.44335249E+01
   14.40786295  0.21503614E+01    1.059000  0.42782992E+01
   14.42146811  0.22534245E+01    1.060000  0.45089653E+01
   14.43507327  0.23177651E+01    1.061000  0.46640529E+01
   14.44867842  0.24077809E+01    1.062000  0.48725616E+01
   14.46228358  0.24196980E+01    1.063000  0.49241825E+01
   14.47588874  0.24095338E+01    1.064000  0.49308871E+01
   14.48949390  0.23999733E+01    1.065000  0.49386029E+01
   14.50309906  0.24184387E+01    1.066000  0.50040910E+01
   14.51670422  0.24114543E+01    1.067000  0.50170502E+01
   14.53030938  0.24037966E+01    1.068000  0.50284422E+01
   14.54391453  0.22408785E+01    1.069000  0.47131100E+01
   14.55751969  0.23694185E+01    1.070000  0.50103940E+01
   14.57112485  0.24497988E+01    1.071000  0.52082137E+01
   14.58473001  0.23523020E+01    1.072000  0.50276763E+01
   14.59833517  0.23844255E+01    1.073000  0.51234391E+01
   14.61194033  0.23569732E+01    1.074000  0.50912437E+01
   14.62554549  0.23581268E+01    1.075000  0.51205405E+01
   14.63915064  0.23134692E+01    1.076000  0.50498661E+01
   14.65275580  0.22803473E+01    1.077000  0.50034879E+01
   14.66636096  0.22543250E+01    1.078000  0.49720153E+01
   14.67996612  0.21528234E+01    1.079000  0.47726200E+01
   14.69357128  0.21704903E+01    1.080000  0.48364579E+01
   14.70717644  0.21215387E+01    1.081000  0.47514956E+01
   14.72078160  0.21084130E+01    1.082000  0.47460651E+01
   14.73438675  0.21124547E+01    1.083000  0.47791752E+01
   14.74799191  0.20909545E+01    1.084000  0.47543016E+01
   14.76159707  0.20714042E+01    1.085000  0.47333947E+01
   14.77520223  0.20120483E+01    1.086000  0.46206307E+01
   14.78880739  0.20072417E+01    1.087000  0.46324086E+01
   14.80241255  0.19664530E+01    1.088000  0.45606273E+01
   14.81601771  0.19552294E+01    1.089000  0.45568223E+01
   14.82962286  0.19064908E+01    1.090000  0.44649040E+01
   14.84322802  0.18723974E+01    1.091000  0.44063427E+01
   14.85683318  0.18313382E+01    1.092000  0.43305341E+01
   14.87043834  0.18067388E+01    1.093000  0.42929016E+01
   14.88404350  0.17460286E+01    1.094000  0.41684981E+01
   14.89764866  0.17277159E+01    1.095000  0.41444172E+01
   14.91125382  0.16835626E+01    1.096000  0.40576399E+01
   14.92485898  0.16646622E+01    1.097000  0.40310092E+01
   14.93846413  0.16358424E+01    1.098000  0.39798163E+01
   14.95206929  0.16833545E+01    1.099000  0.41145423E+01
   14.96567445  0.16094996E+01    1.100000  0.39523175E+01
   14.97927961  0.15671461E+01    1.101000  0.38661273E+01
   14.99288477  0.15242127E+01    1.102000  0.37775369E+01
   15.00648993  0.15159229E+01    1.103000  0.37742234E+01
   15.02009509  0.14913735E+01    1.104000  0.37300547E+01
   15.03370024  0.14729846E+01    1.105000  0.37008058E+01
   15.04730540  0.14540419E+01    1.106000  0.36697413E+01
   15.06091056  0.14502869E+01    1.107000  0.36767496E+01
   15.07451572  0.14227889E+01    1.108000  0.36232099E+01
   15.08812088  0.13973716E+01    1.109000  0.35743672E+01
   15.10172604  0.13724994E+01    1.110000  0.35263473E+01
   15.11533120  0.13557663E+01    1.111000  0.34987661E+01
   15.12893635  0.13444622E+01    1.112000  0.34848766E+01
   15.14254151  0.13195907E+01    1.113000  0.34354090E+01
   15.15614667  0.12819732E+01    1.114000  0.33520481E+01
   15.16975183  0.13129543E+01    1.115000  0.34479806E+01
   15.18335699  0.13175204E+01    1.116000  0.34749478E+01
   15.19696215  0.13045891E+01    1.117000  0.34556710E+01
   15.21056731  0.12588572E+01    1.118000  0.33488431E+01
   15.22417246  0.12603963E+01    1.119000  0.33672642E+01
   15.23777762  0.12896046E+01    1.120000  0.34599559E+01
   15.25138278  0.12832112E+01    1.121000  0.34573889E+01
   15.26498794  0.12677144E+01    1.122000  0.34300457E+01
   15.27859310  0.12810414E+01    1.123000  0.34806660E+01
   15.29219826  0.12762270E+01    1.124000  0.34820917E+01
   15.30580342  0.12700515E+01    1.125000  0.34796791E+01
   15.31940857  0.12826417E+01    1.126000  0.35287534E+01
   15.33301373  0.12994542E+01    1.127000  0.35897781E+01
   15.34661889  0.12674847E+01    1.128000  0.35158690E+01
   15.36022405  0.12844012E+01    1.129000  0.35773934E+01
   15.37382921  0.12953151E+01    1.130000  0.36225152E+01
   15.38743437  0.12965100E+01    1.131000  0.36405945E+01
   15.40103953  0.13059499E+01    1.132000  0.36819462E+01
   15.41464468  0.13169513E+01    1.133000  0.37279331E+01
   15.42824984  0.12968420E+01    1.134000  0.36857502E+01
   15.44185500  0.12912286E+01    1.135000  0.36844738E+01
   15.45546016  0.12948405E+01    1.136000  0.37094987E+01
   15.46906532  0.12699948E+01    1.137000  0.36527559E+01
   15.48267048  0.12266054E+01    1.138000  0.35419022E+01
   15.50988079  0.11689037E+01    1.140000  0.34018587E+01
   15.52348595  0.11243917E+01    1.141000  0.32850966E+01
   15.53709111  0.11325532E+01    1.142000  0.33218153E+01
   15.55069627  0.10907665E+01    1.143000  0.32116524E+01
   15.56430143  0.10930240E+01    1.144000  0.32307237E+01
   15.57790659  0.11066315E+01    1.145000  0.32835235E+01
   15.59151175  0.10760481E+01    1.146000  0.32050097E+01
   15.60511690  0.10640503E+01    1.147000  0.31813694E+01
   15.61872206  0.10648802E+01    1.148000  0.31959552E+01
   15.63232722  0.10590713E+01    1.149000  0.31905599E+01
   15.64593238  0.10458328E+01    1.150000  0.31625654E+01
   15.65953754  0.10524847E+01    1.151000  0.31946441E+01
   15.67314270  0.10360935E+01    1.152000  0.31566686E+01
   15.68674786  0.10328175E+01    1.153000  0.31584278E+01
   15.70035301  0.10273523E+01    1.154000  0.31533926E+01
   15.71395817  0.10207496E+01    1.155000  0.31447289E+01
   15.72756333  0.98792155E+00    1.156000  0.30548218E+01
   15.74116849  0.98836427E+00    1.157000  0.30674255E+01
   15.75477365  0.98104285E+00    1.158000  0.30558547E+01
   15.76837881  0.98156321E+00    1.159000  0.30686330E+01
   15.78198397  0.98813537E+00    1.160000  0.31004115E+01
   15.79558912  0.98686811E+00    1.161000  0.31076530E+01
   15.80919428  0.96587776E+00    1.162000  0.30525334E+01
   15.82279944  0.95875856E+00    1.163000  0.30409323E+01
   15.83640460  0.92039704E+00    1.164000  0.29297217E+01
   15.85000976  0.92282478E+00    1.165000  0.29479392E+01
   15.86361492  0.91107696E+00    1.166000  0.29207673E+01
   15.87722008  0.91307301E+00    1.167000  0.29375452E+01
   15.89082524  0.90683060E+00    1.168000  0.29277700E+01
   15.90443039  0.88618817E+00    1.169000  0.28711977E+01
   15.91803555  0.87210292E+00    1.170000  0.28354755E+01
   15.93164071  0.87014410E+00    1.171000  0.28389977E+01
   15.94524587  0.86810115E+00    1.172000  0.28421999E+01
   15.95885103  0.87233103E+00    1.173000  0.28659645E+01
   15.97245619  0.85705545E+00    1.174000  0.28255201E+01
   15.98606135  0.85765593E+00    1.175000  0.28372487E+01
   15.99966650  0.85206481E+00    1.176000  0.28284379E+01
   16.01327166  0.84455411E+00    1.177000  0.28131061E+01
   16.02687682  0.84252642E+00    1.178000  0.28159291E+01
   16.04048198  0.85388114E+00    1.179000  0.28635854E+01
   16.05408714  0.83666811E+00    1.180000  0.28153700E+01
   16.06769230  0.83955644E+00    1.181000  0.28346324E+01
   16.08129746  0.80864176E+00    1.182000  0.27394456E+01
   16.09490261  0.80250983E+00    1.183000  0.27277945E+01
   16.10850777  0.78665973E+00    1.184000  0.26828607E+01
   16.12211293  0.77268402E+00    1.185000  0.26439804E+01
   16.13571809  0.76462197E+00    1.186000  0.26250850E+01
   16.14932325  0.74033963E+00    1.187000  0.25501348E+01
   16.16292841  0.72086139E+00    1.188000  0.24912351E+01
   16.17653357  0.72310138E+00    1.189000  0.25071958E+01
   16.19013872  0.73241304E+00    1.190000  0.25478073E+01
   16.20374388  0.72443384E+00    1.191000  0.25282851E+01
   16.21734904  0.72470792E+00    1.192000  0.25374794E+01
   16.23095420  0.73567972E+00    1.193000  0.25842583E+01
   16.24455936  0.71980116E+00    1.194000  0.25366629E+01
   16.25816452  0.71387737E+00    1.195000  0.25239014E+01
   16.27176968  0.72070037E+00    1.196000  0.25562162E+01
   16.28537483  0.72229271E+00    1.197000  0.25700743E+01
   16.29897999  0.70289331E+00    1.198000  0.25090368E+01
   16.31258515  0.69931773E+00    1.199000  0.25042226E+01
   16.32619031  0.70710589E+00    1.200000  0.25401493E+01
   16.33979547  0.70403516E+00    1.201000  0.25371210E+01
   16.35340063  0.69933667E+00    1.202000  0.25281385E+01
   16.36700579  0.68168056E+00    1.203000  0.24720594E+01
   16.39421610  0.65954222E+00    1.205000  0.24067705E+01
   16.40782126  0.65365657E+00    1.206000  0.23927230E+01
   16.42142642  0.65532383E+00    1.207000  0.24062751E+01
   16.43503158  0.64476609E+00    1.208000  0.23748373E+01
   16.44863674  0.62875036E+00    1.209000  0.23229943E+01
   16.46224190  0.61902013E+00    1.210000  0.22940812E+01
   16.47584705  0.63027187E+00    1.211000  0.23429443E+01
   16.48945221  0.62352060E+00    1.212000  0.23249350E+01
   16.50305737  0.61885458E+00    1.213000  0.23145712E+01
   16.51666253  0.60304279E+00    1.214000  0.22622885E+01
   16.53026769  0.61145231E+00    1.215000  0.23007868E+01
   16.54387285  0.61074392E+00    1.216000  0.23050636E+01
   16.55747801  0.59880126E+00    1.217000  0.22667963E+01
   16.57108316  0.60410799E+00    1.218000  0.22937521E+01
   16.58468832  0.59400816E+00    1.219000  0.22621559E+01
   16.59829348  0.58349282E+00    1.220000  0.22287430E+01
   16.61189864  0.57631160E+00    1.221000  0.22078641E+01
   16.62550380  0.56446501E+00    1.222000  0.21688958E+01
   16.63910896  0.56526476E+00    1.223000  0.21783941E+01
   16.65271412  0.57068428E+00    1.224000  0.22057666E+01
   16.67992443  0.55684031E+00    1.226000  0.21649171E+01
   16.69352959  0.55226560E+00    1.227000  0.21534089E+01
   16.70713475  0.55221418E+00    1.228000  0.21594854E+01
   16.72073991  0.54444123E+00    1.229000  0.21352772E+01
   16.73434507  0.53981022E+00    1.230000  0.21232506E+01
   16.74795023  0.53088233E+00    1.231000  0.20941688E+01
   16.76155538  0.53262011E+00    1.232000  0.21070781E+01
   16.77516054  0.52783437E+00    1.233000  0.20941453E+01
   16.78876570  0.52679913E+00    1.234000  0.20960262E+01
   16.80237086  0.53409261E+00    1.235000  0.21311165E+01
   16.81597602  0.53029608E+00    1.236000  0.21219956E+01
   16.82958118  0.53293962E+00    1.237000  0.21386317E+01
   16.84318634  0.52992090E+00    1.238000  0.21325415E+01
   16.85679150  0.53306246E+00    1.239000  0.21512433E+01
   16.87039665  0.52837634E+00    1.240000  0.21383379E+01
   16.88400181  0.51423751E+00    1.241000  0.20869634E+01
   16.89760697  0.51566393E+00    1.242000  0.20986139E+01
   16.91121213  0.50112639E+00    1.243000  0.20451463E+01
   16.92481729  0.49456533E+00    1.244000  0.20239917E+01
   16.93842245  0.49961427E+00    1.245000  0.20503334E+01
   16.95202761  0.49951874E+00    1.246000  0.20556194E+01
   16.96563276  0.49576770E+00    1.247000  0.20458185E+01
   16.97923792  0.48467180E+00    1.248000  0.20055398E+01
   16.99284308  0.47836629E+00    1.249000  0.19848856E+01
   17.00644824  0.48791342E+00    1.250000  0.20300456E+01
   17.02005340  0.47620412E+00    1.251000  0.19867401E+01
   17.03365856  0.47146885E+00    1.252000  0.19723436E+01
   17.04726372  0.46419141E+00    1.253000  0.19471756E+01
   17.06086887  0.46193957E+00    1.254000  0.19429805E+01
   17.07447403  0.45677858E+00    1.255000  0.19264649E+01
   17.08807919  0.45022712E+00    1.256000  0.19039518E+01
   17.10168435  0.44937419E+00    1.257000  0.19054529E+01
   17.11528951  0.44155120E+00    1.258000  0.18773007E+01
   17.12889467  0.43058171E+00    1.259000  0.18355572E+01
   17.14249983  0.43410796E+00    1.260000  0.18555240E+01
   17.15610498  0.43144051E+00    1.261000  0.18490266E+01
   17.16971014  0.42980063E+00    1.262000  0.18468841E+01
   17.18331530  0.42199236E+00    1.263000  0.18181282E+01
   17.19692046  0.42058798E+00    1.264000  0.18168583E+01
   17.21052562  0.41677413E+00    1.265000  0.18051207E+01
   17.22413078  0.41225888E+00    1.266000  0.17902505E+01
   17.23773594  0.41160125E+00    1.267000  0.17920734E+01
   17.25134109  0.41012616E+00    1.268000  0.17903129E+01
   17.26494625  0.40321401E+00    1.269000  0.17647228E+01
   17.27855141  0.40530869E+00    1.270000  0.17784976E+01
   17.29215657  0.39772244E+00    1.271000  0.17497300E+01
   17.30576173  0.40283707E+00    1.272000  0.17768102E+01
   17.31936689  0.39516384E+00    1.273000  0.17474574E+01
   17.33297205  0.39690879E+00    1.274000  0.17596854E+01
   17.34657720  0.39435678E+00    1.275000  0.17528538E+01
   17.36018236  0.38317280E+00    1.276000  0.17074983E+01
   17.37378752  0.38393932E+00    1.277000  0.17152783E+01
   17.38739268  0.39146870E+00    1.278000  0.17533662E+01
   17.40099784  0.39065002E+00    1.279000  0.17541399E+01
   17.41460300  0.38418723E+00    1.280000  0.17294870E+01
   17.42820816  0.38122655E+00    1.281000  0.17204924E+01
   17.44181331  0.38009876E+00    1.282000  0.17197232E+01
   17.45541847  0.36824528E+00    1.283000  0.16702790E+01
   17.46902363  0.37071174E+00    1.284000  0.16856802E+01
   17.48262879  0.36272308E+00    1.285000  0.16534777E+01
   17.49623395  0.36634327E+00    1.286000  0.16741446E+01
   17.50983911  0.37134887E+00    1.287000  0.17012407E+01
   17.52344427  0.36784158E+00    1.288000  0.16893542E+01
   17.53704942  0.35948215E+00    1.289000  0.16550488E+01
   17.55065458  0.35170973E+00    1.290000  0.16232626E+01
   17.56425974  0.34697804E+00    1.291000  0.16053683E+01
   17.57786490  0.34209527E+00    1.292000  0.15866657E+01
   17.59147006  0.33826075E+00    1.293000  0.15727259E+01
   17.60507522  0.34061649E+00    1.294000  0.15875506E+01
   17.61868038  0.33414038E+00    1.295000  0.15611648E+01
   17.63228553  0.32959492E+00    1.296000  0.15436741E+01
   17.64589069  0.32865435E+00    1.297000  0.15430047E+01
   17.65949585  0.32148666E+00    1.298000  0.15130073E+01
   17.67310101  0.32140178E+00    1.299000  0.15162612E+01
   17.68670617  0.31888092E+00    1.300000  0.15079934E+01
   17.70031133  0.31770422E+00    1.301000  0.15060401E+01
   17.71391649  0.32206277E+00    1.302000  0.15303622E+01
   17.72752164  0.32008457E+00    1.303000  0.15246007E+01
   17.74112680  0.31743061E+00    1.304000  0.15155678E+01
   17.75473196  0.31611935E+00    1.305000  0.15129005E+01
   17.76833712  0.31576780E+00    1.306000  0.15148074E+01
   17.78194228  0.31808170E+00    1.307000  0.15295233E+01
   17.79554744  0.31992584E+00    1.308000  0.15420276E+01
   17.80915260  0.31748566E+00    1.309000  0.15338749E+01
   17.82275776  0.31358860E+00    1.310000  0.15186115E+01
   17.83636291  0.31000148E+00    1.311000  0.15047640E+01
   17.84996807  0.30982590E+00    1.312000  0.15074335E+01
   17.86357323  0.30872948E+00    1.313000  0.15056083E+01
   17.87717839  0.30704945E+00    1.314000  0.15009054E+01
   17.89078355  0.30042454E+00    1.315000  0.14719367E+01
   17.90438871  0.29430381E+00    1.316000  0.14452934E+01
   17.91799387  0.28905726E+00    1.317000  0.14228139E+01
   17.93159902  0.28593730E+00    1.318000  0.14107069E+01
   17.94520418  0.28389856E+00    1.319000  0.14038756E+01
   17.95880934  0.28462872E+00    1.320000  0.14107216E+01
   17.97241450  0.28573521E+00    1.321000  0.14194537E+01
   17.98601966  0.28167855E+00    1.322000  0.14025032E+01
   17.99962482  0.28332583E+00    1.323000  0.14139257E+01
   18.01322998  0.28440910E+00    1.324000  0.14225646E+01
   18.02683513  0.28583143E+00    1.325000  0.14329279E+01
   18.04044029  0.28841177E+00    1.326000  0.14491420E+01
   18.05404545  0.28904520E+00    1.327000  0.14556103E+01
   18.06765061  0.29267781E+00    1.328000  0.14772307E+01
   18.08125577  0.29104169E+00    1.329000  0.14722810E+01
   18.09486093  0.28810394E+00    1.330000  0.14606948E+01
   18.10846609  0.28290894E+00    1.331000  0.14375718E+01
   18.12207124  0.27435126E+00    1.332000  0.13972054E+01
   18.13567640  0.27400486E+00    1.333000  0.13985559E+01
   18.14928156  0.27167619E+00    1.334000  0.13897582E+01
   18.16288672  0.27284044E+00    1.335000  0.13988153E+01
   18.17649188  0.27015483E+00    1.336000  0.13881174E+01
   18.19009704  0.27139187E+00    1.337000  0.13975585E+01
   18.20370220  0.27288899E+00    1.338000  0.14083700E+01
   18.21730735  0.27453838E+00    1.339000  0.14200031E+01
   18.23091251  0.26942884E+00    1.340000  0.13966375E+01
   18.24451767  0.27054977E+00    1.341000  0.14055234E+01
   18.25812283  0.27347889E+00    1.342000  0.14238490E+01
   18.27172799  0.27237653E+00    1.343000  0.14212057E+01
   18.28533315  0.27015734E+00    1.344000  0.14126973E+01
   18.29893831  0.27152012E+00    1.345000  0.14229099E+01
   18.31254346  0.27232451E+00    1.346000  0.14302208E+01
   18.32614862  0.27111404E+00    1.347000  0.14269453E+01
   18.33975378  0.26779240E+00    1.348000  0.14125066E+01
   18.35335894  0.26466334E+00    1.349000  0.13990104E+01
   18.36696410  0.26347414E+00    1.350000  0.13957192E+01
   18.38056926  0.26401753E+00    1.351000  0.14015988E+01
   18.39417442  0.26278881E+00    1.352000  0.13980630E+01
   18.40777957  0.26139431E+00    1.353000  0.13936154E+01
   18.42138473  0.26158070E+00    1.354000  0.13975825E+01
   18.43498989  0.26073051E+00    1.355000  0.13960038E+01
   18.44859505  0.26121133E+00    1.356000  0.14015474E+01
   18.46220021  0.25978143E+00    1.357000  0.13968281E+01
   18.47580537  0.25692253E+00    1.358000  0.13843764E+01
   18.48941053  0.25621642E+00    1.359000  0.13834841E+01
   18.50301568  0.25442939E+00    1.360000  0.13767268E+01
   18.51662084  0.24969916E+00    1.361000  0.13539697E+01
   18.53022600  0.24844386E+00    1.362000  0.13499870E+01
   18.54383116  0.24857756E+00    1.363000  0.13535391E+01
   18.55743632  0.24692882E+00    1.364000  0.13473683E+01
   18.57104148  0.24364071E+00    1.365000  0.13321962E+01
   18.58464664  0.24106427E+00    1.366000  0.13208487E+01
   18.59825179  0.24063430E+00    1.367000  0.13212281E+01
   18.61185695  0.23641800E+00    1.368000  0.13007654E+01
   18.62546211  0.23455964E+00    1.369000  0.12932070E+01
   18.63906727  0.23392228E+00    1.370000  0.12923520E+01
   18.65267243  0.23115223E+00    1.371000  0.12796758E+01
   18.66627759  0.22998061E+00    1.372000  0.12758038E+01
   18.67988275  0.23203731E+00    1.373000  0.12898508E+01
   18.69348790  0.23021258E+00    1.374000  0.12823243E+01
   18.70709306  0.21599665E+02    1.375000  0.12055943E+03
   18.72069822  0.22933190E+00    1.376000  0.12826324E+01
   18.73430338  0.22600096E+00    1.377000  0.12665717E+01
   18.74790854  0.22711931E+00    1.378000  0.12754209E+01
   18.76151370  0.22431234E+00    1.379000  0.12622077E+01
   18.77511886  0.22184825E+00    1.380000  0.12508640E+01
   18.78872402  0.22078315E+00    1.381000  0.12473682E+01
   18.80232917  0.21983608E+00    1.382000  0.12445164E+01
   18.81593433  0.22015059E+00    1.383000  0.12487993E+01
   18.82953949  0.21446721E+00    1.384000  0.12189983E+01
   18.84314465  0.21377511E+00    1.385000  0.12174945E+01
   18.85674981  0.20949491E+00    1.386000  0.11954992E+01
   18.87035497  0.20386124E+00    1.387000  0.11656675E+01
   18.88396013  0.19961124E+00    1.388000  0.11436352E+01
   18.89756528  0.19889277E+00    1.389000  0.11417797E+01
   18.91117044  0.19642422E+00    1.390000  0.11298413E+01
   18.92477560  0.19497821E+00    1.391000  0.11237401E+01
   18.93838076  0.19280119E+00    1.392000  0.11133846E+01
   18.95198592  0.19002923E+00    1.393000  0.10995372E+01
   18.96559108  0.18692374E+00    1.394000  0.10836931E+01
   18.97919624  0.18643372E+00    1.395000  0.10829714E+01
   18.99280139  0.18704619E+00    1.396000  0.10886553E+01
   19.00640655  0.18459811E+00    1.397000  0.10765052E+01
   19.02001171  0.18356610E+00    1.398000  0.10725735E+01
   19.03361687  0.18033867E+00    1.399000  0.10557656E+01
   19.04722203  0.17835141E+00    1.400000  0.10461588E+01
   19.06082719  0.17650710E+00    1.401000  0.10373470E+01
   19.07443235  0.17776491E+00    1.402000  0.10467599E+01
   19.08803750  0.17626113E+00    1.403000  0.10399085E+01
   19.10164266  0.17532713E+00    1.404000  0.10363910E+01
   19.11524782  0.17910455E+00    1.405000  0.10607559E+01
   19.12885298  0.17605351E+00    1.406000  0.10446872E+01
   19.14245814  0.17508168E+00    1.407000  0.10409106E+01
   19.15606330  0.17454461E+00    1.408000  0.10397016E+01
   19.16966846  0.17525444E+00    1.409000  0.10459219E+01
   19.18327361  0.17375654E+00    1.410000  0.10389575E+01
   19.19687877  0.17469794E+00    1.411000  0.10465723E+01
   19.21048393  0.17598627E+00    1.412000  0.10562908E+01
   19.22408909  0.17298792E+00    1.413000  0.10402607E+01
   19.23769425  0.17010144E+00    1.414000  0.10248364E+01
   19.25129941  0.17137892E+00    1.415000  0.10344811E+01
   19.26490457  0.17127668E+00    1.416000  0.10358109E+01
   19.27850972  0.17108294E+00    1.417000  0.10365839E+01
   19.29211488  0.16941894E+00    1.418000  0.10284276E+01
   19.30572004  0.16775503E+00    1.419000  0.10202340E+01
   19.31932520  0.16573341E+00    1.420000  0.10098230E+01
   19.33293036  0.16298164E+00    1.421000  0.99490892E+00
   19.34653552  0.16367184E+00    1.422000  0.10009827E+01
   19.36014068  0.16210261E+00    1.423000  0.99322819E+00
   19.37374583  0.16230356E+00    1.424000  0.99630437E+00
   19.38735099  0.16150329E+00    1.425000  0.99322768E+00
   19.40095615  0.15836277E+00    1.426000  0.97571396E+00
   19.41456131  0.36712131E+00    1.427000  0.22661023E+01
   19.42816647  0.15774124E+00    1.428000  0.97547061E+00
   19.44177163  0.15768150E+00    1.429000  0.97689357E+00
   19.45537679  0.15577823E+00    1.430000  0.96687282E+00
   19.46898194  0.15563529E+00    1.431000  0.96775474E+00
   19.48258710  0.15442752E+00    1.432000  0.96200010E+00
   19.49619226  0.15433446E+00    1.433000  0.96317473E+00
   19.50979742  0.15584270E+00    1.434000  0.97435884E+00
   19.52340258  0.25890052E+00    1.435000  0.16216393E+01
   19.53700774  0.15702789E+00    1.436000  0.98533873E+00
   19.55061290  0.15670836E+00    1.437000  0.98511501E+00
   19.56421805  0.15551855E+00    1.438000  0.97940330E+00
   19.57782321  0.15588915E+00    1.439000  0.98350919E+00
   19.59142837  0.15583761E+00    1.440000  0.98495547E+00
   19.99958313  0.77370019E+01    1.470000  0.51539311E+02
   24.99947891  0.46664400E-01    1.837500  0.50578497E+00
   29.99937469  0.21731816E-01    2.205000  0.32632811E+00
   34.99927048  0.12432991E-01    2.572500  0.23863280E+00
   39.99916626  0.77747737E-02    2.940000  0.18170334E+00
   44.99906204  0.50307917E-02    3.307500  0.13858953E+00
   49.99895782  0.33369742E-02    3.675000  0.10586759E+00
   54.99885361  0.23341118E-02    4.042500  0.83801603E-01
   59.99874939  0.16935245E-02    4.410000  0.67877078E-01
   64.99864517  0.12574160E-02    4.777500  0.55650384E-01
   69.99854095  0.95599539E-03    5.145000  0.46303735E-01
   74.99843674  0.74176086E-03    5.512500  0.39025873E-01
   79.99833252  0.58342919E-03    5.880000  0.33132852E-01
   84.99822830  0.46489090E-03    6.247500  0.28343102E-01
   89.99812408  0.37221364E-03    6.615000  0.24247702E-01
   94.99801987  0.30169109E-03    6.982500  0.20913815E-01
   99.99791565  0.24605635E-03    7.350000  0.18084975E-01
  104.99781143  0.20198331E-03    7.717500  0.15689395E-01
  109.99770721  0.16708506E-03    8.085000  0.13676591E-01
  114.99760300  0.13879272E-03    8.452500  0.11940536E-01
  119.99749878  0.11596331E-03    8.820000  0.10460911E-01
  124.99739456  0.97512187E-04    9.187500  0.92038018E-02
  129.99729034  0.82218079E-04    9.555000  0.81037049E-02
  134.99718613  0.69908804E-04    9.922500  0.71824941E-02
