       eV          sigma            Ry          om               in 10^-16                                                                       
   12.02696020  0.11015310E+05    0.884000  0.38389677E+01
   12.04056535  0.12209965E+04    0.885000  0.14304590E+02
   12.05417051  0.55272812E+03    0.886000  0.12758345E+02
   12.06777567  0.39944555E+03    0.887000  0.13760695E+02
   12.08138083  0.27870680E+03    0.888000  0.12769365E+02
   12.09498599  0.21014876E+03    0.889000  0.12017036E+02
   12.10859115  0.16857496E+03    0.890000  0.11555892E+02
   12.12219631  0.19464440E+03    0.891000  0.15555486E+02
   12.13580146  0.19748716E+03    0.892000  0.18027507E+02
   12.14940662  0.18844978E+03    0.893000  0.19344642E+02
   12.16301178  0.19558184E+03    0.894000  0.22299936E+02
   12.17661694  0.20492290E+03    0.895000  0.25694345E+02
   12.19022210  0.21530793E+03    0.896000  0.29443880E+02
   12.20382726  0.22501763E+03    0.897000  0.33329480E+02
   12.21743242  0.24428199E+03    0.898000  0.38959656E+02
   12.23103757  0.25205073E+03    0.899000  0.43063723E+02
   12.24464273  0.25940167E+03    0.900000  0.47268273E+02
   12.25824789  0.26401005E+03    0.901000  0.51109014E+02
   12.27185305  0.26754428E+03    0.902000  0.54834371E+02
   12.28545821  0.27026305E+03    0.903000  0.58463672E+02
   12.29906337  0.27211760E+03    0.904000  0.61958010E+02
   12.31266853  0.27405130E+03    0.905000  0.65513431E+02
   12.32627368  0.27480178E+03    0.906000  0.68816507E+02
   12.33987884  0.28046110E+03    0.907000  0.73421725E+02
   12.35348400  0.27732553E+03    0.908000  0.75753223E+02
   12.36708916  0.27008301E+03    0.909000  0.76844916E+02
   12.38069432  0.28154466E+03    0.910000  0.83306337E+02
   12.39429948  0.28471183E+03    0.911000  0.87479791E+02
   12.40790464  0.28607931E+03    0.912000  0.91151818E+02
   12.42150979  0.28772078E+03    0.913000  0.94945352E+02
   12.43511495  0.28933245E+03    0.914000  0.98766029E+02
   12.44872011  0.29088732E+03    0.915000  0.10260331E+03
   12.46232527  0.29231953E+03    0.916000  0.10643128E+03
   12.47593043  0.29391644E+03    0.917000  0.11035365E+03
   12.48953559  0.29619132E+03    0.918000  0.11457458E+03
   12.50314075  0.29745000E+03    0.919000  0.11844258E+03
   12.51674590  0.29865192E+03    0.920000  0.12231595E+03
   12.53035106  0.29980151E+03    0.921000  0.12619462E+03
   12.54395622  0.30091078E+03    0.922000  0.13008199E+03
   12.55756138  0.30207955E+03    0.923000  0.13402098E+03
   12.57116654  0.30312127E+03    0.924000  0.13792873E+03
   12.58477170  0.30414198E+03    0.925000  0.14185036E+03
   12.59837686  0.30515632E+03    0.926000  0.14579215E+03
   12.61198201  0.30621364E+03    0.927000  0.14977803E+03
   12.62558717  0.30727535E+03    0.928000  0.15379014E+03
   12.63919233  0.30842928E+03    0.929000  0.15787359E+03
   12.65279749  0.30981075E+03    0.930000  0.16210233E+03
   12.66640265  0.31191483E+03    0.931000  0.16674878E+03
   12.68000781  0.31498295E+03    0.932000  0.17196940E+03
   12.69361297  0.31379162E+03    0.933000  0.17488584E+03
   12.70721812  0.31285819E+03    0.934000  0.17792187E+03
   12.72082328  0.31340107E+03    0.935000  0.18179303E+03
   12.73442844  0.31427194E+03    0.936000  0.18587052E+03
   12.74803360  0.31521307E+03    0.937000  0.19001016E+03
   12.76163876  0.31611908E+03    0.938000  0.19414962E+03
   12.77524392  0.31682551E+03    0.939000  0.19818484E+03
   12.78884908  0.31693649E+03    0.940000  0.20185688E+03
   12.80245423  0.31710819E+03    0.941000  0.20557080E+03
   12.81605939  0.31437463E+03    0.942000  0.20737222E+03
   12.82966455  0.30945288E+03    0.943000  0.20764321E+03
   12.84326971  0.32945382E+03    0.944000  0.22480876E+03
   12.85687487  0.32701661E+03    0.945000  0.22686288E+03
   12.87048003  0.34647392E+03    0.946000  0.24429947E+03
   12.88408519  0.35773627E+03    0.947000  0.25630696E+03
   12.89769034  0.36133974E+03    0.948000  0.26299608E+03
   12.91129550  0.35752855E+03    0.949000  0.26428618E+03
   12.92490066  0.35705118E+03    0.950000  0.26799191E+03
   12.93850582  0.35168330E+03    0.951000  0.26796052E+03
   12.95211098  0.34928123E+03    0.952000  0.27010057E+03
   12.96571614  0.35218890E+03    0.953000  0.27635241E+03
   12.97932130  0.35456582E+03    0.954000  0.28224786E+03
   12.99292646  0.35019691E+03    0.955000  0.28275073E+03
   13.00653161  0.33920844E+03    0.956000  0.27773436E+03
   13.02013677  0.33811763E+03    0.957000  0.28068462E+03
   13.03374193  0.32805439E+03    0.958000  0.27605972E+03
   13.04734709  0.30901262E+03    0.959000  0.26354850E+03
   13.06095225  0.29233376E+03    0.960000  0.25264651E+03
   13.07455741  0.27345106E+03    0.961000  0.23943564E+03
   13.08816257  0.26927226E+03    0.962000  0.23883747E+03
   13.10176772  0.26618654E+03    0.963000  0.23912626E+03
   13.11537288  0.26662189E+03    0.964000  0.24254804E+03
   13.12897804  0.26737992E+03    0.965000  0.24627693E+03
   13.14258320  0.26785789E+03    0.966000  0.24976192E+03
   13.15618836  0.26839922E+03    0.967000  0.25331757E+03
   13.16979352  0.26433998E+03    0.968000  0.25249117E+03
   13.18339868  0.26507475E+03    0.969000  0.25620611E+03
   13.19700383  0.26552258E+03    0.970000  0.25965715E+03
   13.21060899  0.26468323E+03    0.971000  0.26184499E+03
   13.22421415  0.26415945E+03    0.972000  0.26432953E+03
   13.23781931  0.26465315E+03    0.973000  0.26783186E+03
   13.25142447  0.26524421E+03    0.974000  0.27144504E+03
   13.26502963  0.26522040E+03    0.975000  0.27443543E+03
   13.27863479  0.26464742E+03    0.976000  0.27685079E+03
   13.30584510  0.26113470E+03    0.978000  0.27911273E+03
   13.31945026  0.25958127E+03    0.979000  0.28040301E+03
   13.33305542  0.25668840E+03    0.980000  0.28019587E+03
   13.34666058  0.25474139E+03    0.981000  0.28096619E+03
   13.36026574  0.25256523E+03    0.982000  0.28143691E+03
   13.37387090  0.25767932E+03    0.983000  0.29006465E+03
   13.38747605  0.25914512E+03    0.984000  0.29466038E+03
   13.40108121  0.25531294E+03    0.985000  0.29320514E+03
   13.41468637  0.25211011E+03    0.986000  0.29239270E+03
   13.42829153  0.24944432E+03    0.987000  0.29213640E+03
   13.44189669  0.24643412E+03    0.988000  0.29141222E+03
   13.45550185  0.24392260E+03    0.989000  0.29121498E+03
   13.46910701  0.24050583E+03    0.990000  0.28986958E+03
   13.48271216  0.24089829E+03    0.991000  0.29308088E+03
   13.49631732  0.23928050E+03    0.992000  0.29383255E+03
   13.50992248  0.23640942E+03    0.993000  0.29299417E+03
   13.52352764  0.23659445E+03    0.994000  0.29591286E+03
   13.53713280  0.23246683E+03    0.995000  0.29339282E+03
   13.55073796  0.22972410E+03    0.996000  0.29254253E+03
   13.56434312  0.22804886E+03    0.997000  0.29300143E+03
   13.57794827  0.22842301E+03    0.998000  0.29607863E+03
   13.59155343  0.22820542E+03    0.999000  0.29839060E+03
   13.60515859  0.22901422E+03    1.000000  0.30205135E+03
   13.61876375  0.22364926E+03    1.001000  0.29751762E+03
   13.63236891  0.21993486E+03    1.002000  0.29507640E+03
   13.64597407  0.21655481E+03    1.003000  0.29300312E+03
   13.65957923  0.21384808E+03    1.004000  0.29177167E+03
   13.67318438  0.21631152E+03    1.005000  0.29759157E+03
   13.70039470  0.21536286E+03    1.007000  0.30118250E+03
   13.71399986  0.20717619E+03    1.008000  0.29208851E+03
   13.75481534  0.22644383E+03    1.011000  0.32697505E+03
   13.76842049  0.23397426E+03    1.012000  0.34050825E+03
   13.78202565  0.23636236E+03    1.013000  0.34667044E+03
   13.79563081  0.22962600E+03    1.014000  0.33940044E+03
   13.80923597  0.22333020E+03    1.015000  0.33263348E+03
   13.82284113  0.22090763E+03    1.016000  0.33153630E+03
   13.83644629  0.21896750E+03    1.017000  0.33111356E+03
   13.85005145  0.21946057E+03    1.018000  0.33435378E+03
   13.86365660  0.21844422E+03    1.019000  0.33528839E+03
   13.87726176  0.21802673E+03    1.020000  0.33712590E+03
   13.89086692  0.21723843E+03    1.021000  0.33837633E+03
   13.90447208  0.21703661E+03    1.022000  0.34052902E+03
   13.91807724  0.21579452E+03    1.023000  0.34103313E+03
   13.93168240  0.21349256E+03    1.024000  0.33982196E+03
   13.94528756  0.21212518E+03    1.025000  0.34005670E+03
   13.95889272  0.21012273E+03    1.026000  0.33923504E+03
   13.97249787  0.21014024E+03    1.027000  0.34165197E+03
   13.98610303  0.20971812E+03    1.028000  0.34334955E+03
   13.99970819  0.20925130E+03    1.029000  0.34496383E+03
   14.01331335  0.20844505E+03    1.030000  0.34600406E+03
   14.02691851  0.20717624E+03    1.031000  0.34625291E+03
   14.04052367  0.20538094E+03    1.032000  0.34558699E+03
   14.05412883  0.20363020E+03    1.033000  0.34495575E+03
   14.06773398  0.20282846E+03    1.034000  0.34590312E+03
   14.08133914  0.20158918E+03    1.035000  0.34608112E+03
   14.09494430  0.20050353E+03    1.036000  0.34649643E+03
   14.10854946  0.19845945E+03    1.037000  0.34521988E+03
   14.12215462  0.19648415E+03    1.038000  0.34401729E+03
   14.13575978  0.19586583E+03    1.039000  0.34516109E+03
   14.14936494  0.19461821E+03    1.040000  0.34517472E+03
   14.16297009  0.19542678E+03    1.041000  0.34883022E+03
   14.17657525  0.19395227E+03    1.042000  0.34840292E+03
   14.19018041  0.19278189E+03    1.043000  0.34849188E+03
   14.20378557  0.19139345E+03    1.044000  0.34815756E+03
   14.21739073  0.19061453E+03    1.045000  0.34890737E+03
   14.23099589  0.18948153E+03    1.046000  0.34898733E+03
   14.24460105  0.18851818E+03    1.047000  0.34935591E+03
   14.25820620  0.18800438E+03    1.048000  0.35054080E+03
   14.27181136  0.18648211E+03    1.049000  0.34982221E+03
   14.28541652  0.18493376E+03    1.050000  0.34901979E+03
   14.29902168  0.18371130E+03    1.051000  0.34880093E+03
   14.31262684  0.18313273E+03    1.052000  0.34978410E+03
   14.32623200  0.18363991E+03    1.053000  0.35284026E+03
   14.33983716  0.18235577E+03    1.054000  0.35244578E+03
   14.35344231  0.18223996E+03    1.055000  0.35429348E+03
   14.36704747  0.18083314E+03    1.056000  0.35361399E+03
   14.38065263  0.18069357E+03    1.057000  0.35539502E+03
   14.39425779  0.17999075E+03    1.058000  0.35605864E+03
   14.40786295  0.17963969E+03    1.059000  0.35740612E+03
   14.42146811  0.17934259E+03    1.060000  0.35885362E+03
   14.43507327  0.17973634E+03    1.061000  0.36168454E+03
   14.44867842  0.18196642E+03    1.062000  0.36824056E+03
   14.46228358  0.18257330E+03    1.063000  0.37154399E+03
   14.47588874  0.18211837E+03    1.064000  0.37268833E+03
   14.48949390  0.18176878E+03    1.065000  0.37403909E+03
   14.50309906  0.18164969E+03    1.066000  0.37585885E+03
   14.51670422  0.18097646E+03    1.067000  0.37652299E+03
   14.53030938  0.18035560E+03    1.068000  0.37728140E+03
   14.54391453  0.17960666E+03    1.069000  0.37775628E+03
   14.55751969  0.17888394E+03    1.070000  0.37826961E+03
   14.57112485  0.17837779E+03    1.071000  0.37922691E+03
   14.58473001  0.17742198E+03    1.072000  0.37921165E+03
   14.59833517  0.17687789E+03    1.073000  0.38005930E+03
   14.61194033  0.17594340E+03    1.074000  0.38005131E+03
   14.62554549  0.17530131E+03    1.075000  0.38065698E+03
   14.63915064  0.17419139E+03    1.076000  0.38022688E+03
   14.65275580  0.17306025E+03    1.077000  0.37972499E+03
   14.66636096  0.17245287E+03    1.078000  0.38035257E+03
   14.67996612  0.17140234E+03    1.079000  0.37998392E+03
   14.69357128  0.17084781E+03    1.080000  0.38069658E+03
   14.70717644  0.17034610E+03    1.081000  0.38151497E+03
   14.72078160  0.16963153E+03    1.082000  0.38184277E+03
   14.73438675  0.16917780E+03    1.083000  0.38274446E+03
   14.74799191  0.16804174E+03    1.084000  0.38208439E+03
   14.76159707  0.16702547E+03    1.085000  0.38167224E+03
   14.77520223  0.16637760E+03    1.086000  0.38208300E+03
   14.78880739  0.16633244E+03    1.087000  0.38386999E+03
   14.80241255  0.16595990E+03    1.088000  0.38489669E+03
   14.81601771  0.16535576E+03    1.089000  0.38537514E+03
   14.82962286  0.16415500E+03    1.090000  0.38444264E+03
   14.84322802  0.16372387E+03    1.091000  0.38529399E+03
   14.85683318  0.16307005E+03    1.092000  0.38560896E+03
   14.87043834  0.16234865E+03    1.093000  0.38574850E+03
   14.88404350  0.16139414E+03    1.094000  0.38531509E+03
   14.89764866  0.16086872E+03    1.095000  0.38588930E+03
   14.91125382  0.16037793E+03    1.096000  0.38653502E+03
   14.92485898  0.15971408E+03    1.097000  0.38675050E+03
   14.93846413  0.15897147E+03    1.098000  0.38675928E+03
   14.95206929  0.15787154E+03    1.099000  0.38587780E+03
   14.96567445  0.15712741E+03    1.100000  0.38584503E+03
   14.97927961  0.15651048E+03    1.101000  0.38610914E+03
   14.99288477  0.15603365E+03    1.102000  0.38670645E+03
   15.00648993  0.15558664E+03    1.103000  0.38736714E+03
   15.02009509  0.15524747E+03    1.104000  0.38828741E+03
   15.03370024  0.15462340E+03    1.105000  0.38848416E+03
   15.04730540  0.15429618E+03    1.106000  0.38941591E+03
   15.06091056  0.15395371E+03    1.107000  0.39030156E+03
   15.07451572  0.15313877E+03    1.108000  0.38997627E+03
   15.08812088  0.15266113E+03    1.109000  0.39049523E+03
   15.10172604  0.15219038E+03    1.110000  0.39102104E+03
   15.11533120  0.15176450E+03    1.111000  0.39165194E+03
   15.12893635  0.15121767E+03    1.112000  0.39195965E+03
   15.14254151  0.15131662E+03    1.113000  0.39393614E+03
   15.15614667  0.15089794E+03    1.114000  0.39456140E+03
   15.16975183  0.15019086E+03    1.115000  0.39441979E+03
   15.18335699  0.14984827E+03    1.116000  0.39522343E+03
   15.19696215  0.14955607E+03    1.117000  0.39615275E+03
   15.21056731  0.14935700E+03    1.118000  0.39732319E+03
   15.22417246  0.14921181E+03    1.119000  0.39863303E+03
   15.23777762  0.14896354E+03    1.120000  0.39966302E+03
   15.25138278  0.14861228E+03    1.121000  0.40040988E+03
   15.26498794  0.14848084E+03    1.122000  0.40174353E+03
   15.27859310  0.14821586E+03    1.123000  0.40271134E+03
   15.29219826  0.14798555E+03    1.124000  0.40376773E+03
   15.30580342  0.14816904E+03    1.125000  0.40595259E+03
   15.31940857  0.14790575E+03    1.126000  0.40691248E+03
   15.33301373  0.14823235E+03    1.127000  0.40949598E+03
   15.34661889  0.14763676E+03    1.128000  0.40952881E+03
   15.36022405  0.14741994E+03    1.129000  0.41060311E+03
   15.37382921  0.14752205E+03    1.130000  0.41256439E+03
   15.38743437  0.14734267E+03    1.131000  0.41373757E+03
   15.40103953  0.14747342E+03    1.132000  0.41578105E+03
   15.41464468  0.14719578E+03    1.133000  0.41667145E+03
   15.42824984  0.14698815E+03    1.134000  0.41775452E+03
   15.44185500  0.14676900E+03    1.135000  0.41880000E+03
   15.45546016  0.14637170E+03    1.136000  0.41933013E+03
   15.46906532  0.14577472E+03    1.137000  0.41927690E+03
   15.48267048  0.14533226E+03    1.138000  0.41965629E+03
   15.50988079  0.14438114E+03    1.140000  0.42019223E+03
   15.52348595  0.14377841E+03    1.141000  0.42007243E+03
   15.53709111  0.14342243E+03    1.142000  0.42066266E+03
   15.55069627  0.14313077E+03    1.143000  0.42143416E+03
   15.56430143  0.14252760E+03    1.144000  0.42127830E+03
   15.57790659  0.14210970E+03    1.145000  0.42165846E+03
   15.59151175  0.14171214E+03    1.146000  0.42208967E+03
   15.60511690  0.14144380E+03    1.147000  0.42289823E+03
   15.61872206  0.14099626E+03    1.148000  0.42316285E+03
   15.63232722  0.14056596E+03    1.149000  0.42346921E+03
   15.64593238  0.14006565E+03    1.150000  0.42355412E+03
   15.65953754  0.13961420E+03    1.151000  0.42377594E+03
   15.67314270  0.13939673E+03    1.152000  0.42470037E+03
   15.68674786  0.13918502E+03    1.153000  0.42563747E+03
   15.70035301  0.13900189E+03    1.154000  0.42665746E+03
   15.71395817  0.13842354E+03    1.155000  0.42645573E+03
   15.72756333  0.13806248E+03    1.156000  0.42691273E+03
   15.74116849  0.13752787E+03    1.157000  0.42682288E+03
   15.75477365  0.13718919E+03    1.158000  0.42733120E+03
   15.76837881  0.13689246E+03    1.159000  0.42796299E+03
   15.78198397  0.13642176E+03    1.160000  0.42804214E+03
   15.79558912  0.13611489E+03    1.161000  0.42862653E+03
   15.80919428  0.13574233E+03    1.162000  0.42899632E+03
   15.82279944  0.13539576E+03    1.163000  0.42944007E+03
   15.83640460  0.13501323E+03    1.164000  0.42976147E+03
   15.85000976  0.13462246E+03    1.165000  0.43004786E+03
   15.86361492  0.13390787E+03    1.166000  0.42928724E+03
   15.87722008  0.13351531E+03    1.167000  0.42954645E+03
   15.89082524  0.13309572E+03    1.168000  0.42970942E+03
   15.90443039  0.13262292E+03    1.169000  0.42969048E+03
   15.91803555  0.13220846E+03    1.170000  0.42985046E+03
   15.93164071  0.13169361E+03    1.171000  0.42967348E+03
   15.94524587  0.13139014E+03    1.172000  0.43017688E+03
   15.95885103  0.13099036E+03    1.173000  0.43035694E+03
   15.97245619  0.13044699E+03    1.174000  0.43005455E+03
   15.98606135  0.13007128E+03    1.175000  0.43029442E+03
   15.99966650  0.12946597E+03    1.176000  0.42976362E+03
   16.01327166  0.12908849E+03    1.177000  0.42997792E+03
   16.02687682  0.12870963E+03    1.178000  0.43017901E+03
   16.04048198  0.12834567E+03    1.179000  0.43042149E+03
   16.05408714  0.12812839E+03    1.180000  0.43114924E+03
   16.06769230  0.12779252E+03    1.181000  0.43147166E+03
   16.08129746  0.12739566E+03    1.182000  0.43157983E+03
   16.09490261  0.12705655E+03    1.183000  0.43187529E+03
   16.10850777  0.12677434E+03    1.184000  0.43235708E+03
   16.12211293  0.12647022E+03    1.185000  0.43275748E+03
   16.13571809  0.12604190E+03    1.186000  0.43272455E+03
   16.14932325  0.12577267E+03    1.187000  0.43322990E+03
   16.16292841  0.12549061E+03    1.188000  0.43368477E+03
   16.17653357  0.12535499E+03    1.189000  0.43464100E+03
   16.19013872  0.12523103E+03    1.190000  0.43563470E+03
   16.20374388  0.12515501E+03    1.191000  0.43679289E+03
   16.21734904  0.12477173E+03    1.192000  0.43687352E+03
   16.23095420  0.12444176E+03    1.193000  0.43713270E+03
   16.24455936  0.12414405E+03    1.194000  0.43749806E+03
   16.25816452  0.12393265E+03    1.195000  0.43816180E+03
   16.27176968  0.12365988E+03    1.196000  0.43860306E+03
   16.28537483  0.12348698E+03    1.197000  0.43939349E+03
   16.29897999  0.12316949E+03    1.198000  0.43966385E+03
   16.31258515  0.12287279E+03    1.199000  0.44000145E+03
   16.32619031  0.12248434E+03    1.200000  0.44000272E+03
   16.33979547  0.12213528E+03    1.201000  0.44013710E+03
   16.35340063  0.12191122E+03    1.202000  0.44071541E+03
   16.36700579  0.12155367E+03    1.203000  0.44080455E+03
   16.39421610  0.12076686E+03    1.205000  0.44069675E+03
   16.40782126  0.12055255E+03    1.206000  0.44128502E+03
   16.42142642  0.12031235E+03    1.207000  0.44177337E+03
   16.43503158  0.12008140E+03    1.208000  0.44229031E+03
   16.44863674  0.12001330E+03    1.209000  0.44340365E+03
   16.46224190  0.11989718E+03    1.210000  0.44433753E+03
   16.47584705  0.11981635E+03    1.211000  0.44539992E+03
   16.48945221  0.11974252E+03    1.212000  0.44648658E+03
   16.50305737  0.11963764E+03    1.213000  0.44745542E+03
   16.51666253  0.11921474E+03    1.214000  0.44722884E+03
   16.53026769  0.11898642E+03    1.215000  0.44772485E+03
   16.54387285  0.11884724E+03    1.216000  0.44855205E+03
   16.55747801  0.11887739E+03    1.217000  0.45001712E+03
   16.57108316  0.11835825E+03    1.218000  0.44939727E+03
   16.58468832  0.11812067E+03    1.219000  0.44983788E+03
   16.59829348  0.11800311E+03    1.220000  0.45073150E+03
   16.61189864  0.11779068E+03    1.221000  0.45125903E+03
   16.62550380  0.11758271E+03    1.222000  0.45179884E+03
   16.63910896  0.11750223E+03    1.223000  0.45282526E+03
   16.65271412  0.11736498E+03    1.224000  0.45363044E+03
   16.67992443  0.11699701E+03    1.226000  0.45486797E+03
   16.69352959  0.11674116E+03    1.227000  0.45520027E+03
   16.70713475  0.11640970E+03    1.228000  0.45523108E+03
   16.72073991  0.11627215E+03    1.229000  0.45601482E+03
   16.73434507  0.11590281E+03    1.230000  0.45588374E+03
   16.74795023  0.11557675E+03    1.231000  0.45591502E+03
   16.76155538  0.11529501E+03    1.232000  0.45611418E+03
   16.77516054  0.11501277E+03    1.233000  0.45630500E+03
   16.78876570  0.11461642E+03    1.234000  0.45603535E+03
   16.80237086  0.11452348E+03    1.235000  0.45696733E+03
   16.81597602  0.11444510E+03    1.236000  0.45795548E+03
   16.82958118  0.11384820E+03    1.237000  0.45686110E+03
   16.84318634  0.11367401E+03    1.238000  0.45745422E+03
   16.85679150  0.11342757E+03    1.239000  0.45775180E+03
   16.87039665  0.11331776E+03    1.240000  0.45859674E+03
   16.88400181  0.11307177E+03    1.241000  0.45888650E+03
   16.89760697  0.11270044E+03    1.242000  0.45866055E+03
   16.91121213  0.11246748E+03    1.243000  0.45899088E+03
   16.92481729  0.11240120E+03    1.244000  0.45999807E+03
   16.93842245  0.11202844E+03    1.245000  0.45974599E+03
   16.95202761  0.11174335E+03    1.246000  0.45984622E+03
   16.96563276  0.11170389E+03    1.247000  0.46095355E+03
   16.97923792  0.11179388E+03    1.248000  0.46259566E+03
   16.99284308  0.11154871E+03    1.249000  0.46284916E+03
   17.00644824  0.11105265E+03    1.250000  0.46205319E+03
   17.02005340  0.11092594E+03    1.251000  0.46278686E+03
   17.03365856  0.11070863E+03    1.252000  0.46313866E+03
   17.04726372  0.11029509E+03    1.253000  0.46266239E+03
   17.06086887  0.11006397E+03    1.254000  0.46294399E+03
   17.07447403  0.10972782E+03    1.255000  0.46277739E+03
   17.08807919  0.10959416E+03    1.256000  0.46345941E+03
   17.10168435  0.10939521E+03    1.257000  0.46386156E+03
   17.11528951  0.10922138E+03    1.258000  0.46436603E+03
   17.12889467  0.10906366E+03    1.259000  0.46493517E+03
   17.14249983  0.10880314E+03    1.260000  0.46506136E+03
   17.15610498  0.10853879E+03    1.261000  0.46516518E+03
   17.16971014  0.10838807E+03    1.262000  0.46575131E+03
   17.18331530  0.10828835E+03    1.263000  0.46655372E+03
   17.19692046  0.10836273E+03    1.264000  0.46810591E+03
   17.21052562  0.10775964E+03    1.265000  0.46672559E+03
   17.22413078  0.10757241E+03    1.266000  0.46713745E+03
   17.23773594  0.10745259E+03    1.267000  0.46783853E+03
   17.25134109  0.10719053E+03    1.268000  0.46791598E+03
   17.26494625  0.10700008E+03    1.269000  0.46830089E+03
   17.27855141  0.10667308E+03    1.270000  0.46808228E+03
   17.29215657  0.10643423E+03    1.271000  0.46824405E+03
   17.30576173  0.10619311E+03    1.272000  0.46839038E+03
   17.31936689  0.10600323E+03    1.273000  0.46875780E+03
   17.33297205  0.10576961E+03    1.274000  0.46892698E+03
   17.34657720  0.10551951E+03    1.275000  0.46901760E+03
   17.36018236  0.10518045E+03    1.276000  0.46870614E+03
   17.37378752  0.10460366E+03    1.277000  0.46732485E+03
   17.38739268  0.10420121E+03    1.278000  0.46671133E+03
   17.40099784  0.10441289E+03    1.279000  0.46884629E+03
   17.41460300  0.10445719E+03    1.280000  0.47023258E+03
   17.42820816  0.10439969E+03    1.281000  0.47116043E+03
   17.44181331  0.10423416E+03    1.282000  0.47159823E+03
   17.45541847  0.10415271E+03    1.283000  0.47241364E+03
   17.46902363  0.10395855E+03    1.284000  0.47271467E+03
   17.48262879  0.10372499E+03    1.285000  0.47283167E+03
   17.49623395  0.10363778E+03    1.286000  0.47361214E+03
   17.50983911  0.10348858E+03    1.287000  0.47410667E+03
   17.52344427  0.10322160E+03    1.288000  0.47405691E+03
   17.53704942  0.10299481E+03    1.289000  0.47418609E+03
   17.55065458  0.10283275E+03    1.290000  0.47460886E+03
   17.56425974  0.10275703E+03    1.291000  0.47542742E+03
   17.57786490  0.10259805E+03    1.292000  0.47585810E+03
   17.59147006  0.10241618E+03    1.293000  0.47617874E+03
   17.60507522  0.10223598E+03    1.294000  0.47650304E+03
   17.61868038  0.10212738E+03    1.295000  0.47715775E+03
   17.63228553  0.10201837E+03    1.296000  0.47780806E+03
   17.64589069  0.10189366E+03    1.297000  0.47838220E+03
   17.65949585  0.10175811E+03    1.298000  0.47890251E+03
   17.67310101  0.10160077E+03    1.299000  0.47931691E+03
   17.68670617  0.10148729E+03    1.300000  0.47993516E+03
   17.70031133  0.10139607E+03    1.301000  0.48065635E+03
   17.71391649  0.10114221E+03    1.302000  0.48060265E+03
   17.72752164  0.10100401E+03    1.303000  0.48109404E+03
   17.74112680  0.10082612E+03    1.304000  0.48139281E+03
   17.75473196  0.10073348E+03    1.305000  0.48209554E+03
   17.76833712  0.10063573E+03    1.306000  0.48277166E+03
   17.78194228  0.10054622E+03    1.307000  0.48348518E+03
   17.79554744  0.10035163E+03    1.308000  0.48369018E+03
   17.80915260  0.10021626E+03    1.309000  0.48417685E+03
   17.82275776  0.99982579E+02    1.310000  0.48418436E+03
   17.83636291  0.99884421E+02    1.311000  0.48484440E+03
   17.84996807  0.99660076E+02    1.312000  0.48488825E+03
   17.86357323  0.99565205E+02    1.313000  0.48555842E+03
   17.87717839  0.99314796E+02    1.314000  0.48546614E+03
   17.89078355  0.99084390E+02    1.315000  0.48546617E+03
   17.90438871  0.98913054E+02    1.316000  0.48575105E+03
   17.91799387  0.98752816E+02    1.317000  0.48608666E+03
   17.93159902  0.98593423E+02    1.318000  0.48642280E+03
   17.94520418  0.98415067E+02    1.319000  0.48666154E+03
   17.95880934  0.98325964E+02    1.320000  0.48733860E+03
   17.97241450  0.98254684E+02    1.321000  0.48810217E+03
   17.98601966  0.98215364E+02    1.322000  0.48902325E+03
   17.99962482  0.98077159E+02    1.323000  0.48944996E+03
   18.01322998  0.98040852E+02    1.324000  0.49038320E+03
   18.02683513  0.97803343E+02    1.325000  0.49030695E+03
   18.04044029  0.97578421E+02    1.326000  0.49028855E+03
   18.05404545  0.97471189E+02    1.327000  0.49085771E+03
   18.06765061  0.97117268E+02    1.328000  0.49017932E+03
   18.08125577  0.96765811E+02    1.329000  0.48950535E+03
   18.09486093  0.96478819E+02    1.330000  0.48915023E+03
   18.10846609  0.96288562E+02    1.331000  0.48928013E+03
   18.12207124  0.96179456E+02    1.332000  0.48981899E+03
   18.13567640  0.96139578E+02    1.333000  0.49070872E+03
   18.14928156  0.96175557E+02    1.334000  0.49198559E+03
   18.16288672  0.96168165E+02    1.335000  0.49304092E+03
   18.17649188  0.96001238E+02    1.336000  0.49327635E+03
   18.19009704  0.95984855E+02    1.337000  0.49428323E+03
   18.20370220  0.95957494E+02    1.338000  0.49523308E+03
   18.21730735  0.95875141E+02    1.339000  0.49589787E+03
   18.23091251  0.95766829E+02    1.340000  0.49642623E+03
   18.24451767  0.95549242E+02    1.341000  0.49638443E+03
   18.25812283  0.95518598E+02    1.342000  0.49731099E+03
   18.27172799  0.95317526E+02    1.343000  0.49734760E+03
   18.28533315  0.95142918E+02    1.344000  0.49751802E+03
   18.29893831  0.94890933E+02    1.345000  0.49727897E+03
   18.31254346  0.94696042E+02    1.346000  0.49733405E+03
   18.32614862  0.94038700E+02    1.347000  0.49495069E+03
   18.33975378  0.94278626E+02    1.348000  0.49728515E+03
   18.35335894  0.94214340E+02    1.349000  0.49801700E+03
   18.36696410  0.93973939E+02    1.350000  0.49781444E+03
   18.38056926  0.93866184E+02    1.351000  0.49831060E+03
   18.39417442  0.93611814E+02    1.352000  0.49802430E+03
   18.40777957  0.93472452E+02    1.353000  0.49834538E+03
   18.42138473  0.93265401E+02    1.354000  0.49830164E+03
   18.43498989  0.93120511E+02    1.355000  0.49858602E+03
   18.44859505  0.92911946E+02    1.356000  0.49852545E+03
   18.46220021  0.92767873E+02    1.357000  0.49880691E+03
   18.47580537  0.92579081E+02    1.358000  0.49884413E+03
   18.48941053  0.92491800E+02    1.359000  0.49942519E+03
   18.50301568  0.92357336E+02    1.360000  0.49974895E+03
   18.51662084  0.92286071E+02    1.361000  0.50041235E+03
   18.53022600  0.92158501E+02    1.362000  0.50076818E+03
   18.54383116  0.92025541E+02    1.363000  0.50109176E+03
   18.55743632  0.91843201E+02    1.364000  0.50114287E+03
   18.57104148  0.91724829E+02    1.365000  0.50153961E+03
   18.58464664  0.91685231E+02    1.366000  0.50236528E+03
   18.59825179  0.91395404E+02    1.367000  0.50181614E+03
   18.61185695  0.91271841E+02    1.368000  0.50217519E+03
   18.62546211  0.91165035E+02    1.369000  0.50262382E+03
   18.63906727  0.90972721E+02    1.370000  0.50259761E+03
   18.65267243  0.90850357E+02    1.371000  0.50295428E+03
   18.66627759  0.90683284E+02    1.372000  0.50306015E+03
   18.67988275  0.90433596E+02    1.373000  0.50270298E+03
   18.69348790  0.90323220E+02    1.374000  0.50311612E+03
   18.70709306  0.10407375E+03    1.375000  0.58089197E+03
   18.72069822  0.89954484E+02    1.376000  0.50310722E+03
   18.73430338  0.89740577E+02    1.377000  0.50293094E+03
   18.74790854  0.89540409E+02    1.378000  0.50282695E+03
   18.76151370  0.89349305E+02    1.379000  0.50276941E+03
   18.77511886  0.89180329E+02    1.380000  0.50283229E+03
   18.78872402  0.88876837E+02    1.381000  0.50213135E+03
   18.80232917  0.88826701E+02    1.382000  0.50285779E+03
   18.81593433  0.88696680E+02    1.383000  0.50312994E+03
   18.82953949  0.88450677E+02    1.384000  0.50273991E+03
   18.84314465  0.88280966E+02    1.385000  0.50277879E+03
   18.85674981  0.88166460E+02    1.386000  0.50312884E+03
   18.87035497  0.87933875E+02    1.387000  0.50280112E+03
   18.88396013  0.87867922E+02    1.388000  0.50342280E+03
   18.89756528  0.87757041E+02    1.389000  0.50378506E+03
   18.91117044  0.87760411E+02    1.390000  0.50480198E+03
   18.92477560  0.87643406E+02    1.391000  0.50512520E+03
   18.93838076  0.87484753E+02    1.392000  0.50520526E+03
   18.95198592  0.87374442E+02    1.393000  0.50556142E+03
   18.96559108  0.87528578E+02    1.394000  0.50744821E+03
   18.97919624  0.87158652E+02    1.395000  0.50629429E+03
   18.99280139  0.87084430E+02    1.396000  0.50685303E+03
   19.00640655  0.86973958E+02    1.397000  0.50719869E+03
   19.02001171  0.86876437E+02    1.398000  0.50761751E+03
   19.03361687  0.87152621E+02    1.399000  0.51022191E+03
   19.04722203  0.86615160E+02    1.400000  0.50805998E+03
   19.06082719  0.86519050E+02    1.401000  0.50847969E+03
   19.07443235  0.86407449E+02    1.402000  0.50880599E+03
   19.08803750  0.86339210E+02    1.403000  0.50938559E+03
   19.10164266  0.86230106E+02    1.404000  0.50972207E+03
   19.11524782  0.86064657E+02    1.405000  0.50972237E+03
   19.12885298  0.85998980E+02    1.406000  0.51031094E+03
   19.14245814  0.85876812E+02    1.407000  0.51056217E+03
   19.15606330  0.85769823E+02    1.408000  0.51090103E+03
   19.16966846  0.85643034E+02    1.409000  0.51111930E+03
   19.18327361  0.85539756E+02    1.410000  0.51147526E+03
   19.19687877  0.85396300E+02    1.411000  0.51158818E+03
   19.21048393  0.85255081E+02    1.412000  0.51171127E+03
   19.22408909  0.85208743E+02    1.413000  0.51240171E+03
   19.23769425  0.85096913E+02    1.414000  0.51269652E+03
   19.25129941  0.84998616E+02    1.415000  0.51307047E+03
   19.26490457  0.84909642E+02    1.416000  0.51349857E+03
   19.27850972  0.84856133E+02    1.417000  0.51413953E+03
   19.29211488  0.84747034E+02    1.418000  0.51444182E+03
   19.30572004  0.84613962E+02    1.419000  0.51459584E+03
   19.31932520  0.84508968E+02    1.420000  0.51491791E+03
   19.33293036  0.84409589E+02    1.421000  0.51527187E+03
   19.34653552  0.84335987E+02    1.422000  0.51578122E+03
   19.36014068  0.84192058E+02    1.423000  0.51585799E+03
   19.37374583  0.84059971E+02    1.424000  0.51600418E+03
   19.38735099  0.83969592E+02    1.425000  0.51640387E+03
   19.40095615  0.83866155E+02    1.426000  0.51672105E+03
   19.41456131  0.83535504E+02    1.427000  0.51563337E+03
   19.42816647  0.83585511E+02    1.428000  0.51689216E+03
   19.44177163  0.83447414E+02    1.429000  0.51698672E+03
   19.45537679  0.83366135E+02    1.430000  0.51743079E+03
   19.46898194  0.83308524E+02    1.431000  0.51802018E+03
   19.48258710  0.83252247E+02    1.432000  0.51861657E+03
   19.49619226  0.83162586E+02    1.433000  0.51900334E+03
   19.50979742  0.83736100E+02    1.434000  0.52353437E+03
   19.52340258  0.82994435E+02    1.435000  0.51984073E+03
   19.53700774  0.82903819E+02    1.436000  0.52021552E+03
   19.55061290  0.82811687E+02    1.437000  0.52057872E+03
   19.56421805  0.82638323E+02    1.438000  0.52042825E+03
   19.57782321  0.82612037E+02    1.439000  0.52120176E+03
   19.59142837  0.82545163E+02    1.440000  0.52171814E+03
   19.99958313  0.79381234E+02    1.470000  0.52879063E+03
   24.99947891  0.53840281E+02    1.837500  0.58356273E+03
   29.99937469  0.41351982E+02    2.205000  0.62094737E+03
   34.99927048  0.33685907E+02    2.572500  0.64655097E+03
   39.99916626  0.28272818E+02    2.940000  0.66076078E+03
   44.99906204  0.24452715E+02    3.307500  0.67362962E+03
   49.99895782  0.21600938E+02    3.675000  0.68530324E+03
   54.99885361  0.19403710E+02    4.042500  0.69665127E+03
   59.99874939  0.17656276E+02    4.410000  0.70766997E+03
   64.99864517  0.16234257E+02    4.777500  0.71849140E+03
   69.99854095  0.15050811E+02    5.145000  0.72898756E+03
   74.99843674  0.14049388E+02    5.512500  0.73917306E+03
   79.99833252  0.13189331E+02    5.880000  0.74902002E+03
   84.99822830  0.12441172E+02    6.247500  0.75850360E+03
   89.99812408  0.11782516E+02    6.615000  0.76756711E+03
   94.99801987  0.11197221E+02    6.982500  0.77621321E+03
   99.99791565  0.10672732E+02    7.350000  0.78443858E+03
  104.99781143  0.10198576E+02    7.717500  0.79219166E+03
  109.99770721  0.97675595E+01    8.085000  0.79951441E+03
  114.99760300  0.93727350E+01    8.452500  0.80634980E+03
  119.99749878  0.90095841E+01    8.820000  0.81274377E+03
  124.99739456  0.86745608E+01    9.187500  0.81875857E+03
  129.99729034  0.83631168E+01    9.555000  0.82429839E+03
  134.99718613  0.80735587E+01    9.922500  0.82948476E+03
