       eV          sigma            Ry          om               in 10^-16                                                                       
   13.00498226  0.00000000E+00    0.955886  0.00000000E+00
   13.00653161  0.60284777E+01    0.956000  0.13151664E+00
   13.02013677  0.38398156E+02    0.957000  0.10995731E+01
   13.03374193  0.45262679E+02    0.958000  0.16048465E+01
   13.04734709  0.51464999E+02    0.959000  0.21757591E+01
   13.06095225  0.58119805E+02    0.960000  0.28534893E+01
   13.07455741  0.58955187E+02    0.961000  0.32965897E+01
   13.08816257  0.57835180E+02    0.962000  0.36284096E+01
   13.10176772  0.63303809E+02    0.963000  0.44032397E+01
   13.11537288  0.59626249E+02    0.964000  0.45541014E+01
   13.12897804  0.56805141E+02    0.965000  0.47260545E+01
   13.14258320  0.54539634E+02    0.966000  0.49095406E+01
   13.15618836  0.61350502E+02    0.967000  0.59410627E+01
   13.16979352  0.58242615E+02    0.968000  0.60373270E+01
   13.18339868  0.55750112E+02    0.969000  0.61591852E+01
   13.19700383  0.55712493E+02    0.970000  0.65349992E+01
   13.21060899  0.55023297E+02    0.971000  0.68294271E+01
   13.22421415  0.53024976E+02    0.972000  0.69430385E+01
   13.23781931  0.52055685E+02    0.973000  0.71711505E+01
   13.25142447  0.53297652E+02    0.974000  0.77057432E+01
   13.26502963  0.51391972E+02    0.975000  0.77807244E+01
   13.27863479  0.49729927E+02    0.976000  0.78682593E+01
   13.30584510  0.51410276E+02    0.978000  0.88353801E+01
   13.31945026  0.51340231E+02    0.979000  0.91734926E+01
   13.33305542  0.49202856E+02    0.980000  0.91271587E+01
   13.34666058  0.46852057E+02    0.981000  0.90106243E+01
   13.36026574  0.46104172E+02    0.982000  0.91812298E+01
   13.37387090  0.46075327E+02    0.983000  0.94897284E+01
   13.38747605  0.43134757E+02    0.984000  0.91782726E+01
   13.40108121  0.41470160E+02    0.985000  0.91069120E+01
   13.41468637  0.38681074E+02    0.986000  0.87582367E+01
   13.42829153  0.39698162E+02    0.987000  0.92592769E+01
   13.44189669  0.36065086E+02    0.988000  0.86578620E+01
   13.45550185  0.34370617E+02    0.989000  0.84854986E+01
   13.46910701  0.33558509E+02    0.990000  0.85138791E+01
   13.48271216  0.32247779E+02    0.991000  0.84012795E+01
   13.49631732  0.30880837E+02    0.992000  0.82557734E+01
   13.50992248  0.31032056E+02    0.993000  0.85078456E+01
   13.52352764  0.31459114E+02    0.994000  0.88394864E+01
   13.53713280  0.29123077E+02    0.995000  0.83817241E+01
   13.55073796  0.28602150E+02    0.996000  0.84268716E+01
   13.56434312  0.27798890E+02    0.997000  0.83798060E+01
   13.57794827  0.27518424E+02    0.998000  0.84829424E+01
   13.59155343  0.26733086E+02    0.999000  0.84231757E+01
   13.60515859  0.25802677E+02    1.000000  0.83059976E+01
   13.61876375  0.24306480E+02    1.001000  0.79901400E+01
   13.63236891  0.22944106E+02    1.002000  0.76987773E+01
   13.64597407  0.22586350E+02    1.003000  0.77327776E+01
   13.65957923  0.23324334E+02    1.004000  0.81445141E+01
   13.67318438  0.25057861E+02    1.005000  0.89207358E+01
   13.70039470  0.23793034E+02    1.007000  0.87949966E+01
   13.71399986  0.27025353E+02    1.008000  0.10174128E+02
   13.75481534  0.28278013E+02    1.011000  0.11224297E+02
   13.76842049  0.27389696E+02    1.012000  0.11058503E+02
   13.78202565  0.26535832E+02    1.013000  0.10894738E+02
   13.79563081  0.25805749E+02    1.014000  0.10770990E+02
   13.80923597  0.26381457E+02    1.015000  0.11191210E+02
   13.82284113  0.24752590E+02    1.016000  0.10669050E+02
   13.83644629  0.23602169E+02    1.017000  0.10334158E+02
   13.85005145  0.22356840E+02    1.018000  0.99413718E+01
   13.86365660  0.21510277E+02    1.019000  0.97116364E+01
   13.87726176  0.18914438E+02    1.020000  0.86686458E+01
   13.89086692  0.16656974E+02    1.021000  0.77476350E+01
   13.90447208  0.16453813E+02    1.022000  0.77653574E+01
   13.91807724  0.16172961E+02    1.023000  0.77431122E+01
   13.93168240  0.15299893E+02    1.024000  0.74294625E+01
   13.94528756  0.14316566E+02    1.025000  0.70496114E+01
   13.95889272  0.13708131E+02    1.026000  0.68435043E+01
   13.97249787  0.13070729E+02    1.027000  0.66144395E+01
   13.98610303  0.12640916E+02    1.028000  0.64831462E+01
   13.99970819  0.11895986E+02    1.029000  0.61822269E+01
   14.01331335  0.11498021E+02    1.030000  0.60538269E+01
   14.02691851  0.11137547E+02    1.031000  0.59399940E+01
   14.04052367  0.11126717E+02    1.032000  0.60101043E+01
   14.05412883  0.11070357E+02    1.033000  0.60551637E+01
   14.06773398  0.10564857E+02    1.034000  0.58507243E+01
   14.08133914  0.99094700E+01    1.035000  0.55553612E+01
   14.09494430  0.93197303E+01    1.036000  0.52883088E+01
   14.10854946  0.89309947E+01    1.037000  0.51286391E+01
   14.12215462  0.85701002E+01    1.038000  0.49798446E+01
   14.13575978  0.82510748E+01    1.039000  0.48507418E+01
   14.14936494  0.76388133E+01    1.040000  0.45428963E+01
   14.16297009  0.76560689E+01    1.041000  0.46053743E+01
   14.17657525  0.73999775E+01    1.042000  0.45017963E+01
   14.19018041  0.69639433E+01    1.043000  0.42840292E+01
   14.20378557  0.67930671E+01    1.044000  0.42252408E+01
   14.21739073  0.64413379E+01    1.045000  0.40503989E+01
   14.23099589  0.62411010E+01    1.046000  0.39670528E+01
   14.24460105  0.61210958E+01    1.047000  0.39325205E+01
   14.25820620  0.60256366E+01    1.048000  0.39122884E+01
   14.27181136  0.60307606E+01    1.049000  0.39567463E+01
   14.28541652  0.59729113E+01    1.050000  0.39595281E+01
   14.29902168  0.59558926E+01    1.051000  0.39888665E+01
   14.31262684  0.59103027E+01    1.052000  0.39986428E+01
   14.32623200  0.61089576E+01    1.053000  0.41747080E+01
   14.33983716  0.63235177E+01    1.054000  0.43644606E+01
   14.35344231  0.61648804E+01    1.055000  0.42970156E+01
   14.36704747  0.61258400E+01    1.056000  0.43115833E+01
   14.38065263  0.65851057E+01    1.057000  0.46797425E+01
   14.39425779  0.66977522E+01    1.058000  0.48054753E+01
   14.40786295  0.73600263E+01    1.059000  0.53308378E+01
   14.42146811  0.78589278E+01    1.060000  0.57457896E+01
   14.43507327  0.80792853E+01    1.061000  0.59619988E+01
   14.44867842  0.82110218E+01    1.062000  0.61152128E+01
   14.46228358  0.78417895E+01    1.063000  0.58937071E+01
   14.47588874  0.73352398E+01    1.064000  0.55630239E+01
   14.48949390  0.69573217E+01    1.065000  0.53238622E+01
   14.50309906  0.66958636E+01    1.066000  0.51694571E+01
   14.51670422  0.63735192E+01    1.067000  0.49640638E+01
   14.53030938  0.61711456E+01    1.068000  0.48485320E+01
   14.54391453  0.57660324E+01    1.069000  0.45695690E+01
   14.55751969  0.55569900E+01    1.070000  0.44418031E+01
   14.57112485  0.55230049E+01    1.071000  0.44523062E+01
   14.58473001  0.53226071E+01    1.072000  0.43270590E+01
   14.59833517  0.50794019E+01    1.073000  0.41639858E+01
   14.61194033  0.48940985E+01    1.074000  0.40454567E+01
   14.62554549  0.48014740E+01    1.075000  0.40016404E+01
   14.63915064  0.45415957E+01    1.076000  0.38160274E+01
   14.65275580  0.44257193E+01    1.077000  0.37488478E+01
   14.66636096  0.42339829E+01    1.078000  0.36153122E+01
   14.67996612  0.40549478E+01    1.079000  0.34900933E+01
   14.69357128  0.38705621E+01    1.080000  0.33577905E+01
   14.70717644  0.38665720E+01    1.081000  0.33806998E+01
   14.72078160  0.37764914E+01    1.082000  0.33276951E+01
   14.73438675  0.37013543E+01    1.083000  0.32867312E+01
   14.74799191  0.36666720E+01    1.084000  0.32809414E+01
   14.76159707  0.35289350E+01    1.085000  0.31817623E+01
   14.77520223  0.32486686E+01    1.086000  0.29512247E+01
   14.78880739  0.32327452E+01    1.087000  0.29588072E+01
   14.80241255  0.32384991E+01    1.088000  0.29861607E+01
   14.81601771  0.32668152E+01    1.089000  0.30345508E+01
   14.82962286  0.32590619E+01    1.090000  0.30495762E+01
   14.84322802  0.32431955E+01    1.091000  0.30568489E+01
   14.85683318  0.31583990E+01    1.092000  0.29984655E+01
   14.87043834  0.31483462E+01    1.093000  0.30103941E+01
   14.88404350  0.32359181E+01    1.094000  0.31161984E+01
   14.89764866  0.30987005E+01    1.095000  0.30051912E+01
   14.91125382  0.29937597E+01    1.096000  0.29238352E+01
   14.92485898  0.29937358E+01    1.097000  0.29442297E+01
   14.93846413  0.28815076E+01    1.098000  0.28535099E+01
   14.95206929  0.27612434E+01    1.099000  0.27532464E+01
   14.96567445  0.27762322E+01    1.100000  0.27871262E+01
   14.97927961  0.27673357E+01    1.101000  0.27970686E+01
   14.99288477  0.27210785E+01    1.102000  0.27688727E+01
   15.00648993  0.27037510E+01    1.103000  0.27696809E+01
   15.02009509  0.26571674E+01    1.104000  0.27400838E+01
   15.03370024  0.27217338E+01    1.105000  0.28252278E+01
   15.04730540  0.27107849E+01    1.106000  0.28323506E+01
   15.06091056  0.26943045E+01    1.107000  0.28335068E+01
   15.07451572  0.26467103E+01    1.108000  0.28015047E+01
   15.08812088  0.26271104E+01    1.109000  0.27986759E+01
   15.10172604  0.25321933E+01    1.110000  0.27148303E+01
   15.11533120  0.26085167E+01    1.111000  0.28144492E+01
   15.12893635  0.26374299E+01    1.112000  0.28636327E+01
   15.14254151  0.26704898E+01    1.113000  0.29177413E+01
   15.15614667  0.25510764E+01    1.114000  0.28046707E+01
   15.16975183  0.24706822E+01    1.115000  0.27331353E+01
   15.18335699  0.24894472E+01    1.116000  0.27708722E+01
   15.19696215  0.24696143E+01    1.117000  0.27656405E+01
   15.21056731  0.25704776E+01    1.118000  0.28961251E+01
   15.22417246  0.26319767E+01    1.119000  0.29833660E+01
   15.23777762  0.26477556E+01    1.120000  0.30193097E+01
   15.25138278  0.27108249E+01    1.121000  0.31097178E+01
   15.26498794  0.25935366E+01    1.122000  0.29928591E+01
   15.27859310  0.26325781E+01    1.123000  0.30558665E+01
   15.29219826  0.26122566E+01    1.124000  0.30500936E+01
   15.30580342  0.25897451E+01    1.125000  0.30414716E+01
   15.31940857  0.26856623E+01    1.126000  0.31724362E+01
   15.33301373  0.26848185E+01    1.127000  0.31897505E+01
   15.34661889  0.26545091E+01    1.128000  0.31718451E+01
   15.36022405  0.25591567E+01    1.129000  0.30753635E+01
   15.37382921  0.24750838E+01    1.130000  0.29912128E+01
   15.38743437  0.24543531E+01    1.131000  0.29828983E+01
   15.40103953  0.23662995E+01    1.132000  0.28920209E+01
   15.41464468  0.22021096E+01    1.133000  0.27063717E+01
   15.42824984  0.20232699E+01    1.134000  0.25003786E+01
   15.44185500  0.18858863E+01    1.135000  0.23434605E+01
   15.45546016  0.18179906E+01    1.136000  0.22714903E+01
   15.46906532  0.17490854E+01    1.137000  0.21973257E+01
   15.48267048  0.16812014E+01    1.138000  0.21235111E+01
   15.50988079  0.16761262E+01    1.140000  0.21399637E+01
   15.52348595  0.16296664E+01    1.141000  0.20917617E+01
   15.53709111  0.15856914E+01    1.142000  0.20461322E+01
   15.55069627  0.15579797E+01    1.143000  0.20209995E+01
   15.56430143  0.15065797E+01    1.144000  0.19645990E+01
   15.57790659  0.15332552E+01    1.145000  0.20098412E+01
   15.59151175  0.14991796E+01    1.146000  0.19753986E+01
   15.60511690  0.14437208E+01    1.147000  0.19121696E+01
   15.61872206  0.13669464E+01    1.148000  0.18198068E+01
   15.63232722  0.14079650E+01    1.149000  0.18840171E+01
   15.64593238  0.13559780E+01    1.150000  0.18237007E+01
   15.65953754  0.13080715E+01    1.151000  0.17681909E+01
   15.67314270  0.13112445E+01    1.152000  0.17814230E+01
   15.68674786  0.12645337E+01    1.153000  0.17265872E+01
   15.70035301  0.12674032E+01    1.154000  0.17391491E+01
   15.71395817  0.12177085E+01    1.155000  0.16792624E+01
   15.72756333  0.12686665E+01    1.156000  0.17581878E+01
   15.74116849  0.12237827E+01    1.157000  0.17043318E+01
   15.75477365  0.11868798E+01    1.158000  0.16610328E+01
   15.76837881  0.11347081E+01    1.159000  0.15957576E+01
   15.78198397  0.11407080E+01    1.160000  0.16119752E+01
   15.79558912  0.11202383E+01    1.161000  0.15906891E+01
   15.80919428  0.11581357E+01    1.162000  0.16524004E+01
   15.82279944  0.11384495E+01    1.163000  0.16320770E+01
   15.83640460  0.11090430E+01    1.164000  0.15974839E+01
   15.85000976  0.11050368E+01    1.165000  0.15992499E+01
   15.86361492  0.10939144E+01    1.166000  0.15906138E+01
   15.87722008  0.10924989E+01    1.167000  0.15960066E+01
   15.89082524  0.10824397E+01    1.168000  0.15886939E+01
   15.90443039  0.10667565E+01    1.169000  0.15729512E+01
   15.91803555  0.10542712E+01    1.170000  0.15617317E+01
   15.93164071  0.10431329E+01    1.171000  0.15523465E+01
   15.94524587  0.10156832E+01    1.172000  0.15184242E+01
   15.95885103  0.10533991E+01    1.173000  0.15819930E+01
   15.97245619  0.10818900E+01    1.174000  0.16321592E+01
   15.98606135  0.10505199E+01    1.175000  0.15919985E+01
   15.99966650  0.10699256E+01    1.176000  0.16287037E+01
   16.01327166  0.10938841E+01    1.177000  0.16726353E+01
   16.02687682  0.10689194E+01    1.178000  0.16417525E+01
   16.04048198  0.10340268E+01    1.179000  0.15952133E+01
   16.05408714  0.10370784E+01    1.180000  0.16069942E+01
   16.06769230  0.10309636E+01    1.181000  0.16045504E+01
   16.08129746  0.10479729E+01    1.182000  0.16381704E+01
   16.09490261  0.10413035E+01    1.183000  0.16348467E+01
   16.10850777  0.10338896E+01    1.184000  0.16302582E+01
   16.12211293  0.10330220E+01    1.185000  0.16359356E+01
   16.13571809  0.10288201E+01    1.186000  0.16362981E+01
   16.14932325  0.10270675E+01    1.187000  0.16405154E+01
   16.16292841  0.10267518E+01    1.188000  0.16470138E+01
   16.17653357  0.99679033E+00    1.189000  0.16057509E+01
   16.19013872  0.10163512E+01    1.190000  0.16441937E+01
   16.20374388  0.99476239E+00    1.191000  0.16160530E+01
   16.21734904  0.10244690E+01    1.192000  0.16713003E+01
   16.23095420  0.10039135E+01    1.193000  0.16446133E+01
   16.24455936  0.98598122E+00    1.194000  0.16219612E+01
   16.25816452  0.98454156E+00    1.195000  0.16263077E+01
   16.27176968  0.10098629E+01    1.196000  0.16750221E+01
   16.28537483  0.94606094E+00    1.197000  0.15756484E+01
   16.29897999  0.92149660E+00    1.198000  0.15410217E+01
   16.31258515  0.89984715E+00    1.199000  0.15109544E+01
   16.32619031  0.89678683E+00    1.200000  0.15119320E+01
   16.33979547  0.89188836E+00    1.201000  0.15097563E+01
   16.35340063  0.91016403E+00    1.202000  0.15469002E+01
   16.36700579  0.87420837E+00    1.203000  0.14917528E+01
   16.39421610  0.84571385E+00    1.205000  0.14546655E+01
   16.40782126  0.83634801E+00    1.206000  0.14442599E+01
   16.42142642  0.82300888E+00    1.207000  0.14268381E+01
   16.43503158  0.81468659E+00    1.208000  0.14179662E+01
   16.44863674  0.80785356E+00    1.209000  0.14115830E+01
   16.46224190  0.76605816E+00    1.210000  0.13437775E+01
   16.47584705  0.77449542E+00    1.211000  0.13638599E+01
   16.48945221  0.76003671E+00    1.212000  0.13435822E+01
   16.50305737  0.75393434E+00    1.213000  0.13379365E+01
   16.51666253  0.72212316E+00    1.214000  0.12864092E+01
   16.53026769  0.70501186E+00    1.215000  0.12607350E+01
   16.54387285  0.71074439E+00    1.216000  0.12758336E+01
   16.55747801  0.71104324E+00    1.217000  0.12812195E+01
   16.57108316  0.67704677E+00    1.218000  0.12245793E+01
   16.58468832  0.67153064E+00    1.219000  0.12191822E+01
   16.59829348  0.64961513E+00    1.220000  0.11838245E+01
   16.61189864  0.63687655E+00    1.221000  0.11649540E+01
   16.62550380  0.63230031E+00    1.222000  0.11608957E+01
   16.63910896  0.61841025E+00    1.223000  0.11396114E+01
   16.65271412  0.60710458E+00    1.224000  0.11229178E+01
   16.67992443  0.57277365E+00    1.226000  0.10672312E+01
   16.69352959  0.55649992E+00    1.227000  0.10407043E+01
   16.70713475  0.56336528E+00    1.228000  0.10573854E+01
   16.72073991  0.54400875E+00    1.229000  0.10247652E+01
   16.73434507  0.55237984E+00    1.230000  0.10443014E+01
   16.74795023  0.56040830E+00    1.231000  0.10633017E+01
   16.76155538  0.53743266E+00    1.232000  0.10233738E+01
   16.77516054  0.56969403E+00    1.233000  0.10886910E+01
   16.78876570  0.57111739E+00    1.234000  0.10953062E+01
   16.80237086  0.56137784E+00    1.235000  0.10804561E+01
   16.81597602  0.56690259E+00    1.236000  0.10949557E+01
   16.82958118  0.57174749E+00    1.237000  0.11082129E+01
   16.84318634  0.58820725E+00    1.238000  0.11441284E+01
   16.85679150  0.57081494E+00    1.239000  0.11141915E+01
   16.87039665  0.55553808E+00    1.240000  0.10881610E+01
   16.88400181  0.53896566E+00    1.241000  0.10593756E+01
   16.89760697  0.54943029E+00    1.242000  0.10836918E+01
   16.91121213  0.55380864E+00    1.243000  0.10961047E+01
   16.92481729  0.51852085E+00    1.244000  0.10297991E+01
   16.93842245  0.50462363E+00    1.245000  0.10056404E+01
   16.95202761  0.49960424E+00    1.246000  0.99904489E+00
   16.96563276  0.49627959E+00    1.247000  0.99578140E+00
   16.97923792  0.50714709E+00    1.248000  0.10210458E+01
   16.99284308  0.51189829E+00    1.249000  0.10341027E+01
   17.00644824  0.51442254E+00    1.250000  0.10427105E+01
   17.02005340  0.49568700E+00    1.251000  0.10081151E+01
   17.03365856  0.50045866E+00    1.252000  0.10212328E+01
   17.04726372  0.49986096E+00    1.253000  0.10234223E+01
   17.06086887  0.47296365E+00    1.254000  0.97157808E+00
   17.07447403  0.46504073E+00    1.255000  0.95847420E+00
   17.08807919  0.46792003E+00    1.256000  0.96759991E+00
   17.10168435  0.44620932E+00    1.257000  0.92574813E+00
   17.11528951  0.45310528E+00    1.258000  0.94314540E+00
   17.12889467  0.46256436E+00    1.259000  0.96598939E+00
   17.14249983  0.44780979E+00    1.260000  0.93823105E+00
   17.15610498  0.44644284E+00    1.261000  0.93841191E+00
   17.16971014  0.44435713E+00    1.262000  0.93705840E+00
   17.18331530  0.43114588E+00    1.263000  0.91213907E+00
   17.19692046  0.42577377E+00    1.264000  0.90367762E+00
   17.21052562  0.41090272E+00    1.265000  0.87491720E+00
   17.22413078  0.43716769E+00    1.266000  0.93382361E+00
   17.23773594  0.44019366E+00    1.267000  0.94328953E+00
   17.25134109  0.44858595E+00    1.268000  0.96433278E+00
   17.26494625  0.45753212E+00    1.269000  0.98668498E+00
   17.27855141  0.42331103E+00    1.270000  0.91577298E+00
   17.29215657  0.42356550E+00    1.271000  0.91921230E+00
   17.30576173  0.43731159E+00    1.272000  0.95202631E+00
   17.31936689  0.42897146E+00    1.273000  0.93679554E+00
   17.33297205  0.42263413E+00    1.274000  0.92583840E+00
   17.34657720  0.41997171E+00    1.275000  0.92287030E+00
   17.36018236  0.41490577E+00    1.276000  0.91456783E+00
   17.37378752  0.40950167E+00    1.277000  0.90544859E+00
   17.38739268  0.40002920E+00    1.278000  0.88723230E+00
   17.40099784  0.40697731E+00    1.279000  0.90541831E+00
   17.41460300  0.40252328E+00    1.280000  0.89825453E+00
   17.42820816  0.40392076E+00    1.281000  0.90412791E+00
   17.44181331  0.39793627E+00    1.282000  0.89344636E+00
   17.45541847  0.40077164E+00    1.283000  0.90254567E+00
   17.46902363  0.38809806E+00    1.284000  0.87665143E+00
   17.48262879  0.38026456E+00    1.285000  0.86155027E+00
   17.49623395  0.37296225E+00    1.286000  0.84754940E+00
   17.50983911  0.37723405E+00    1.287000  0.85982979E+00
   17.52344427  0.36077567E+00    1.288000  0.82477675E+00
   17.53704942  0.36090377E+00    1.289000  0.82753105E+00
   17.55065458  0.35102317E+00    1.290000  0.80726946E+00
   17.56425974  0.34465855E+00    1.291000  0.79498298E+00
   17.57786490  0.33566408E+00    1.292000  0.77652580E+00
   17.59147006  0.32378596E+00    1.293000  0.75125522E+00
   17.60507522  0.32896021E+00    1.294000  0.76550421E+00
   17.61868038  0.32644099E+00    1.295000  0.76186828E+00
   17.63228553  0.32091503E+00    1.296000  0.75116015E+00
   17.64589069  0.30581920E+00    1.297000  0.71791134E+00
   17.65949585  0.30253387E+00    1.298000  0.71226237E+00
   17.67310101  0.31489772E+00    1.299000  0.74351853E+00
   17.68670617  0.30636014E+00    1.300000  0.72544951E+00
   17.70031133  0.32510607E+00    1.301000  0.77205646E+00
   17.71391649  0.30739423E+00    1.302000  0.73209118E+00
   17.72752164  0.30807386E+00    1.303000  0.73581091E+00
   17.74112680  0.30413657E+00    1.304000  0.72848126E+00
   17.75473196  0.29371623E+00    1.305000  0.70552520E+00
   17.76833712  0.29456663E+00    1.306000  0.70957694E+00
   17.78194228  0.29940785E+00    1.307000  0.72328090E+00
   17.79554744  0.30768140E+00    1.308000  0.74536578E+00
   17.80915260  0.29887166E+00    1.309000  0.72606233E+00
   17.82275776  0.29256924E+00    1.310000  0.71274697E+00
   17.83636291  0.28920144E+00    1.311000  0.70651485E+00
   17.84996807  0.28350550E+00    1.312000  0.69453332E+00
   17.86357323  0.27323577E+00    1.313000  0.67123800E+00
   17.87717839  0.28821589E+00    1.314000  0.71000423E+00
   17.89078355  0.29038038E+00    1.315000  0.71731680E+00
   17.90438871  0.28938986E+00    1.316000  0.71684365E+00
   17.91799387  0.29162910E+00    1.317000  0.72437940E+00
   17.93159902  0.29553952E+00    1.318000  0.73610816E+00
   17.94520418  0.28872056E+00    1.319000  0.72109312E+00
   17.95880934  0.28619260E+00    1.320000  0.71673132E+00
   17.97241450  0.28198223E+00    1.321000  0.70811018E+00
   17.98601966  0.29163114E+00    1.322000  0.73432938E+00
   17.99962482  0.28435647E+00    1.323000  0.71795106E+00
   18.01322998  0.28930576E+00    1.324000  0.73242029E+00
   18.02683513  0.29352690E+00    1.325000  0.74510865E+00
   18.04044029  0.28886598E+00    1.326000  0.73524716E+00
   18.05404545  0.28433868E+00    1.327000  0.72566313E+00
   18.06765061  0.28086217E+00    1.328000  0.71870624E+00
   18.08125577  0.28602561E+00    1.329000  0.73386986E+00
   18.09486093  0.27848608E+00    1.330000  0.71642464E+00
   18.10846609  0.27569779E+00    1.331000  0.71113190E+00
   18.12207124  0.26922202E+00    1.332000  0.69626451E+00
   18.13567640  0.27054246E+00    1.333000  0.70152459E+00
   18.14928156  0.26393030E+00    1.334000  0.68617913E+00
   18.16288672  0.26406229E+00    1.335000  0.68832325E+00
   18.17649188  0.26213998E+00    1.336000  0.68510025E+00
   18.19009704  0.26521424E+00    1.337000  0.69494363E+00
   18.20370220  0.25879575E+00    1.338000  0.67989023E+00
   18.21730735  0.25794924E+00    1.339000  0.67942559E+00
   18.23091251  0.25810087E+00    1.340000  0.68158528E+00
   18.24451767  0.25840812E+00    1.341000  0.68415904E+00
   18.25812283  0.26557563E+00    1.342000  0.70494696E+00
   18.27172799  0.25996022E+00    1.343000  0.69181434E+00
   18.28533315  0.25687072E+00    1.344000  0.68534436E+00
   18.29893831  0.26005357E+00    1.345000  0.69561000E+00
   18.31254346  0.26608068E+00    1.346000  0.71354647E+00
   18.32614862  0.26218288E+00    1.347000  0.70488189E+00
   18.33975378  0.26442863E+00    1.348000  0.71272309E+00
   18.35335894  0.26920981E+00    1.349000  0.72744602E+00
   18.36696410  0.26898339E+00    1.350000  0.72866870E+00
   18.38056926  0.27160526E+00    1.351000  0.73762368E+00
   18.39417442  0.26973998E+00    1.352000  0.73439765E+00
   18.40777957  0.26603052E+00    1.353000  0.72611260E+00
   18.42138473  0.26872491E+00    1.354000  0.73529952E+00
   18.43498989  0.26350647E+00    1.355000  0.72281770E+00
   18.44859505  0.26562687E+00    1.356000  0.73044575E+00
   18.46220021  0.26110906E+00    1.357000  0.71980306E+00
   18.47580537  0.24972535E+00    1.358000  0.69012462E+00
   18.48941053  0.25091949E+00    1.359000  0.69513597E+00
   18.50301568  0.24610439E+00    1.360000  0.68347491E+00
   18.51662084  0.24048081E+00    1.361000  0.66949738E+00
   18.53022600  0.23298537E+00    1.362000  0.65021913E+00
   18.54383116  0.23500681E+00    1.363000  0.65746338E+00
   18.55743632  0.22627937E+00    1.364000  0.63459046E+00
   18.57104148  0.21172213E+00    1.365000  0.59520932E+00
   18.58464664  0.20797539E+00    1.366000  0.58609461E+00
   18.59825179  0.21659526E+00    1.367000  0.61186347E+00
   18.61185695  0.20169284E+00    1.368000  0.57114096E+00
   18.62546211  0.20045999E+00    1.369000  0.56901703E+00
   18.63906727  0.20132190E+00    1.370000  0.57283666E+00
   18.65267243  0.19497474E+00    1.371000  0.55610636E+00
   18.66627759  0.19480055E+00    1.372000  0.55693811E+00
   18.67988275  0.18750198E+00    1.373000  0.53735018E+00
   18.69348790  0.19039417E+00    1.374000  0.54693727E+00
   18.70709306  0.39323773E+01    1.375000  0.11323193E+02
   18.72069822  0.18900696E+00    1.376000  0.54553042E+00
   18.73430338  0.18237940E+00    1.377000  0.52764517E+00
   18.74790854  0.17929094E+00    1.378000  0.51993268E+00
   18.76151370  0.17886307E+00    1.379000  0.51991175E+00
   18.77511886  0.17599708E+00    1.380000  0.51278135E+00
   18.78872402  0.17168283E+00    1.381000  0.50138235E+00
   18.80232917  0.17188208E+00    1.382000  0.50313651E+00
   18.81593433  0.17230273E+00    1.383000  0.50554298E+00
   18.82953949  0.16615808E+00    1.384000  0.48864758E+00
   18.84314465  0.16509266E+00    1.385000  0.48664030E+00
   18.85674981  0.16132884E+00    1.386000  0.47664606E+00
   18.87035497  0.16287185E+00    1.387000  0.48231568E+00
   18.88396013  0.16847506E+00    1.388000  0.50005762E+00
   18.89756528  0.15985164E+00    1.389000  0.47555232E+00
   18.91117044  0.15594641E+00    1.390000  0.46499801E+00
   18.92477560  0.16897384E+00    1.391000  0.50499536E+00
   18.93838076  0.15891902E+00    1.392000  0.47602938E+00
   18.95198592  0.15953391E+00    1.393000  0.47895929E+00
   18.96559108  0.15731005E+00    1.394000  0.47335562E+00
   18.97919624  0.15717654E+00    1.395000  0.47402584E+00
   18.99280139  0.15985517E+00    1.396000  0.48319452E+00
   19.00640655  0.16041143E+00    1.397000  0.48596997E+00
   19.02001171  0.15879588E+00    1.398000  0.48215865E+00
   19.03361687  0.15461556E+00    1.399000  0.47052028E+00
   19.04722203  0.15872651E+00    1.400000  0.48411310E+00
   19.06082719  0.16210066E+00    1.401000  0.49550975E+00
   19.07443235  0.16110919E+00    1.402000  0.49357784E+00
   19.08803750  0.15910235E+00    1.403000  0.48851474E+00
   19.10164266  0.15990444E+00    1.404000  0.49206810E+00
   19.11524782  0.15589507E+00    1.405000  0.48079344E+00
   19.12885298  0.15232519E+00    1.406000  0.47082251E+00
   19.14245814  0.15388093E+00    1.407000  0.47668065E+00
   19.15606330  0.15095496E+00    1.408000  0.46864634E+00
   19.16966846  0.14538882E+00    1.409000  0.45235760E+00
   19.18327361  0.14410033E+00    1.410000  0.44933143E+00
   19.19687877  0.14213336E+00    1.411000  0.44416745E+00
   19.21048393  0.14063261E+00    1.412000  0.44043672E+00
   19.22408909  0.14094600E+00    1.413000  0.44237948E+00
   19.23769425  0.14115526E+00    1.414000  0.44399900E+00
   19.25129941  0.13870424E+00    1.415000  0.43723539E+00
   19.26490457  0.13812902E+00    1.416000  0.43636419E+00
   19.27850972  0.13442762E+00    1.417000  0.42558790E+00
   19.29211488  0.13491997E+00    1.418000  0.42806682E+00
   19.30572004  0.12951641E+00    1.419000  0.41180601E+00
   19.31932520  0.12753677E+00    1.420000  0.40638145E+00
   19.33293036  0.12518718E+00    1.421000  0.39974856E+00
   19.34653552  0.13412166E+00    1.422000  0.42919293E+00
   19.36014068  0.13359721E+00    1.423000  0.42842582E+00
   19.37374583  0.12973295E+00    1.424000  0.41691855E+00
   19.38735099  0.13390461E+00    1.425000  0.43123814E+00
   19.40095615  0.12819710E+00    1.426000  0.41373150E+00
   19.41456131  0.62605090E+01    1.427000  0.20247287E+02
   19.42816647  0.12654151E+00    1.428000  0.41011447E+00
   19.44177163  0.12725187E+00    1.429000  0.41328458E+00
   19.45537679  0.12494242E+00    1.430000  0.40663618E+00
   19.46898194  0.12772813E+00    1.431000  0.41657365E+00
   19.48258710  0.12772656E+00    1.432000  0.41743963E+00
   19.49619226  0.12633217E+00    1.433000  0.41374405E+00
   19.50979742  0.12788358E+00    1.434000  0.41969720E+00
   19.52340258  0.25590876E+00    1.435000  0.84160445E+00
   19.53700774  0.12490464E+00    1.436000  0.41162446E+00
   19.55061290  0.12563649E+00    1.437000  0.41489315E+00
   19.56421805  0.12649425E+00    1.438000  0.41858845E+00
   19.57782321  0.12321376E+00    1.439000  0.40857316E+00
   19.59142837  0.12283682E+00    1.440000  0.40816101E+00
   19.99958313  0.10826571E+02    1.470000  0.38189607E+02
   24.99947891  0.30418419E-01    1.837500  0.18353921E+00
   29.99937469  0.13962709E-01    2.205000  0.11924489E+00
   34.99927048  0.84431278E-02    2.572500  0.93268377E-01
   39.99916626  0.59410768E-02    2.940000  0.80519911E-01
   44.99906204  0.48774080E-02    3.307500  0.78328760E-01
   49.99895782  0.38255606E-02    3.675000  0.71025079E-01
   54.99885361  0.32058740E-02    4.042500  0.67555296E-01
   59.99874939  0.26529636E-02    4.410000  0.62553620E-01
   64.99864517  0.21979859E-02    4.777500  0.57334886E-01
   69.99854095  0.18517225E-02    5.145000  0.52943737E-01
   74.99843674  0.15672895E-02    5.512500  0.48739626E-01
   79.99833252  0.12947537E-02    5.880000  0.43509495E-01
   84.99822830  0.11437052E-02    6.247500  0.41300200E-01
   89.99812408  0.96884016E-03    6.615000  0.37413993E-01
   94.99801987  0.83958927E-03    6.982500  0.34527037E-01
   99.99791565  0.72679985E-03    7.350000  0.31710383E-01
  104.99781143  0.63045120E-03    7.717500  0.29086854E-01
  109.99770721  0.54938879E-03    8.085000  0.26723913E-01
  114.99760300  0.48497567E-03    8.452500  0.24806220E-01
  119.99749878  0.42701276E-03    8.820000  0.22911725E-01
  124.99739456  0.37783453E-03    9.187500  0.21220039E-01
  129.99729034  0.33640975E-03    9.555000  0.19736715E-01
  134.99718613  0.29922368E-03    9.922500  0.18305038E-01
