       eV          sigma            Ry          om               in 10^-16                                                                       
   12.00252397  0.00000000E+00    0.882204  0.00000000E+00
   12.01335504  0.96707679E-02    0.883000  0.38826409E-01
   12.02696020  0.11079698E-01    0.884000  0.44533388E-01
   12.04056535  0.12305242E-01    0.885000  0.49515252E-01
   12.05417051  0.13163500E-01    0.886000  0.53028659E-01
   12.06777567  0.13565770E-01    0.887000  0.54710872E-01
   12.08138083  0.13952228E-01    0.888000  0.56332899E-01
   12.09498599  0.14257287E-01    0.889000  0.57629417E-01
   12.10859115  0.14479810E-01    0.890000  0.58594711E-01
   12.12219631  0.14642689E-01    0.891000  0.59320404E-01
   12.13580146  0.14759933E-01    0.892000  0.59862494E-01
   12.14940662  0.14917308E-01    0.893000  0.60568592E-01
   12.16301178  0.14845567E-01    0.894000  0.60344804E-01
   12.17661694  0.14747206E-01    0.895000  0.60012034E-01
   12.19022210  0.14862535E-01    0.896000  0.60548927E-01
   12.20382726  0.15066661E-01    0.897000  0.61449028E-01
   12.21743242  0.15286920E-01    0.898000  0.62416856E-01
   12.23103757  0.15506541E-01    0.899000  0.63384078E-01
   12.24464273  0.15715617E-01    0.900000  0.64310147E-01
   12.25824789  0.15918627E-01    0.901000  0.65213268E-01
   12.27185305  0.16112022E-01    0.902000  0.66078799E-01
   12.28545821  0.16296842E-01    0.903000  0.66910882E-01
   12.29906337  0.16474972E-01    0.904000  0.67717150E-01
   12.31266853  0.16647564E-01    0.905000  0.68502248E-01
   12.32627368  0.16842116E-01    0.906000  0.69379378E-01
   12.33987884  0.17145959E-01    0.907000  0.70708988E-01
   12.35348400  0.17589912E-01    0.908000  0.72619803E-01
   12.36708916  0.17785402E-01    0.909000  0.73507750E-01
   12.38069432  0.17885372E-01    0.910000  0.74002252E-01
   12.39429948  0.18015233E-01    0.911000  0.74621472E-01
   12.40790464  0.18170872E-01    0.912000  0.75348769E-01
   12.42150979  0.18354018E-01    0.913000  0.76191670E-01
   12.43511495  0.18547450E-01    0.914000  0.77078983E-01
   12.44872011  0.18748835E-01    0.915000  0.78001139E-01
   12.46232527  0.18956618E-01    0.916000  0.78951775E-01
   12.47593043  0.19171566E-01    0.917000  0.79934174E-01
   12.48953559  0.19392753E-01    0.918000  0.80944567E-01
   12.50314075  0.19620160E-01    0.919000  0.81982964E-01
   12.51674590  0.19853647E-01    0.920000  0.83048863E-01
   12.53035106  0.20093187E-01    0.921000  0.84142228E-01
   12.54395622  0.20338492E-01    0.922000  0.85261942E-01
   12.55756138  0.20589207E-01    0.923000  0.86406594E-01
   12.57116654  0.20844573E-01    0.924000  0.87573063E-01
   12.58477170  0.21103099E-01    0.925000  0.88755143E-01
   12.59837686  0.21360928E-01    0.926000  0.89936643E-01
   12.61198201  0.21615471E-01    0.927000  0.91106634E-01
   12.62558717  0.21849055E-01    0.928000  0.92190506E-01
   12.63919233  0.22027540E-01    0.929000  0.93043765E-01
   12.65279749  0.22040511E-01    0.930000  0.93198766E-01
   12.66640265  0.21467376E-01    0.931000  0.90872863E-01
   12.68000781  0.19236912E-01    0.932000  0.81518623E-01
   12.69361297  0.20332299E-01    0.933000  0.86252899E-01
   12.70721812  0.22675334E-01    0.934000  0.96295529E-01
   12.72082328  0.23724772E-01    0.935000  0.10086006E+00
   12.73442844  0.24389206E-01    0.936000  0.10379563E+00
   12.74803360  0.24837197E-01    0.937000  0.10581512E+00
   12.76163876  0.25426702E-01    0.938000  0.10844223E+00
   12.77524392  0.26536669E-01    0.939000  0.11329678E+00
   12.78884908  0.26773290E-01    0.940000  0.11442875E+00
   12.80245423  0.29120160E-01    0.941000  0.12459165E+00
   12.81605939  0.45372283E-01    0.942000  0.19433324E+00
   12.82966455  0.40296628E-01    0.943000  0.17277701E+00
   12.84326971  0.37577809E-01    0.944000  0.16129058E+00
   12.85687487  0.34236288E-01    0.945000  0.14710385E+00
   12.87048003  0.26612162E-01    0.946000  0.11446609E+00
   12.88408519  0.21133665E-01    0.947000  0.90997690E-01
   12.89769034  0.19987347E-01    0.948000  0.86152733E-01
   12.91129550  0.19243914E-01    0.949000  0.83035763E-01
   12.92490066  0.18613483E-01    0.950000  0.80400142E-01
   12.93850582  0.19078017E-01    0.951000  0.82493419E-01
   12.95211098  0.21026302E-01    0.952000  0.91013414E-01
   12.96571614  0.22152484E-01    0.953000  0.95988874E-01
   12.97932130  0.22345701E-01    0.954000  0.96927704E-01
   12.99292646  0.22314991E-01    0.955000  0.96895955E-01
   13.00653161  0.18314448E-01    0.956000  0.79608107E-01
   13.02013677  0.15479981E-01    0.957000  0.67357804E-01
   13.03374193  0.15365767E-01    0.958000  0.66930692E-01
   13.04734709  0.18034516E-01    0.959000  0.78637311E-01
   13.06095225  0.19644615E-01    0.960000  0.85747272E-01
   13.07455741  0.20003373E-01    0.961000  0.87404174E-01
   13.08816257  0.20753990E-01    0.962000  0.90778338E-01
   13.10176772  0.21110278E-01    0.963000  0.92432735E-01
   13.11537288  0.21353297E-01    0.964000  0.93593896E-01
   13.12897804  0.21333071E-01    0.965000  0.93602242E-01
   13.14258320  0.21650874E-01    0.966000  0.95095094E-01
   13.15618836  0.22196678E-01    0.967000  0.97593302E-01
   13.16979352  0.22175197E-01    0.968000  0.97599682E-01
   13.18339868  0.22423797E-01    0.969000  0.98795801E-01
   13.19700383  0.22986167E-01    0.970000  0.10137803E+00
   13.21060899  0.23469935E-01    0.971000  0.10361835E+00
   13.22421415  0.24247275E-01    0.972000  0.10716051E+00
   13.23781931  0.25771855E-01    0.973000  0.11401555E+00
   13.25142447  0.27543060E-01    0.974000  0.12197665E+00
   13.26502963  0.27988187E-01    0.975000  0.12407519E+00
   13.27863479  0.25784876E-01    0.976000  0.11442487E+00
   13.30584510  0.25457335E-01    0.978000  0.11320285E+00
   13.31945026  0.24553474E-01    0.979000  0.10929523E+00
   13.33305542  0.25558281E-01    0.980000  0.11388415E+00
   13.34666058  0.25380195E-01    0.981000  0.11320602E+00
   13.36026574  0.24649227E-01    0.982000  0.11005768E+00
   13.37387090  0.25224317E-01    0.983000  0.11274012E+00
   13.38747605  0.24630615E-01    0.984000  0.11019856E+00
   13.40108121  0.24339620E-01    0.985000  0.10900730E+00
   13.41468637  0.24560796E-01    0.986000  0.11010953E+00
   13.42829153  0.24323617E-01    0.987000  0.10915682E+00
   13.44189669  0.24037302E-01    0.988000  0.10798122E+00
   13.45550185  0.23238822E-01    0.989000  0.10449992E+00
   13.46910701  0.24622091E-01    0.990000  0.11083213E+00
   13.48271216  0.23114510E-01    0.991000  0.10415111E+00
   13.49631732  0.22637214E-01    0.992000  0.10210340E+00
   13.50992248  0.21928906E-01    0.993000  0.99008341E-01
   13.52352764  0.21062892E-01    0.994000  0.95194081E-01
   13.53713280  0.19913576E-01    0.995000  0.90090270E-01
   13.55073796  0.18287040E-01    0.996000  0.82814867E-01
   13.56434312  0.16759480E-01    0.997000  0.75973347E-01
   13.57794827  0.15770410E-01    0.998000  0.71561441E-01
   13.59155343  0.15669184E-01    0.999000  0.71173352E-01
   13.60515859  0.16629142E-01    1.000000  0.75609332E-01
   13.61876375  0.17554820E-01    1.001000  0.79898022E-01
   13.63236891  0.19065883E-01    1.002000  0.86862076E-01
   13.64597407  0.20376673E-01    1.003000  0.92926539E-01
   13.65957923  0.22114072E-01    1.004000  0.10095039E+00
   13.67318438  0.26400994E-01    1.005000  0.12064016E+00
   13.70039470  0.26709945E-01    1.007000  0.12229481E+00
   13.71399986  0.28478940E-01    1.008000  0.13052386E+00
   13.75481534  0.29697838E-01    1.011000  0.13651537E+00
   13.76842049  0.29268850E-01    1.012000  0.13467647E+00
   13.78202565  0.28876621E-01    1.013000  0.13300298E+00
   13.79563081  0.27832121E-01    1.014000  0.12831866E+00
   13.80923597  0.27613350E-01    1.015000  0.12743558E+00
   13.82284113  0.26141679E-01    1.016000  0.12076268E+00
   13.83644629  0.26472321E-01    1.017000  0.12241046E+00
   13.85005145  0.25966353E-01    1.018000  0.12018888E+00
   13.86365660  0.26229063E-01    1.019000  0.12152413E+00
   13.87726176  0.27232159E-01    1.020000  0.12629548E+00
   13.89086692  0.27567824E-01    1.021000  0.12797755E+00
   13.90447208  0.28001723E-01    1.022000  0.13011915E+00
   13.91807724  0.27825565E-01    1.023000  0.12942709E+00
   13.93168240  0.27567359E-01    1.024000  0.12835142E+00
   13.94528756  0.27608547E-01    1.025000  0.12866872E+00
   13.95889272  0.26776509E-01    1.026000  0.12491278E+00
   13.97249787  0.25744241E-01    1.027000  0.12021429E+00
   13.98610303  0.25717561E-01    1.028000  0.12020664E+00
   13.99970819  0.26289377E-01    1.029000  0.12299890E+00
   14.01331335  0.25572032E-01    1.030000  0.11975896E+00
   14.02691851  0.25194037E-01    1.031000  0.11810329E+00
   14.04052367  0.26206028E-01    1.032000  0.12296640E+00
   14.05412883  0.25801334E-01    1.033000  0.12118477E+00
   14.06773398  0.24733768E-01    1.034000  0.11628304E+00
   14.08133914  0.24623987E-01    1.035000  0.11587888E+00
   14.09494430  0.24562174E-01    1.036000  0.11569967E+00
   14.10854946  0.24349414E-01    1.037000  0.11480818E+00
   14.12215462  0.24378874E-01    1.038000  0.11505793E+00
   14.13575978  0.24172329E-01    1.039000  0.11419303E+00
   14.14936494  0.24095255E-01    1.040000  0.11393848E+00
   14.16297009  0.23307865E-01    1.041000  0.11032115E+00
   14.17657525  0.24110671E-01    1.042000  0.11423063E+00
   14.19018041  0.23549896E-01    1.043000  0.11168089E+00
   14.20378557  0.24000125E-01    1.044000  0.11392514E+00
   14.21739073  0.24381656E-01    1.045000  0.11584707E+00
   14.23099589  0.25094929E-01    1.046000  0.11935022E+00
   14.24460105  0.24142852E-01    1.047000  0.11493196E+00
   14.25820620  0.24272877E-01    1.048000  0.11566131E+00
   14.27181136  0.24623978E-01    1.049000  0.11744628E+00
   14.28541652  0.24294404E-01    1.050000  0.11598481E+00
   14.29902168  0.24412868E-01    1.051000  0.11666137E+00
   14.31262684  0.25020865E-01    1.052000  0.11968056E+00
   14.32623200  0.25405886E-01    1.053000  0.12163772E+00
   14.33983716  0.25831663E-01    1.054000  0.12379370E+00
   14.35344231  0.26242316E-01    1.055000  0.12588100E+00
   14.36704747  0.25785274E-01    1.056000  0.12380587E+00
   14.38065263  0.26524379E-01    1.057000  0.12747522E+00
   14.39425779  0.27049745E-01    1.058000  0.13012310E+00
   14.40786295  0.27260351E-01    1.059000  0.13126017E+00
   14.42146811  0.27253830E-01    1.060000  0.13135269E+00
   14.43507327  0.27940393E-01    1.061000  0.13478869E+00
   14.44867842  0.28140948E-01    1.062000  0.13588415E+00
   14.46228358  0.27686752E-01    1.063000  0.13381686E+00
   14.47588874  0.27649695E-01    1.064000  0.13376347E+00
   14.48949390  0.27575188E-01    1.065000  0.13352840E+00
   14.50309906  0.27578852E-01    1.066000  0.13367154E+00
   14.51670422  0.27620952E-01    1.067000  0.13400118E+00
   14.53030938  0.27677705E-01    1.068000  0.13440236E+00
   14.54391453  0.27787135E-01    1.069000  0.13506009E+00
   14.55751969  0.28347110E-01    1.070000  0.13791075E+00
   14.57112485  0.28610541E-01    1.071000  0.13932245E+00
   14.58473001  0.28518346E-01    1.072000  0.13900316E+00
   14.59833517  0.28244612E-01    1.073000  0.13779736E+00
   14.61194033  0.28079765E-01    1.074000  0.13712079E+00
   14.62554549  0.28011259E-01    1.075000  0.13691362E+00
   14.63915064  0.27858126E-01    1.076000  0.13629180E+00
   14.65275580  0.26867610E-01    1.077000  0.13156801E+00
   14.66636096  0.27155137E-01    1.078000  0.13309947E+00
   14.67996612  0.27216817E-01    1.079000  0.13352554E+00
   14.69357128  0.27208156E-01    1.080000  0.13360676E+00
   14.70717644  0.26998081E-01    1.081000  0.13269793E+00
   14.72078160  0.26657967E-01    1.082000  0.13114745E+00
   14.73438675  0.26899147E-01    1.083000  0.13245627E+00
   14.74799191  0.26513864E-01    1.084000  0.13067962E+00
   14.76159707  0.26993226E-01    1.085000  0.13316500E+00
   14.77520223  0.27288190E-01    1.086000  0.13474421E+00
   14.78880739  0.27222621E-01    1.087000  0.13454422E+00
   14.80241255  0.28068189E-01    1.088000  0.13885095E+00
   14.81601771  0.28590928E-01    1.089000  0.14156689E+00
   14.82962286  0.28959937E-01    1.090000  0.14352570E+00
   14.84322802  0.29014043E-01    1.091000  0.14392577E+00
   14.85683318  0.28544518E-01    1.092000  0.14172645E+00
   14.87043834  0.28308009E-01    1.093000  0.14068087E+00
   14.88404350  0.28497374E-01    1.094000  0.14175152E+00
   14.89764866  0.28444015E-01    1.095000  0.14161543E+00
   14.91125382  0.28496767E-01    1.096000  0.14200764E+00
   14.92485898  0.27641493E-01    1.097000  0.13787124E+00
   14.93846413  0.27503034E-01    1.098000  0.13730568E+00
   14.95206929  0.28591524E-01    1.099000  0.14286984E+00
   14.96567445  0.28226474E-01    1.100000  0.14117405E+00
   14.97927961  0.27812624E-01    1.101000  0.13923065E+00
   14.99288477  0.27897910E-01    1.102000  0.13978444E+00
   15.00648993  0.28049453E-01    1.103000  0.14067129E+00
   15.02009509  0.27685025E-01    1.104000  0.13896952E+00
   15.03370024  0.26490492E-01    1.105000  0.13309381E+00
   15.04730540  0.26365034E-01    1.106000  0.13258336E+00
   15.06091056  0.25621805E-01    1.107000  0.12896234E+00
   15.07451572  0.25389054E-01    1.108000  0.12790627E+00
   15.08812088  0.24901883E-01    1.109000  0.12556520E+00
   15.10172604  0.25782964E-01    1.110000  0.13012519E+00
   15.11533120  0.25251958E-01    1.111000  0.12756005E+00
   15.12893635  0.25616681E-01    1.112000  0.12951892E+00
   15.14254151  0.25630228E-01    1.113000  0.12970395E+00
   15.15614667  0.25949131E-01    1.114000  0.13143577E+00
   15.16975183  0.26842934E-01    1.115000  0.13608505E+00
   15.18335699  0.26989203E-01    1.116000  0.13694930E+00
   15.19696215  0.27396748E-01    1.117000  0.13914184E+00
   15.21056731  0.27129519E-01    1.118000  0.13790800E+00
   15.22417246  0.27538724E-01    1.119000  0.14011333E+00
   15.23777762  0.28207730E-01    1.120000  0.14364540E+00
   15.25138278  0.28706366E-01    1.121000  0.14631518E+00
   15.26498794  0.29070219E-01    1.122000  0.14830190E+00
   15.27859310  0.29340569E-01    1.123000  0.14981450E+00
   15.29219826  0.29523484E-01    1.124000  0.15088271E+00
   15.30580342  0.29801078E-01    1.125000  0.15243688E+00
   15.31940857  0.30592875E-01    1.126000  0.15662614E+00
   15.33301373  0.30684926E-01    1.127000  0.15723693E+00
   15.34661889  0.30508196E-01    1.128000  0.15647004E+00
   15.36022405  0.30473758E-01    1.129000  0.15643197E+00
   15.37382921  0.30881471E-01    1.130000  0.15866531E+00
   15.38743437  0.31354152E-01    1.131000  0.16123645E+00
   15.40103953  0.31414317E-01    1.132000  0.16168868E+00
   15.41464468  0.31415574E-01    1.133000  0.16183799E+00
   15.42824984  0.31780378E-01    1.134000  0.16386178E+00
   15.44185500  0.32091527E-01    1.135000  0.16561200E+00
   15.45546016  0.32320590E-01    1.136000  0.16694106E+00
   15.46906532  0.32284012E-01    1.137000  0.16689892E+00
   15.48267048  0.32005460E-01    1.138000  0.16560441E+00
   15.50988079  0.32715128E-01    1.140000  0.16957391E+00
   15.52348595  0.33133063E-01    1.141000  0.17189086E+00
   15.53709111  0.32892557E-01    1.142000  0.17079270E+00
   15.55069627  0.32881236E-01    1.143000  0.17088342E+00
   15.56430143  0.33356055E-01    1.144000  0.17350271E+00
   15.57790659  0.34157924E-01    1.145000  0.17782897E+00
   15.59151175  0.35258432E-01    1.146000  0.18371862E+00
   15.60511690  0.35531920E-01    1.147000  0.18530522E+00
   15.61872206  0.35894503E-01    1.148000  0.18735936E+00
   15.63232722  0.35363938E-01    1.149000  0.18475075E+00
   15.64593238  0.35282328E-01    1.150000  0.18448482E+00
   15.65953754  0.35064902E-01    1.151000  0.18350737E+00
   15.67314270  0.34963695E-01    1.152000  0.18313669E+00
   15.68674786  0.34449378E-01    1.153000  0.18059938E+00
   15.70035301  0.34141255E-01    1.154000  0.17913929E+00
   15.71395817  0.34120089E-01    1.155000  0.17918337E+00
   15.72756333  0.33942475E-01    1.156000  0.17840495E+00
   15.74116849  0.33664095E-01    1.157000  0.17709482E+00
   15.75477365  0.33737208E-01    1.158000  0.17763284E+00
   15.76837881  0.32635492E-01    1.159000  0.17198048E+00
   15.78198397  0.32743952E-01    1.160000  0.17270092E+00
   15.79558912  0.32192408E-01    1.161000  0.16993829E+00
   15.80919428  0.31936460E-01    1.162000  0.16873239E+00
   15.82279944  0.31371616E-01    1.163000  0.16589075E+00
   15.83640460  0.30988054E-01    1.164000  0.16400340E+00
   15.85000976  0.30820012E-01    1.165000  0.16325417E+00
   15.86361492  0.31840014E-01    1.166000  0.16880191E+00
   15.87722008  0.32282905E-01    1.167000  0.17129671E+00
   15.89082524  0.32881896E-01    1.168000  0.17462453E+00
   15.90443039  0.33206826E-01    1.169000  0.17650111E+00
   15.91803555  0.33290767E-01    1.170000  0.17709864E+00
   15.93164071  0.33588373E-01    1.171000  0.17883455E+00
   15.94524587  0.33326527E-01    1.172000  0.17759193E+00
   15.95885103  0.33662844E-01    1.173000  0.17953717E+00
   15.97245619  0.33676481E-01    1.174000  0.17976302E+00
   15.98606135  0.33507891E-01    1.175000  0.17901545E+00
   15.99966650  0.33240018E-01    1.176000  0.17773548E+00
   16.01327166  0.33131901E-01    1.177000  0.17730802E+00
   16.02687682  0.32775482E-01    1.178000  0.17554964E+00
   16.04048198  0.32182536E-01    1.179000  0.17252007E+00
   16.05408714  0.29117482E-01    1.180000  0.15622171E+00
   16.06769230  0.30901535E-01    1.181000  0.16593405E+00
   16.08129746  0.32349191E-01    1.182000  0.17385471E+00
   16.09490261  0.33055654E-01    1.183000  0.17780176E+00
   16.10850777  0.33200795E-01    1.184000  0.17873341E+00
   16.12211293  0.33492024E-01    1.185000  0.18045350E+00
   16.13571809  0.33881665E-01    1.186000  0.18270692E+00
   16.14932325  0.33985533E-01    1.187000  0.18342155E+00
   16.16292841  0.33598942E-01    1.188000  0.18148787E+00
   16.17653357  0.33610884E-01    1.189000  0.18170520E+00
   16.19013872  0.33756012E-01    1.190000  0.18264326E+00
   16.20374388  0.34309064E-01    1.191000  0.18579165E+00
   16.21734904  0.35404542E-01    1.192000  0.19188490E+00
   16.23095420  0.36237538E-01    1.193000  0.19656432E+00
   16.24455936  0.35916920E-01    1.194000  0.19498849E+00
   16.25816452  0.35299892E-01    1.195000  0.19179922E+00
   16.27176968  0.34995395E-01    1.196000  0.19030388E+00
   16.28537483  0.35048169E-01    1.197000  0.19075022E+00
   16.29897999  0.35221463E-01    1.198000  0.19185352E+00
   16.31258515  0.35382815E-01    1.199000  0.19289329E+00
   16.32619031  0.34984084E-01    1.200000  0.19087863E+00
   16.33979547  0.34787474E-01    1.201000  0.18996407E+00
   16.35340063  0.34426629E-01    1.202000  0.18815013E+00
   16.36700579  0.34585517E-01    1.203000  0.18917575E+00
   16.39421610  0.34774691E-01    1.205000  0.19052672E+00
   16.40782126  0.34487462E-01    1.206000  0.18910983E+00
   16.42142642  0.34928721E-01    1.207000  0.19168826E+00
   16.43503158  0.34809841E-01    1.208000  0.19119412E+00
   16.44863674  0.34880554E-01    1.209000  0.19174111E+00
   16.46224190  0.34919087E-01    1.210000  0.19211170E+00
   16.47584705  0.34584485E-01    1.211000  0.19042809E+00
   16.48945221  0.34921432E-01    1.212000  0.19244216E+00
   16.50305737  0.35099828E-01    1.213000  0.19358484E+00
   16.51666253  0.34869415E-01    1.214000  0.19247260E+00
   16.53026769  0.35257686E-01    1.215000  0.19477609E+00
   16.54387285  0.35203003E-01    1.216000  0.19463406E+00
   16.55747801  0.35293805E-01    1.217000  0.19529657E+00
   16.57108316  0.35415030E-01    1.218000  0.19612839E+00
   16.58468832  0.35523458E-01    1.219000  0.19689038E+00
   16.59829348  0.35913381E-01    1.220000  0.19921484E+00
   16.61189864  0.36369801E-01    1.221000  0.20191201E+00
   16.62550380  0.36355364E-01    1.222000  0.20199716E+00
   16.63910896  0.36435799E-01    1.223000  0.20260974E+00
   16.65271412  0.36866443E-01    1.224000  0.20517206E+00
   16.67992443  0.36824941E-01    1.226000  0.20527596E+00
   16.69352959  0.37088004E-01    1.227000  0.20691100E+00
   16.70713475  0.36930538E-01    1.228000  0.20620043E+00
   16.72073991  0.36992552E-01    1.229000  0.20671488E+00
   16.73434507  0.37388110E-01    1.230000  0.20909526E+00
   16.74795023  0.37174000E-01    1.231000  0.20806686E+00
   16.76155538  0.36624502E-01    1.232000  0.20515778E+00
   16.77516054  0.36609592E-01    1.233000  0.20524072E+00
   16.78876570  0.37202653E-01    1.234000  0.20873469E+00
   16.80237086  0.37257123E-01    1.235000  0.20920971E+00
   16.81597602  0.37357893E-01    1.236000  0.20994542E+00
   16.82958118  0.37294997E-01    1.237000  0.20976153E+00
   16.84318634  0.37092886E-01    1.238000  0.20879343E+00
   16.85679150  0.37266369E-01    1.239000  0.20993940E+00
   16.87039665  0.36236686E-01    1.240000  0.20430346E+00
   16.88400181  0.34336770E-01    1.241000  0.19374780E+00
   16.89760697  0.34568397E-01    1.242000  0.19521195E+00
   16.91121213  0.34835648E-01    1.243000  0.19687954E+00
   16.92481729  0.35212110E-01    1.244000  0.19916728E+00
   16.93842245  0.35641547E-01    1.245000  0.20175832E+00
   16.95202761  0.35890328E-01    1.246000  0.20332980E+00
   16.96563276  0.36081477E-01    1.247000  0.20457677E+00
   16.97923792  0.36477540E-01    1.248000  0.20698825E+00
   16.99284308  0.36684939E-01    1.249000  0.20833191E+00
   17.00644824  0.37353899E-01    1.250000  0.21230074E+00
   17.02005340  0.37737763E-01    1.251000  0.21465402E+00
   17.03365856  0.38047226E-01    1.252000  0.21658725E+00
   17.04726372  0.37642656E-01    1.253000  0.21445535E+00
   17.06086887  0.37614355E-01    1.254000  0.21446514E+00
   17.07447403  0.37803238E-01    1.255000  0.21571398E+00
   17.08807919  0.38070664E-01    1.256000  0.21741307E+00
   17.10168435  0.37578615E-01    1.257000  0.21477395E+00
   17.11528951  0.37186244E-01    1.258000  0.21270050E+00
   17.12889467  0.37299256E-01    1.259000  0.21351651E+00
   17.14249983  0.37175162E-01    1.260000  0.21297517E+00
   17.15610498  0.36814924E-01    1.261000  0.21107877E+00
   17.16971014  0.36820755E-01    1.262000  0.21127962E+00
   17.18331530  0.36983271E-01    1.263000  0.21238030E+00
   17.19692046  0.36813454E-01    1.264000  0.21157249E+00
   17.21052562  0.37238279E-01    1.265000  0.21418334E+00
   17.22413078  0.37263114E-01    1.266000  0.21449561E+00
   17.23773594  0.37232375E-01    1.267000  0.21448796E+00
   17.25134109  0.37098021E-01    1.268000  0.21388265E+00
   17.26494625  0.37264940E-01    1.269000  0.21501443E+00
   17.27855141  0.37260272E-01    1.270000  0.21515691E+00
   17.29215657  0.37549645E-01    1.271000  0.21699861E+00
   17.30576173  0.37342611E-01    1.272000  0.21597195E+00
   17.31936689  0.36120995E-01    1.273000  0.20907094E+00
   17.33297205  0.34254987E-01    1.274000  0.19842610E+00
   17.34657720  0.35761128E-01    1.275000  0.20731320E+00
   17.36018236  0.36248217E-01    1.276000  0.21030175E+00
   17.37378752  0.36242421E-01    1.277000  0.21043291E+00
   17.38739268  0.36556633E-01    1.278000  0.21242352E+00
   17.40099784  0.36627391E-01    1.279000  0.21300122E+00
   17.41460300  0.36824709E-01    1.280000  0.21431613E+00
   17.42820816  0.38136447E-01    1.281000  0.22212371E+00
   17.44181331  0.37679001E-01    1.282000  0.21963066E+00
   17.45541847  0.37756268E-01    1.283000  0.22025272E+00
   17.46902363  0.37911311E-01    1.284000  0.22132954E+00
   17.48262879  0.38654673E-01    1.285000  0.22584511E+00
   17.49623395  0.38758122E-01    1.286000  0.22662575E+00
   17.50983911  0.35632072E-01    1.287000  0.20850918E+00
   17.52344427  0.35326556E-01    1.288000  0.20688201E+00
   17.53704942  0.36901540E-01    1.289000  0.21627333E+00
   17.55065458  0.36868044E-01    1.290000  0.21624465E+00
   17.56425974  0.36057073E-01    1.291000  0.21165195E+00
   17.57786490  0.36216078E-01    1.292000  0.21274996E+00
   17.59147006  0.36822441E-01    1.293000  0.21647944E+00
   17.60507522  0.36446558E-01    1.294000  0.21443534E+00
   17.61868038  0.36648645E-01    1.295000  0.21579096E+00
   17.63228553  0.36207880E-01    1.296000  0.21336032E+00
   17.64589069  0.35730302E-01    1.297000  0.21070858E+00
   17.65949585  0.35592028E-01    1.298000  0.21005498E+00
   17.67310101  0.35783202E-01    1.299000  0.21134594E+00
   17.68670617  0.35901796E-01    1.300000  0.21220963E+00
   17.70031133  0.35540349E-01    1.301000  0.21023477E+00
   17.71391649  0.35728513E-01    1.302000  0.21151028E+00
   17.72752164  0.36106180E-01    1.303000  0.21391021E+00
   17.74112680  0.36151128E-01    1.304000  0.21434088E+00
   17.75473196  0.36438257E-01    1.305000  0.21620895E+00
   17.76833712  0.36774433E-01    1.306000  0.21837088E+00
   17.78194228  0.36655115E-01    1.307000  0.21782902E+00
   17.79554744  0.36724325E-01    1.308000  0.21840729E+00
   17.80915260  0.37379267E-01    1.309000  0.22247232E+00
   17.82275776  0.37629674E-01    1.310000  0.22413378E+00
   17.83636291  0.37615726E-01    1.311000  0.22422173E+00
   17.84996807  0.37746939E-01    1.312000  0.22517550E+00
   17.86357323  0.37999538E-01    1.313000  0.22685513E+00
   17.87717839  0.38306892E-01    1.314000  0.22886419E+00
   17.89078355  0.38487683E-01    1.315000  0.23011932E+00
   17.90438871  0.38549894E-01    1.316000  0.23066656E+00
   17.91799387  0.38729755E-01    1.317000  0.23191887E+00
   17.93159902  0.38658235E-01    1.318000  0.23166637E+00
   17.94520418  0.38966069E-01    1.319000  0.23368829E+00
   17.95880934  0.39083343E-01    1.320000  0.23456931E+00
   17.97241450  0.39021857E-01    1.321000  0.23437771E+00
   17.98601966  0.39124691E-01    1.322000  0.23517326E+00
   17.99962482  0.39341571E-01    1.323000  0.23665577E+00
   18.01322998  0.39609622E-01    1.324000  0.23844831E+00
   18.02683513  0.39217526E-01    1.325000  0.23626622E+00
   18.04044029  0.39491071E-01    1.326000  0.23809375E+00
   18.05404545  0.39863884E-01    1.327000  0.24052271E+00
   18.06765061  0.39672334E-01    1.328000  0.23954736E+00
   18.08125577  0.39774308E-01    1.329000  0.24034394E+00
   18.09486093  0.39956976E-01    1.330000  0.24162942E+00
   18.10846609  0.40624447E-01    1.331000  0.24585049E+00
   18.12207124  0.40487509E-01    1.332000  0.24520586E+00
   18.13567640  0.40797648E-01    1.333000  0.24726966E+00
   18.14928156  0.40660708E-01    1.334000  0.24662456E+00
   18.16288672  0.40612735E-01    1.335000  0.24651824E+00
   18.17649188  0.40561847E-01    1.336000  0.24639378E+00
   18.19009704  0.40916038E-01    1.337000  0.24873136E+00
   18.20370220  0.41082031E-01    1.338000  0.24992723E+00
   18.21730735  0.41285849E-01    1.339000  0.25135490E+00
   18.23091251  0.41347882E-01    1.340000  0.25192057E+00
   18.24451767  0.42009327E-01    1.341000  0.25614157E+00
   18.25812283  0.42436276E-01    1.342000  0.25893773E+00
   18.27172799  0.42945133E-01    1.343000  0.26223794E+00
   18.28533315  0.42409581E-01    1.344000  0.25916050E+00
   18.29893831  0.42177076E-01    1.345000  0.25793146E+00
   18.31254346  0.41462230E-01    1.346000  0.25374838E+00
   18.32614862  0.42018112E-01    1.347000  0.25734142E+00
   18.33975378  0.41731429E-01    1.348000  0.25577536E+00
   18.35335894  0.41605643E-01    1.349000  0.25519358E+00
   18.36696410  0.41417878E-01    1.350000  0.25423022E+00
   18.38056926  0.41309254E-01    1.351000  0.25375129E+00
   18.39417442  0.41650749E-01    1.352000  0.25603838E+00
   18.40777957  0.42135909E-01    1.353000  0.25921237E+00
   18.42138473  0.42328160E-01    1.354000  0.26058752E+00
   18.43498989  0.43355861E-01    1.355000  0.26711155E+00
   18.44859505  0.42169914E-01    1.356000  0.25999678E+00
   18.46220021  0.42053829E-01    1.357000  0.25947227E+00
   18.47580537  0.43630345E-01    1.358000  0.26939776E+00
   18.48941053  0.42452711E-01    1.359000  0.26231942E+00
   18.50301568  0.42564743E-01    1.360000  0.26320521E+00
   18.51662084  0.42667525E-01    1.361000  0.26403478E+00
   18.53022600  0.42609337E-01    1.362000  0.26386844E+00
   18.54383116  0.42479786E-01    1.363000  0.26325931E+00
   18.55743632  0.43673581E-01    1.364000  0.27085617E+00
   18.57104148  0.43143983E-01    1.365000  0.26776786E+00
   18.58464664  0.42801786E-01    1.366000  0.26583867E+00
   18.59825179  0.43229907E-01    1.367000  0.26869425E+00
   18.61185695  0.42995860E-01    1.368000  0.26743503E+00
   18.62546211  0.42821389E-01    1.369000  0.26654452E+00
   18.63906727  0.42421838E-01    1.370000  0.26425037E+00
   18.65267243  0.42075296E-01    1.371000  0.26228303E+00
   18.66627759  0.41247491E-01    1.372000  0.25731032E+00
   18.67988275  0.40346623E-01    1.373000  0.25187397E+00
   18.69348790  0.39210297E-01    1.374000  0.24495845E+00
   18.70709306  0.38092032E-01    1.375000  0.23814551E+00
   18.72069822  0.38157735E-01    1.376000  0.23872977E+00
   18.73430338  0.38494583E-01    1.377000  0.24101225E+00
   18.74790854  0.38886261E-01    1.378000  0.24364133E+00
   18.76151370  0.39300150E-01    1.379000  0.24641324E+00
   18.77511886  0.39631009E-01    1.380000  0.24866793E+00
   18.78872402  0.39651830E-01    1.381000  0.24897886E+00
   18.80232917  0.39717139E-01    1.382000  0.24956953E+00
   18.81593433  0.39714729E-01    1.383000  0.24973496E+00
   18.82953949  0.39881329E-01    1.384000  0.25096391E+00
   18.84314465  0.40031945E-01    1.385000  0.25209372E+00
   18.85674981  0.40596282E-01    1.386000  0.25583211E+00
   18.87035497  0.40813028E-01    1.387000  0.25738358E+00
   18.88396013  0.41136432E-01    1.388000  0.25961014E+00
   18.89756528  0.40461759E-01    1.389000  0.25553628E+00
   18.91117044  0.40810862E-01    1.390000  0.25792660E+00
   18.92477560  0.41079519E-01    1.391000  0.25981130E+00
   18.93838076  0.41377532E-01    1.392000  0.26188425E+00
   18.95198592  0.41349481E-01    1.393000  0.26189472E+00
   18.96559108  0.41399210E-01    1.394000  0.26239792E+00
   18.97919624  0.41746369E-01    1.395000  0.26478811E+00
   18.99280139  0.41524263E-01    1.396000  0.26356814E+00
   19.00640655  0.41421679E-01    1.397000  0.26310534E+00
   19.02001171  0.40930000E-01    1.398000  0.26016836E+00
   19.03361687  0.41875686E-01    1.399000  0.26636994E+00
   19.04722203  0.41504734E-01    1.400000  0.26419904E+00
   19.06082719  0.41461064E-01    1.401000  0.26410957E+00
   19.07443235  0.41805166E-01    1.402000  0.26649160E+00
   19.08803750  0.42747269E-01    1.403000  0.27269150E+00
   19.10164266  0.42049056E-01    1.404000  0.26842868E+00
   19.11524782  0.41338364E-01    1.405000  0.26407979E+00
   19.12885298  0.43241583E-01    1.406000  0.27643464E+00
   19.14245814  0.42906858E-01    1.407000  0.27448990E+00
   19.15606330  0.42381171E-01    1.408000  0.27131960E+00
   19.16966846  0.42534625E-01    1.409000  0.27249539E+00
   19.18327361  0.42528391E-01    1.410000  0.27264882E+00
   19.19687877  0.42422702E-01    1.411000  0.27216414E+00
   19.21048393  0.42588701E-01    1.412000  0.27342275E+00
   19.22408909  0.42804537E-01    1.413000  0.27500306E+00
   19.23769425  0.42915109E-01    1.414000  0.27590857E+00
   19.25129941  0.42942980E-01    1.415000  0.27628301E+00
   19.26490457  0.42789607E-01    1.416000  0.27549081E+00
   19.27850972  0.42755604E-01    1.417000  0.27546629E+00
   19.29211488  0.42977180E-01    1.418000  0.27708927E+00
   19.30572004  0.43249202E-01    1.419000  0.27903974E+00
   19.31932520  0.43796017E-01    1.420000  0.28276687E+00
   19.33293036  0.44300897E-01    1.421000  0.28622803E+00
   19.34653552  0.44543426E-01    1.422000  0.28799754E+00
   19.36014068  0.44631291E-01    1.423000  0.28876856E+00
   19.37374583  0.44482483E-01    1.424000  0.28800801E+00
   19.38735099  0.44716309E-01    1.425000  0.28972527E+00
   19.40095615  0.44306077E-01    1.426000  0.28726875E+00
   19.41456131  0.44608048E-01    1.427000  0.28942947E+00
   19.42816647  0.44596451E-01    1.428000  0.28955700E+00
   19.44177163  0.44082662E-01    1.429000  0.28642149E+00
   19.45537679  0.43789911E-01    1.430000  0.28471848E+00
   19.46898194  0.43696956E-01    1.431000  0.28431278E+00
   19.48258710  0.43226999E-01    1.432000  0.28145156E+00
   19.49619226  0.43132415E-01    1.433000  0.28103184E+00
   19.50979742  0.42659643E-01    1.434000  0.27814543E+00
   19.52340258  0.42471139E-01    1.435000  0.27710947E+00
   19.53700774  0.43094820E-01    1.436000  0.28137472E+00
   19.55061290  0.42595600E-01    1.437000  0.27830888E+00
   19.56421805  0.43249695E-01    1.438000  0.28277922E+00
   19.57782321  0.43195381E-01    1.439000  0.28262050E+00
   19.59142837  0.43150260E-01    1.440000  0.28252148E+00
   19.99958313  0.45210203E-01    1.470000  0.30217557E+00
   24.99947891  0.50986322E-01    1.837500  0.42597743E+00
   29.99937469  0.51814403E-01    2.205000  0.51947500E+00
   34.99927048  0.47691711E-01    2.572500  0.55783254E+00
   39.99916626  0.44599017E-01    2.940000  0.59618106E+00
   44.99906204  0.41492125E-01    3.307500  0.62398061E+00
   49.99895782  0.38850119E-01    3.675000  0.64916524E+00
   54.99885361  0.37434086E-01    4.042500  0.68805447E+00
   59.99874939  0.36852036E-01    4.410000  0.73893397E+00
   64.99864517  0.35944262E-01    4.777500  0.78079284E+00
   69.99854095  0.34886645E-01    5.145000  0.81611272E+00
   74.99843674  0.33737951E-01    5.512500  0.84561536E+00
   79.99833252  0.32582952E-01    5.880000  0.87111062E+00
   84.99822830  0.31442023E-01    6.247500  0.89314569E+00
   89.99812408  0.30367369E-01    6.615000  0.91336125E+00
   94.99801987  0.29326716E-01    6.982500  0.93106487E+00
   99.99791565  0.28333042E-01    7.350000  0.94686074E+00
  104.99781143  0.27387613E-01    7.717500  0.96102874E+00
  109.99770721  0.26492241E-01    8.085000  0.97387738E+00
  114.99760300  0.25643677E-01    8.452500  0.98553268E+00
  119.99749878  0.24839455E-01    8.820000  0.99613045E+00
  124.99739456  0.24078403E-01    9.187500  0.10058439E+01
  129.99729034  0.23357944E-01    9.555000  0.10147776E+01
  134.99718613  0.22675196E-01    9.922500  0.10230049E+01
