       eV          sigma            Ry          om               in 10^-16                                                                       
   13.36026574  0.17222909E+04    0.982000  0.10989425E+02
   13.37387090  0.71649040E+03    0.983000  0.94583163E+01
   13.38747605  0.64818125E+03    0.984000  0.12977297E+02
   13.40108121  0.59929173E+03    0.985000  0.16085762E+02
   13.41468637  0.44170358E+03    0.986000  0.14868398E+02
   13.42829153  0.46914679E+03    0.987000  0.18991850E+02
   13.44189669  0.80707613E+03    0.988000  0.38176214E+02
   13.45550185  0.84738067E+03    0.989000  0.45861996E+02
   13.46910701  0.88673843E+03    0.990000  0.54039849E+02
   13.48271216  0.93878580E+03    0.991000  0.63614436E+02
   13.49631732  0.98976444E+03    0.992000  0.73819261E+02
   13.50992248  0.10266212E+04    0.993000  0.83569890E+02
   13.52352764  0.10815684E+04    0.994000  0.95419257E+02
   13.53713280  0.93916694E+03    0.995000  0.89261471E+02
   13.55073796  0.92279714E+03    0.996000  0.93999289E+02
   13.56434312  0.90780394E+03    0.997000  0.98663431E+02
   13.57794827  0.89079471E+03    0.998000  0.10289020E+03
   13.59155343  0.89329975E+03    0.999000  0.10927202E+03
   13.60515859  0.90260207E+03    1.000000  0.11656584E+03
   13.61876375  0.87980013E+03    1.001000  0.11962151E+03
   13.63236891  0.85839636E+03    1.002000  0.12256579E+03
   13.64597407  0.86957494E+03    1.003000  0.13009259E+03
   13.65957923  0.98030985E+03    1.004000  0.15334497E+03
   13.67318438  0.92593701E+03    1.005000  0.15115477E+03
   13.70039470  0.90320660E+03    1.007000  0.15976423E+03
   13.71399986  0.91004321E+03    1.008000  0.16718020E+03
   13.75481534  0.88259830E+03    1.011000  0.18019689E+03
   13.76842049  0.85754498E+03    1.012000  0.18093047E+03
   13.78202565  0.82239559E+03    1.013000  0.17912332E+03
   13.79563081  0.84421124E+03    1.014000  0.18963260E+03
   13.80923597  0.85341314E+03    1.015000  0.19752004E+03
   13.82284113  0.84022856E+03    1.016000  0.20019903E+03
   13.83644629  0.84376010E+03    1.017000  0.20679509E+03
   13.85005145  0.85233845E+03    1.018000  0.21471065E+03
   13.86365660  0.80857099E+03    1.019000  0.20919990E+03
   13.87726176  0.79560760E+03    1.020000  0.21127211E+03
   13.89086692  0.73040693E+03    1.021000  0.19893971E+03
   13.90447208  0.74691728E+03    1.022000  0.20853073E+03
   13.91807724  0.72148774E+03    1.023000  0.20635178E+03
   13.93168240  0.72484619E+03    1.024000  0.21225592E+03
   13.94528756  0.73357369E+03    1.025000  0.21981470E+03
   13.95889272  0.74399670E+03    1.026000  0.22801215E+03
   13.97249787  0.72925081E+03    1.027000  0.22846662E+03
   13.98610303  0.73823978E+03    1.028000  0.23631771E+03
   13.99970819  0.73105855E+03    1.029000  0.23900489E+03
   14.01331335  0.72617055E+03    1.030000  0.24235948E+03
   14.02691851  0.73860641E+03    1.031000  0.25154739E+03
   14.04052367  0.74399239E+03    1.032000  0.25845587E+03
   14.05412883  0.74746232E+03    1.033000  0.26475913E+03
   14.06773398  0.76656008E+03    1.034000  0.27675185E+03
   14.08133914  0.78304959E+03    1.035000  0.28804562E+03
   14.09494430  0.77837508E+03    1.036000  0.29163477E+03
   14.10854946  0.79074076E+03    1.037000  0.30166084E+03
   14.12215462  0.80477725E+03    1.038000  0.31250438E+03
   14.13575978  0.79703564E+03    1.039000  0.31493416E+03
   14.14936494  0.78762994E+03    1.040000  0.31658946E+03
   14.16297009  0.79408633E+03    1.041000  0.32460044E+03
   14.17657525  0.79577891E+03    1.042000  0.33071969E+03
   14.19018041  0.79305942E+03    1.043000  0.33499831E+03
   14.20378557  0.79939952E+03    1.044000  0.34312851E+03
   14.21739073  0.79375573E+03    1.045000  0.34611958E+03
   14.23099589  0.79553053E+03    1.046000  0.35231916E+03
   14.24460105  0.79790532E+03    1.047000  0.35881276E+03
   14.25820620  0.78978674E+03    1.048000  0.36054839E+03
   14.27181136  0.78201563E+03    1.049000  0.36233427E+03
   14.28541652  0.77832073E+03    1.050000  0.36593060E+03
   14.29902168  0.77505884E+03    1.051000  0.36968306E+03
   14.31262684  0.77555634E+03    1.052000  0.37520980E+03
   14.32623200  0.76500974E+03    1.053000  0.37532493E+03
   14.33983716  0.76072155E+03    1.054000  0.37840935E+03
   14.35344231  0.75430632E+03    1.055000  0.38036271E+03
   14.36704747  0.75518095E+03    1.056000  0.38595423E+03
   14.38065263  0.76438192E+03    1.057000  0.39586985E+03
   14.39425779  0.78157668E+03    1.058000  0.41010544E+03
   14.40786295  0.77846448E+03    1.059000  0.41378170E+03
   14.42146811  0.78571163E+03    1.060000  0.42299253E+03
   14.43507327  0.78950924E+03    1.061000  0.43042160E+03
   14.44867842  0.79871592E+03    1.062000  0.44088826E+03
   14.46228358  0.80876766E+03    1.063000  0.45195274E+03
   14.47588874  0.80777347E+03    1.064000  0.45690634E+03
   14.48949390  0.81069274E+03    1.065000  0.46408667E+03
   14.50309906  0.81269583E+03    1.066000  0.47077610E+03
   14.51670422  0.80482073E+03    1.067000  0.47170327E+03
   14.53030938  0.80231785E+03    1.068000  0.47570830E+03
   14.54391453  0.80534787E+03    1.069000  0.48299748E+03
   14.55751969  0.81099029E+03    1.070000  0.49191257E+03
   14.57112485  0.81242761E+03    1.071000  0.49832530E+03
   14.58473001  0.81829057E+03    1.072000  0.50750241E+03
   14.59833517  0.81916740E+03    1.073000  0.51363310E+03
   14.61194033  0.81839671E+03    1.074000  0.51873149E+03
   14.62554549  0.81400622E+03    1.075000  0.52150031E+03
   14.63915064  0.81395760E+03    1.076000  0.52702051E+03
   14.65275580  0.81401734E+03    1.077000  0.53261095E+03
   14.66636096  0.81434255E+03    1.078000  0.53837771E+03
   14.67996612  0.81435531E+03    1.079000  0.54394021E+03
   14.69357128  0.81505514E+03    1.080000  0.54996649E+03
   14.70717644  0.81367289E+03    1.081000  0.55458321E+03
   14.72078160  0.81506592E+03    1.082000  0.56109158E+03
   14.73438675  0.81332476E+03    1.083000  0.56544000E+03
   14.74799191  0.81329561E+03    1.084000  0.57096657E+03
   14.76159707  0.81201761E+03    1.085000  0.57560748E+03
   14.77520223  0.81117704E+03    1.086000  0.58054402E+03
   14.78880739  0.81418358E+03    1.087000  0.58824863E+03
   14.80241255  0.81524654E+03    1.088000  0.59457676E+03
   14.81601771  0.81276335E+03    1.089000  0.59830892E+03
   14.82962286  0.80913152E+03    1.090000  0.60115382E+03
   14.84322802  0.80739140E+03    1.091000  0.60536754E+03
   14.85683318  0.80595158E+03    1.092000  0.60978474E+03
   14.87043834  0.80519260E+03    1.093000  0.61470206E+03
   14.88404350  0.80440975E+03    1.094000  0.61959065E+03
   14.89764866  0.80282894E+03    1.095000  0.62384849E+03
   14.91125382  0.80531171E+03    1.096000  0.63127014E+03
   14.92485898  0.80581295E+03    1.097000  0.63715886E+03
   14.93846413  0.80337614E+03    1.098000  0.64071125E+03
   14.95206929  0.80433481E+03    1.099000  0.64696153E+03
   14.96567445  0.80323525E+03    1.100000  0.65155533E+03
   14.97927961  0.80048092E+03    1.101000  0.65478055E+03
   14.99288477  0.79975283E+03    1.102000  0.65963946E+03
   15.00648993  0.79920892E+03    1.103000  0.66464160E+03
   15.02009509  0.79701176E+03    1.104000  0.66825016E+03
   15.03370024  0.79712851E+03    1.105000  0.67378462E+03
   15.04730540  0.79468786E+03    1.106000  0.67714155E+03
   15.06091056  0.79446463E+03    1.107000  0.68236975E+03
   15.07451572  0.79453040E+03    1.108000  0.68784509E+03
   15.08812088  0.79161023E+03    1.109000  0.69071596E+03
   15.10172604  0.78896920E+03    1.110000  0.69379247E+03
   15.11533120  0.78810358E+03    1.111000  0.69840629E+03
   15.12893635  0.78582164E+03    1.112000  0.70174352E+03
   15.14254151  0.78414820E+03    1.113000  0.70559718E+03
   15.15614667  0.78293038E+03    1.114000  0.70984109E+03
   15.16975183  0.78160760E+03    1.115000  0.71397251E+03
   15.18335699  0.77875768E+03    1.116000  0.71668048E+03
   15.19696215  0.77521402E+03    1.117000  0.71870641E+03
   15.21056731  0.77160197E+03    1.118000  0.72062013E+03
   15.22417246  0.76841507E+03    1.119000  0.72288454E+03
   15.23777762  0.76598366E+03    1.120000  0.72582135E+03
   15.25138278  0.76213284E+03    1.121000  0.72737034E+03
   15.26498794  0.75996774E+03    1.122000  0.73048712E+03
   15.27859310  0.75920773E+03    1.123000  0.73493454E+03
   15.29219826  0.75387094E+03    1.124000  0.73490992E+03
   15.30580342  0.75066061E+03    1.125000  0.73689999E+03
   15.31940857  0.74790564E+03    1.126000  0.73929638E+03
   15.33301373  0.74552815E+03    1.127000  0.74203091E+03
   15.34661889  0.74579166E+03    1.128000  0.74737963E+03
   15.36022405  0.74575351E+03    1.129000  0.75242758E+03
   15.37382921  0.75072412E+03    1.130000  0.76256276E+03
   15.38743437  0.75150301E+03    1.131000  0.76847933E+03
   15.40103953  0.75278638E+03    1.132000  0.77492584E+03
   15.41464468  0.75522832E+03    1.133000  0.78259040E+03
   15.42824984  0.75600911E+03    1.134000  0.78855561E+03
   15.44185500  0.75709059E+03    1.135000  0.79484715E+03
   15.45546016  0.75677965E+03    1.136000  0.79968209E+03
   15.46906532  0.75707997E+03    1.137000  0.80516287E+03
   15.48267048  0.75523443E+03    1.138000  0.80835097E+03
   15.50988079  0.75412527E+03    1.140000  0.81745036E+03
   15.52348595  0.75217927E+03    1.141000  0.82047096E+03
   15.53709111  0.75098852E+03    1.142000  0.82429399E+03
   15.55069627  0.75003978E+03    1.143000  0.82836806E+03
   15.56430143  0.74678111E+03    1.144000  0.82986227E+03
   15.57790659  0.74624483E+03    1.145000  0.83435586E+03
   15.59151175  0.74399959E+03    1.146000  0.83691975E+03
   15.60511690  0.74369434E+03    1.147000  0.84164851E+03
   15.61872206  0.74082956E+03    1.148000  0.84345901E+03
   15.63232722  0.73897816E+03    1.149000  0.84639110E+03
   15.64593238  0.73813739E+03    1.150000  0.85046237E+03
   15.65953754  0.73953761E+03    1.151000  0.85711945E+03
   15.67314270  0.73763301E+03    1.152000  0.85994284E+03
   15.68674786  0.73655707E+03    1.153000  0.86371195E+03
   15.70035301  0.73571445E+03    1.154000  0.86774158E+03
   15.71395817  0.73559428E+03    1.155000  0.87261675E+03
   15.72756333  0.73456721E+03    1.156000  0.87640825E+03
   15.74116849  0.73238927E+03    1.157000  0.87880480E+03
   15.75477365  0.73024669E+03    1.158000  0.88121431E+03
   15.76837881  0.72888041E+03    1.159000  0.88453668E+03
   15.78198397  0.72750321E+03    1.160000  0.88782708E+03
   15.79558912  0.72561194E+03    1.161000  0.89046784E+03
   15.80919428  0.72530146E+03    1.162000  0.89503352E+03
   15.82279944  0.72344993E+03    1.163000  0.89768277E+03
   15.83640460  0.72188717E+03    1.164000  0.90066705E+03
   15.85000976  0.71988087E+03    1.165000  0.90307361E+03
   15.86361492  0.71914740E+03    1.166000  0.90705821E+03
   15.87722008  0.71634635E+03    1.167000  0.90841088E+03
   15.89082524  0.71517136E+03    1.168000  0.91179846E+03
   15.90443039  0.71229877E+03    1.169000  0.91299411E+03
   15.91803555  0.70991431E+03    1.170000  0.91477957E+03
   15.93164071  0.70941807E+03    1.171000  0.91897849E+03
   15.94524587  0.70805191E+03    1.172000  0.92203783E+03
   15.95885103  0.70624114E+03    1.173000  0.92449651E+03
   15.97245619  0.70539206E+03    1.174000  0.92819594E+03
   15.98606135  0.70581522E+03    1.175000  0.93356656E+03
   15.99966650  0.70448816E+03    1.176000  0.93661603E+03
   16.01327166  0.70320198E+03    1.177000  0.93970204E+03
   16.02687682  0.70179923E+03    1.178000  0.94261392E+03
   16.04048198  0.69903571E+03    1.179000  0.94366969E+03
   16.05408714  0.69792622E+03    1.180000  0.94693191E+03
   16.06769230  0.69727461E+03    1.181000  0.95080337E+03
   16.08129746  0.69532679E+03    1.182000  0.95288959E+03
   16.09490261  0.69310488E+03    1.183000  0.95457175E+03
   16.10850777  0.69199857E+03    1.184000  0.95776767E+03
   16.12211293  0.69077442E+03    1.185000  0.96078458E+03
   16.13571809  0.68994579E+03    1.186000  0.96433762E+03
   16.14932325  0.68880896E+03    1.187000  0.96744649E+03
   16.16292841  0.68762457E+03    1.188000  0.97047272E+03
   16.17653357  0.68595289E+03    1.189000  0.97279174E+03
   16.19013872  0.68414497E+03    1.190000  0.97489382E+03
   16.20374388  0.68215864E+03    1.191000  0.97671580E+03
   16.21734904  0.68160292E+03    1.192000  0.98056878E+03
   16.23095420  0.68053811E+03    1.193000  0.98367832E+03
   16.24455936  0.67909883E+03    1.194000  0.98622952E+03
   16.25816452  0.67798379E+03    1.195000  0.98923416E+03
   16.27176968  0.67648287E+03    1.196000  0.99165795E+03
   16.28537483  0.67465301E+03    1.197000  0.99357682E+03
   16.29897999  0.67290481E+03    1.198000  0.99559154E+03
   16.31258515  0.67042143E+03    1.199000  0.99648968E+03
   16.32619031  0.66943173E+03    1.200000  0.99958428E+03
   16.33979547  0.66881397E+03    1.201000  0.10032233E+04
   16.35340063  0.66657347E+03    1.202000  0.10044087E+04
   16.36700579  0.66481535E+03    1.203000  0.10062937E+04
   16.39421610  0.66106711E+03    1.205000  0.10096374E+04
   16.40782126  0.65832342E+03    1.206000  0.10099369E+04
   16.42142642  0.65616952E+03    1.207000  0.10111078E+04
   16.43503158  0.65363932E+03    1.208000  0.10116669E+04
   16.44863674  0.65161885E+03    1.209000  0.10129839E+04
   16.46224190  0.65014223E+03    1.210000  0.10151225E+04
   16.47584705  0.64774115E+03    1.211000  0.10157912E+04
   16.48945221  0.64585443E+03    1.212000  0.10172373E+04
   16.50305737  0.64365627E+03    1.213000  0.10181650E+04
   16.51666253  0.64113632E+03    1.214000  0.10185515E+04
   16.53026769  0.63999499E+03    1.215000  0.10211032E+04
   16.54387285  0.63717500E+03    1.216000  0.10209496E+04
   16.55747801  0.63498210E+03    1.217000  0.10217666E+04
   16.57108316  0.63322078E+03    1.218000  0.10232511E+04
   16.58468832  0.63067821E+03    1.219000  0.10234438E+04
   16.59829348  0.62755543E+03    1.220000  0.10226563E+04
   16.61189864  0.62518355E+03    1.221000  0.10230550E+04
   16.62550380  0.62309536E+03    1.222000  0.10238875E+04
   16.63910896  0.61976732E+03    1.223000  0.10226457E+04
   16.65271412  0.61738171E+03    1.224000  0.10229200E+04
   16.67992443  0.61461643E+03    1.226000  0.10267219E+04
   16.69352959  0.61450536E+03    1.227000  0.10307274E+04
   16.70713475  0.61523692E+03    1.228000  0.10361505E+04
   16.72073991  0.61510922E+03    1.229000  0.10401306E+04
   16.73434507  0.61437204E+03    1.230000  0.10430742E+04
   16.74795023  0.61409055E+03    1.231000  0.10467845E+04
   16.76155538  0.61356046E+03    1.232000  0.10500655E+04
   16.77516054  0.61194323E+03    1.233000  0.10514713E+04
   16.78876570  0.61051292E+03    1.234000  0.10531775E+04
   16.80237086  0.60961736E+03    1.235000  0.10557903E+04
   16.81597602  0.60903227E+03    1.236000  0.10589307E+04
   16.82958118  0.60812726E+03    1.237000  0.10615047E+04
   16.84318634  0.60715539E+03    1.238000  0.10639492E+04
   16.85679150  0.60677930E+03    1.239000  0.10674285E+04
   16.87039665  0.60589336E+03    1.240000  0.10700023E+04
   16.88400181  0.60488349E+03    1.241000  0.10723443E+04
   16.89760697  0.60438725E+03    1.242000  0.10755866E+04
   16.91121213  0.60391910E+03    1.243000  0.10788723E+04
   16.92481729  0.60233493E+03    1.244000  0.10801503E+04
   16.93842245  0.60058499E+03    1.245000  0.10811083E+04
   16.95202761  0.59888313E+03    1.246000  0.10821293E+04
   16.96563276  0.59800428E+03    1.247000  0.10846198E+04
   16.97923792  0.59692966E+03    1.248000  0.10867419E+04
   16.99284308  0.59561571E+03    1.249000  0.10884120E+04
   17.00644824  0.59445170E+03    1.250000  0.10903392E+04
   17.02005340  0.59338660E+03    1.251000  0.10924326E+04
   17.03365856  0.59242682E+03    1.252000  0.10947061E+04
   17.04726372  0.59107952E+03    1.253000  0.10962478E+04
   17.06086887  0.59036488E+03    1.254000  0.10989488E+04
   17.07447403  0.58946802E+03    1.255000  0.11012996E+04
   17.08807919  0.58848201E+03    1.256000  0.11034710E+04
   17.10168435  0.58793647E+03    1.257000  0.11064579E+04
   17.11528951  0.58723175E+03    1.258000  0.11091367E+04
   17.12889467  0.58612173E+03    1.259000  0.11110376E+04
   17.14249983  0.58555967E+03    1.260000  0.11139658E+04
   17.15610498  0.58455741E+03    1.261000  0.11160459E+04
   17.16971014  0.58369015E+03    1.262000  0.11183710E+04
   17.18331530  0.58350803E+03    1.263000  0.11220017E+04
   17.19692046  0.58277908E+03    1.264000  0.11245747E+04
   17.21052562  0.58185800E+03    1.265000  0.11267657E+04
   17.22413078  0.58130092E+03    1.266000  0.11296515E+04
   17.23773594  0.58040817E+03    1.267000  0.11318751E+04
   17.25134109  0.57971189E+03    1.268000  0.11344710E+04
   17.26494625  0.57884236E+03    1.269000  0.11367172E+04
   17.27855141  0.57873391E+03    1.270000  0.11404513E+04
   17.29215657  0.57796292E+03    1.271000  0.11428738E+04
   17.30576173  0.57702905E+03    1.272000  0.11449626E+04
   17.31936689  0.58253785E+03    1.273000  0.11598664E+04
   17.33297205  0.58125168E+03    1.274000  0.11612698E+04
   17.34657720  0.58047687E+03    1.275000  0.11636808E+04
   17.36018236  0.57938513E+03    1.276000  0.11654437E+04
   17.37378752  0.57874771E+03    1.277000  0.11681087E+04
   17.38739268  0.57759043E+03    1.278000  0.11697122E+04
   17.40099784  0.57696480E+03    1.279000  0.11723802E+04
   17.41460300  0.57616589E+03    1.280000  0.11746864E+04
   17.42820816  0.57494598E+03    1.281000  0.11761205E+04
   17.44181331  0.57372220E+03    1.282000  0.11775300E+04
   17.45541847  0.57252279E+03    1.283000  0.11789730E+04
   17.46902363  0.57218218E+03    1.284000  0.11821740E+04
   17.48262879  0.57108599E+03    1.285000  0.11838041E+04
   17.49623395  0.57054874E+03    1.286000  0.11865817E+04
   17.50983911  0.57007482E+03    1.287000  0.11894841E+04
   17.52344427  0.56833589E+03    1.288000  0.11897319E+04
   17.53704942  0.56704835E+03    1.289000  0.11909040E+04
   17.55065458  0.56595182E+03    1.290000  0.11924610E+04
   17.56425974  0.56503822E+03    1.291000  0.11943897E+04
   17.57786490  0.56416604E+03    1.292000  0.11963938E+04
   17.59147006  0.56280464E+03    1.293000  0.11973452E+04
   17.60507522  0.56157578E+03    1.294000  0.11985609E+04
   17.61868038  0.56060952E+03    1.295000  0.12003221E+04
   17.63228553  0.55919557E+03    1.296000  0.12011085E+04
   17.64589069  0.55831578E+03    1.297000  0.12030266E+04
   17.65949585  0.55720768E+03    1.298000  0.12044392E+04
   17.67310101  0.55619136E+03    1.299000  0.12060357E+04
   17.68670617  0.55498139E+03    1.300000  0.12071971E+04
   17.70031133  0.55393256E+03    1.301000  0.12086936E+04
   17.71391649  0.55282785E+03    1.302000  0.12100535E+04
   17.72752164  0.55152323E+03    1.303000  0.12109594E+04
   17.74112680  0.55046470E+03    1.304000  0.12123895E+04
   17.75473196  0.54895157E+03    1.305000  0.12128008E+04
   17.76833712  0.54766484E+03    1.306000  0.12136932E+04
   17.78194228  0.54693293E+03    1.307000  0.12158014E+04
   17.79554744  0.54562773E+03    1.308000  0.12166213E+04
   17.80915260  0.54424706E+03    1.309000  0.12172546E+04
   17.82275776  0.54280841E+03    1.310000  0.12177390E+04
   17.83636291  0.54199953E+03    1.311000  0.12196209E+04
   17.84996807  0.54028555E+03    1.312000  0.12194489E+04
   17.86357323  0.53922071E+03    1.313000  0.12207231E+04
   17.87717839  0.53803169E+03    1.314000  0.12217008E+04
   17.89078355  0.53683442E+03    1.315000  0.12226435E+04
   17.90438871  0.53574263E+03    1.316000  0.12238108E+04
   17.91799387  0.53438066E+03    1.317000  0.12243442E+04
   17.93159902  0.53304322E+03    1.318000  0.12249154E+04
   17.94520418  0.53086456E+03    1.319000  0.12235295E+04
   17.95880934  0.52908385E+03    1.320000  0.12230338E+04
   17.97241450  0.52700535E+03    1.321000  0.12218234E+04
   17.98601966  0.52557123E+03    1.322000  0.12220830E+04
   17.99962482  0.52368513E+03    1.323000  0.12212690E+04
   18.01322998  0.52179247E+03    1.324000  0.12204139E+04
   18.02683513  0.52002826E+03    1.325000  0.12198343E+04
   18.04044029  0.51913683E+03    1.326000  0.12212839E+04
   18.05404545  0.51772428E+03    1.327000  0.12214918E+04
   18.06765061  0.51665137E+03    1.328000  0.12224841E+04
   18.08125577  0.51537123E+03    1.329000  0.12229700E+04
   18.09486093  0.51421091E+03    1.330000  0.12237236E+04
   18.10846609  0.51280054E+03    1.331000  0.12238646E+04
   18.12207124  0.51103853E+03    1.332000  0.12231447E+04
   18.13567640  0.50982696E+03    1.333000  0.12237220E+04
   18.14928156  0.50834188E+03    1.334000  0.12236244E+04
   18.16288672  0.50705609E+03    1.335000  0.12239876E+04
   18.17649188  0.50569769E+03    1.336000  0.12241575E+04
   18.19009704  0.50439425E+03    1.337000  0.12244423E+04
   18.20370220  0.50297205E+03    1.338000  0.12244202E+04
   18.21730735  0.50184892E+03    1.339000  0.12251088E+04
   18.23091251  0.50049104E+03    1.340000  0.12252074E+04
   18.24451767  0.49918987E+03    1.341000  0.12254267E+04
   18.25812283  0.49803549E+03    1.342000  0.12259896E+04
   18.27172799  0.49646383E+03    1.343000  0.12255067E+04
   18.28533315  0.49556540E+03    1.344000  0.12266688E+04
   18.29893831  0.49453601E+03    1.345000  0.12274936E+04
   18.31254346  0.49417561E+03    1.346000  0.12299694E+04
   18.32614862  0.49413150E+03    1.347000  0.12332297E+04
   18.33975378  0.49304715E+03    1.348000  0.12338861E+04
   18.35335894  0.49351986E+03    1.349000  0.12384350E+04
   18.36696410  0.49245703E+03    1.350000  0.12391266E+04
   18.38056926  0.49239023E+03    1.351000  0.12423167E+04
   18.39417442  0.49186787E+03    1.352000  0.12443534E+04
   18.40777957  0.49106944E+03    1.353000  0.12456827E+04
   18.42138473  0.49048993E+03    1.354000  0.12475579E+04
   18.43498989  0.48986529E+03    1.355000  0.12493101E+04
   18.44859505  0.48940388E+03    1.356000  0.12514712E+04
   18.46220021  0.48875288E+03    1.357000  0.12531399E+04
   18.47580537  0.48811316E+03    1.358000  0.12548287E+04
   18.48941053  0.48733381E+03    1.359000  0.12561489E+04
   18.50301568  0.48658973E+03    1.360000  0.12575496E+04
   18.51662084  0.48587705E+03    1.361000  0.12590215E+04
   18.53022600  0.48502069E+03    1.362000  0.12601104E+04
   18.54383116  0.48456510E+03    1.363000  0.12622316E+04
   18.55743632  0.48371718E+03    1.364000  0.12633219E+04
   18.57104148  0.48330234E+03    1.365000  0.12655347E+04
   18.58464664  0.48315927E+03    1.366000  0.12684553E+04
   18.59825179  0.48265693E+03    1.367000  0.12704283E+04
   18.61185695  0.48165828E+03    1.368000  0.12710847E+04
   18.62546211  0.48096767E+03    1.369000  0.12725425E+04
   18.63906727  0.48047375E+03    1.370000  0.12745126E+04
   18.65267243  0.47975404E+03    1.371000  0.12758755E+04
   18.66627759  0.47943497E+03    1.372000  0.12782968E+04
   18.67988275  0.47870482E+03    1.373000  0.12796149E+04
   18.69348790  0.47802309E+03    1.374000  0.12810528E+04
   18.70709306  0.53989498E+03    1.375000  0.14505453E+04
   18.72069822  0.47627137E+03    1.376000  0.12828549E+04
   18.73430338  0.47613811E+03    1.377000  0.12857433E+04
   18.74790854  0.47530205E+03    1.378000  0.12867273E+04
   18.76151370  0.47471051E+03    1.379000  0.12883635E+04
   18.77511886  0.47374244E+03    1.380000  0.12889672E+04
   18.78872402  0.47292224E+03    1.381000  0.12899610E+04
   18.80232917  0.47237767E+03    1.382000  0.12916973E+04
   18.81593433  0.50766834E+03    1.383000  0.13916606E+04
   18.82953949  0.47076385E+03    1.384000  0.12937058E+04
   18.84314465  0.47024122E+03    1.385000  0.12954767E+04
   18.85674981  0.46957725E+03    1.386000  0.12968501E+04
   18.87035497  0.46921807E+03    1.387000  0.12990583E+04
   18.88396013  0.46823804E+03    1.388000  0.12995385E+04
   18.89756528  0.46775001E+03    1.389000  0.13013742E+04
   18.91117044  0.46686359E+03    1.390000  0.13020921E+04
   18.92477560  0.46636081E+03    1.391000  0.13038705E+04
   18.93838076  0.46554324E+03    1.392000  0.13047598E+04
   18.95198592  0.46508106E+03    1.393000  0.13066364E+04
   18.96559108  0.46576758E+03    1.394000  0.13117418E+04
   18.97919624  0.46400112E+03    1.395000  0.13099315E+04
   18.99280139  0.46342377E+03    1.396000  0.13114622E+04
   19.00640655  0.46272130E+03    1.397000  0.13126301E+04
   19.02001171  0.46238522E+03    1.398000  0.13148303E+04
   19.03361687  0.49566956E+03    1.399000  0.14128576E+04
   19.04722203  0.46126735E+03    1.400000  0.13179434E+04
   19.06082719  0.46086546E+03    1.401000  0.13199383E+04
   19.07443235  0.46012979E+03    1.402000  0.13209695E+04
   19.08803750  0.45981806E+03    1.403000  0.13232106E+04
   19.10164266  0.45906190E+03    1.404000  0.13241655E+04
   19.11524782  0.45857496E+03    1.405000  0.13258885E+04
   19.12885298  0.45781959E+03    1.406000  0.13268269E+04
   19.14245814  0.45737431E+03    1.407000  0.13286558E+04
   19.15606330  0.45656505E+03    1.408000  0.13294188E+04
   19.16966846  0.45603930E+03    1.409000  0.13309982E+04
   19.18327361  0.45549542E+03    1.410000  0.13325174E+04
   19.19687877  0.45472787E+03    1.411000  0.13333733E+04
   19.21048393  0.45401314E+03    1.412000  0.13343740E+04
   19.22408909  0.45368126E+03    1.413000  0.13364928E+04
   19.23769425  0.45310322E+03    1.414000  0.13378802E+04
   19.25129941  0.45235585E+03    1.415000  0.13387586E+04
   19.26490457  0.45203783E+03    1.416000  0.13409004E+04
   19.27850972  0.45147961E+03    1.417000  0.13423237E+04
   19.29211488  0.45060898E+03    1.418000  0.13428084E+04
   19.30572004  0.44987979E+03    1.419000  0.13437037E+04
   19.31932520  0.44958517E+03    1.420000  0.13458900E+04
   19.33293036  0.44875241E+03    1.421000  0.13464576E+04
   19.34653552  0.44815723E+03    1.422000  0.13477283E+04
   19.36014068  0.44739586E+03    1.423000  0.13484900E+04
   19.37374583  0.44667673E+03    1.424000  0.13493689E+04
   19.38735099  0.44601144E+03    1.425000  0.13504010E+04
   19.40095615  0.44536024E+03    1.426000  0.13514668E+04
   19.41456131  0.48044250E+03    1.427000  0.14612023E+04
   19.42816647  0.44392129E+03    1.428000  0.13531555E+04
   19.44177163  0.44317516E+03    1.429000  0.13539037E+04
   19.45537679  0.44259831E+03    1.430000  0.13551600E+04
   19.46898194  0.44142313E+03    1.431000  0.13545724E+04
   19.48258710  0.44087951E+03    1.432000  0.13559111E+04
   19.49619226  0.44031954E+03    1.433000  0.13571920E+04
   19.50979742  0.44262970E+03    1.434000  0.13673314E+04
   19.52340258  0.53681350E+03    1.435000  0.16619366E+04
   19.53700774  0.43792534E+03    1.436000  0.13587726E+04
   19.55061290  0.43699002E+03    1.437000  0.13588509E+04
   19.56421805  0.43626712E+03    1.438000  0.13595784E+04
   19.57782321  0.43519164E+03    1.439000  0.13591949E+04
   19.59142837  0.43434140E+03    1.440000  0.13595017E+04
   19.99958313  0.41592239E+03    1.470000  0.13869498E+04
   24.99947891  0.25049200E+03    1.837500  0.14631383E+04
   29.99937469  0.17915095E+03    2.205000  0.14954589E+04
   34.99927048  0.14184789E+03    2.572500  0.15396030E+04
   39.99916626  0.11958323E+03    2.940000  0.15976706E+04
   44.99906204  0.10275993E+03    3.307500  0.16304656E+04
   49.99895782  0.89017299E+02    3.675000  0.16355297E+04
   54.99885361  0.75401638E+02    4.042500  0.15743552E+04
   59.99874939  0.64554773E+02    4.410000  0.15096786E+04
   64.99864517  0.56592176E+02    4.777500  0.14653091E+04
   69.99854095  0.50730825E+02    5.145000  0.14406973E+04
   74.99843674  0.46233439E+02    5.512500  0.14288572E+04
   79.99833252  0.42622144E+02    5.880000  0.14240782E+04
   84.99822830  0.39658518E+02    6.247500  0.14244594E+04
   89.99812408  0.37212480E+02    6.615000  0.14298725E+04
   94.99801987  0.35118697E+02    6.982500  0.14374421E+04
   99.99791565  0.33277666E+02    7.350000  0.14454948E+04
  104.99781143  0.31676419E+02    7.717500  0.14553353E+04
  109.99770721  0.30254441E+02    8.085000  0.14658346E+04
  114.99760300  0.28965171E+02    8.452500  0.14759681E+04
  119.99749878  0.27817062E+02    8.820000  0.14871856E+04
  124.99739456  0.26762263E+02    9.187500  0.14978703E+04
  129.99729034  0.25798245E+02    9.555000  0.15085760E+04
  134.99718613  0.24916877E+02    9.922500  0.15194894E+04
