       eV          sigma            Ry          om               in 10^-16                                                                       
   13.29210580  0.00000000E+00    0.976990  0.00000000E+00
   13.30584510  0.23933580E+01    0.978000  0.10868926E+01
   13.31945026  0.29670440E+01    0.979000  0.13878915E+01
   13.33305542  0.31968358E+01    0.980000  0.15389871E+01
   13.34666058  0.30626513E+01    0.981000  0.15161652E+01
   13.36026574  0.27667961E+01    0.982000  0.14074423E+01
   13.37387090  0.30703123E+01    0.983000  0.16037183E+01
   13.38747605  0.30049759E+01    0.984000  0.16105801E+01
   13.40108121  0.31267849E+01    0.985000  0.17185168E+01
   13.41468637  0.41256776E+01    0.986000  0.23237955E+01
   13.42829153  0.34204063E+01    0.987000  0.19732058E+01
   13.44189669  0.33237818E+01    0.988000  0.19628016E+01
   13.45550185  0.34313712E+01    0.989000  0.20731419E+01
   13.46910701  0.30456131E+01    0.990000  0.18816206E+01
   13.48271216  0.28690615E+01    0.991000  0.18116798E+01
   13.49631732  0.27791215E+01    0.992000  0.17927951E+01
   13.50992248  0.29093073E+01    0.993000  0.19164613E+01
   13.52352764  0.30231830E+01    0.994000  0.20327126E+01
   13.53713280  0.32538417E+01    0.995000  0.22321854E+01
   13.55073796  0.32966838E+01    0.996000  0.23065438E+01
   13.56434312  0.33724725E+01    0.997000  0.24055716E+01
   13.57794827  0.34569161E+01    0.998000  0.25129586E+01
   13.59155343  0.36089666E+01    0.999000  0.26727174E+01
   13.60515859  0.43005874E+01    1.000000  0.32435775E+01
   13.61876375  0.42667573E+01    1.001000  0.32762625E+01
   13.63236891  0.47875813E+01    1.002000  0.37414857E+01
   13.64597407  0.51183492E+01    1.003000  0.40697964E+01
   13.65957923  0.48164993E+01    1.004000  0.38954829E+01
   13.67318438  0.45951965E+01    1.005000  0.37791781E+01
   13.70039470  0.33797989E+01    1.007000  0.28718153E+01
   13.71399986  0.35225294E+01    1.008000  0.30411421E+01
   13.75481534  0.79575762E+01    1.011000  0.71957307E+01
   13.76842049  0.67564204E+01    1.012000  0.62017318E+01
   13.78202565  0.55843978E+01    1.013000  0.52021033E+01
   13.79563081  0.50754520E+01    1.014000  0.47972299E+01
   13.80923597  0.43906724E+01    1.015000  0.42098785E+01
   13.82284113  0.36665492E+01    1.016000  0.35655855E+01
   13.83644629  0.34229703E+01    1.017000  0.33754046E+01
   13.85005145  0.32612954E+01    1.018000  0.32604616E+01
   13.86365660  0.38539659E+01    1.019000  0.39055502E+01
   13.87726176  0.37384761E+01    1.020000  0.38395089E+01
   13.89086692  0.34959382E+01    1.021000  0.36381023E+01
   13.90447208  0.33102311E+01    1.022000  0.34899962E+01
   13.91807724  0.32086315E+01    1.023000  0.34266462E+01
   13.93168240  0.30504656E+01    1.024000  0.32993430E+01
   13.94528756  0.31881308E+01    1.025000  0.34917272E+01
   13.95889272  0.32515951E+01    1.026000  0.36055880E+01
   13.97249787  0.33849540E+01    1.027000  0.37996375E+01
   13.98610303  0.32332904E+01    1.028000  0.36734973E+01
   13.99970819  0.31691144E+01    1.029000  0.36438118E+01
   14.01331335  0.31610108E+01    1.030000  0.36776117E+01
   14.02691851  0.32412752E+01    1.031000  0.38152059E+01
   14.04052367  0.32120422E+01    1.032000  0.38246102E+01
   14.05412883  0.30442760E+01    1.033000  0.36663744E+01
   14.06773398  0.28270373E+01    1.034000  0.34433049E+01
   14.08133914  0.28393155E+01    1.035000  0.34969890E+01
   14.09494430  0.28656588E+01    1.036000  0.35685229E+01
   14.10854946  0.26905271E+01    1.037000  0.33871362E+01
   14.12215462  0.25210596E+01    1.038000  0.32081799E+01
   14.13575978  0.24337904E+01    1.039000  0.31303231E+01
   14.14936494  0.23728529E+01    1.040000  0.30843124E+01
   14.16297009  0.22552923E+01    1.041000  0.29622663E+01
   14.17657525  0.21811108E+01    1.042000  0.28945821E+01
   14.19018041  0.19656924E+01    1.043000  0.26355102E+01
   14.20378557  0.17922604E+01    1.044000  0.24274276E+01
   14.21739073  0.16824922E+01    1.045000  0.23017080E+01
   14.23099589  0.15543777E+01    1.046000  0.21476453E+01
   14.24460105  0.14715231E+01    1.047000  0.20532392E+01
   14.25820620  0.14600943E+01    1.048000  0.20572088E+01
   14.27181136  0.13619765E+01    1.049000  0.19375430E+01
   14.28541652  0.13370982E+01    1.050000  0.19203897E+01
   14.29902168  0.12739692E+01    1.051000  0.18470990E+01
   14.31262684  0.11769225E+01    1.052000  0.17224469E+01
   14.32623200  0.12067739E+01    1.053000  0.17825957E+01
   14.33983716  0.11288552E+01    1.054000  0.16828956E+01
   14.35344231  0.11053530E+01    1.055000  0.16629360E+01
   14.36704747  0.10271675E+01    1.056000  0.15593216E+01
   14.38065263  0.10425575E+01    1.057000  0.15969058E+01
   14.39425779  0.10652362E+01    1.058000  0.16461734E+01
   14.40786295  0.99358206E+00    1.059000  0.15489948E+01
   14.42146811  0.10724351E+01    1.060000  0.16865551E+01
   14.43507327  0.11117829E+01    1.061000  0.17636003E+01
   14.44867842  0.11610325E+01    1.062000  0.18575609E+01
   14.46228358  0.12347571E+01    1.063000  0.19923570E+01
   14.47588874  0.12933421E+01    1.064000  0.21045293E+01
   14.48949390  0.13253028E+01    1.065000  0.21746134E+01
   14.50309906  0.13561657E+01    1.066000  0.22437533E+01
   14.51670422  0.13852859E+01    1.067000  0.23108280E+01
   14.53030938  0.14719110E+01    1.068000  0.24754068E+01
   14.54391453  0.14676506E+01    1.069000  0.24882611E+01
   14.55751969  0.14012431E+01    1.070000  0.23947871E+01
   14.57112485  0.14977607E+01    1.071000  0.25801700E+01
   14.58473001  0.15592221E+01    1.072000  0.27073171E+01
   14.59833517  0.16888343E+01    1.073000  0.29554024E+01
   14.61194033  0.17797735E+01    1.074000  0.31388196E+01
   14.62554549  0.16523150E+01    1.075000  0.29365712E+01
   14.63915064  0.15934583E+01    1.076000  0.28537038E+01
   14.65275580  0.15514311E+01    1.077000  0.27996000E+01
   14.66636096  0.15329250E+01    1.078000  0.27871148E+01
   14.67996612  0.15264195E+01    1.079000  0.27961077E+01
   14.69357128  0.15791390E+01    1.080000  0.29142198E+01
   14.70717644  0.15758628E+01    1.081000  0.29296692E+01
   14.72078160  0.15979751E+01    1.082000  0.29925748E+01
   14.73438675  0.16159327E+01    1.083000  0.30482466E+01
   14.74799191  0.15722170E+01    1.084000  0.29872283E+01
   14.76159707  0.15580246E+01    1.085000  0.29815147E+01
   14.77520223  0.15301893E+01    1.086000  0.29491199E+01
   14.78880739  0.14772596E+01    1.087000  0.28672595E+01
   14.80241255  0.14083949E+01    1.088000  0.27528089E+01
   14.81601771  0.13381226E+01    1.089000  0.26337090E+01
   14.82962286  0.13098014E+01    1.090000  0.25958332E+01
   14.84322802  0.13455967E+01    1.091000  0.26851287E+01
   14.85683318  0.13408707E+01    1.092000  0.26939880E+01
   14.87043834  0.11900040E+01    1.093000  0.24071087E+01
   14.88404350  0.11742547E+01    1.094000  0.23912688E+01
   14.89764866  0.11322065E+01    1.095000  0.23210849E+01
   14.91125382  0.10860399E+01    1.096000  0.22412549E+01
   14.92485898  0.11215988E+01    1.097000  0.23299367E+01
   14.93846413  0.10884301E+01    1.098000  0.22758808E+01
   14.95206929  0.10713139E+01    1.099000  0.22547043E+01
   14.96567445  0.10613564E+01    1.100000  0.22482250E+01
   14.97927961  0.10112669E+01    1.101000  0.21559167E+01
   14.99288477  0.97198469E+00    1.102000  0.20854293E+01
   15.00648993  0.93040680E+00    1.103000  0.20089135E+01
   15.02009509  0.90509952E+00    1.104000  0.19666165E+01
   15.03370024  0.10186870E+01    1.105000  0.22273168E+01
   15.04730540  0.10004258E+01    1.106000  0.22010356E+01
   15.06091056  0.96617491E+00    1.107000  0.21388592E+01
   15.07451572  0.95561294E+00    1.108000  0.21285127E+01
   15.08812088  0.93694812E+00    1.109000  0.20997194E+01
   15.10172604  0.98067358E+00    1.110000  0.22110858E+01
   15.11533120  0.93593896E+00    1.111000  0.21229910E+01
   15.12893635  0.93014811E+00    1.112000  0.21225432E+01
   15.14254151  0.89382626E+00    1.113000  0.20518510E+01
   15.15614667  0.86839889E+00    1.114000  0.20053257E+01
   15.16975183  0.85082466E+00    1.115000  0.19763485E+01
   15.18335699  0.84325815E+00    1.116000  0.19702749E+01
   15.19696215  0.84331028E+00    1.117000  0.19818998E+01
   15.21056731  0.83428582E+00    1.118000  0.19720710E+01
   15.22417246  0.84550961E+00    1.119000  0.20101347E+01
   15.23777762  0.84824480E+00    1.120000  0.20282078E+01
   15.25138278  0.84730286E+00    1.121000  0.20375131E+01
   15.26498794  0.87744730E+00    1.122000  0.21219703E+01
   15.27859310  0.87803254E+00    1.123000  0.21353623E+01
   15.29219826  0.88474174E+00    1.124000  0.21637472E+01
   15.30580342  0.90978643E+00    1.125000  0.22374070E+01
   15.31940857  0.92214261E+00    1.126000  0.22803725E+01
   15.33301373  0.92566959E+00    1.127000  0.23017209E+01
   15.34661889  0.94514393E+00    1.128000  0.23630369E+01
   15.36022405  0.94469492E+00    1.129000  0.23748003E+01
   15.37382921  0.94238957E+00    1.130000  0.23818596E+01
   15.38743437  0.95663683E+00    1.131000  0.24309180E+01
   15.40103953  0.93413419E+00    1.132000  0.23864783E+01
   15.41464468  0.94583115E+00    1.133000  0.24292626E+01
   15.42824984  0.95200842E+00    1.134000  0.24581140E+01
   15.44185500  0.89210810E+00    1.135000  0.23156183E+01
   15.45546016  0.87005641E+00    1.136000  0.22702473E+01
   15.46906532  0.82918763E+00    1.137000  0.21749184E+01
   15.48267048  0.81958074E+00    1.138000  0.21608994E+01
   15.50988079  0.77538619E+00    1.140000  0.20655296E+01
   15.52348595  0.77326782E+00    1.141000  0.20704342E+01
   15.53709111  0.80327356E+00    1.142000  0.21617319E+01
   15.55069627  0.74796602E+00    1.143000  0.20230934E+01
   15.56430143  0.73465035E+00    1.144000  0.19970982E+01
   15.57790659  0.76350315E+00    1.145000  0.20859471E+01
   15.59151175  0.75040456E+00    1.146000  0.20603966E+01
   15.60511690  0.75989714E+00    1.147000  0.20968258E+01
   15.61872206  0.76310014E+00    1.148000  0.21160730E+01
   15.63232722  0.75310257E+00    1.149000  0.20986224E+01
   15.64593238  0.77946875E+00    1.150000  0.21827276E+01
   15.65953754  0.73841616E+00    1.151000  0.20778413E+01
   15.67314270  0.72974798E+00    1.152000  0.20634038E+01
   15.68674786  0.70534420E+00    1.153000  0.20040219E+01
   15.70035301  0.70217601E+00    1.154000  0.20045984E+01
   15.71395817  0.69272655E+00    1.155000  0.19870708E+01
   15.72756333  0.69243987E+00    1.156000  0.19956936E+01
   15.74116849  0.68067388E+00    1.157000  0.19710673E+01
   15.75477365  0.67388060E+00    1.158000  0.19605876E+01
   15.76837881  0.66401184E+00    1.159000  0.19409328E+01
   15.78198397  0.65239066E+00    1.160000  0.19158625E+01
   15.79558912  0.63338772E+00    1.161000  0.18686966E+01
   15.80919428  0.61891504E+00    1.162000  0.18344398E+01
   15.82279944  0.59975534E+00    1.163000  0.17858321E+01
   15.83640460  0.59497271E+00    1.164000  0.17797070E+01
   15.85000976  0.58260262E+00    1.165000  0.17506520E+01
   15.86361492  0.56080850E+00    1.166000  0.16928129E+01
   15.87722008  0.54610996E+00    1.167000  0.16558942E+01
   15.89082524  0.54244769E+00    1.168000  0.16521888E+01
   15.90443039  0.52595156E+00    1.169000  0.16091190E+01
   15.91803555  0.52918314E+00    1.170000  0.16262241E+01
   15.93164071  0.53218980E+00    1.171000  0.16427231E+01
   15.94524587  0.54537451E+00    1.172000  0.16908598E+01
   15.95885103  0.54071623E+00    1.173000  0.16837930E+01
   15.97245619  0.52879436E+00    1.174000  0.16538812E+01
   15.98606135  0.51186417E+00    1.175000  0.16079116E+01
   15.99966650  0.49718955E+00    1.176000  0.15685963E+01
   16.01327166  0.48726195E+00    1.177000  0.15439219E+01
   16.02687682  0.48416949E+00    1.178000  0.15407275E+01
   16.04048198  0.46374666E+00    1.179000  0.14820635E+01
   16.05408714  0.45702544E+00    1.180000  0.14668175E+01
   16.06769230  0.43843567E+00    1.181000  0.14131343E+01
   16.08129746  0.43688321E+00    1.182000  0.14140898E+01
   16.09490261  0.42619343E+00    1.183000  0.13853029E+01
   16.10850777  0.41250426E+00    1.184000  0.13464342E+01
   16.12211293  0.40807043E+00    1.185000  0.13375282E+01
   16.13571809  0.39330398E+00    1.186000  0.12944932E+01
   16.14932325  0.38005130E+00    1.187000  0.12560583E+01
   16.16292841  0.37435893E+00    1.188000  0.12423516E+01
   16.17653357  0.36431521E+00    1.189000  0.12139898E+01
   16.19013872  0.34890593E+00    1.190000  0.11674014E+01
   16.20374388  0.35304814E+00    1.191000  0.11860765E+01
   16.21734904  0.34314888E+00    1.192000  0.11575003E+01
   16.23095420  0.32593133E+00    1.193000  0.11038684E+01
   16.24455936  0.31924766E+00    1.194000  0.10855867E+01
   16.25816452  0.33300318E+00    1.195000  0.11369040E+01
   16.27176968  0.33831100E+00    1.196000  0.11596401E+01
   16.28537483  0.33989235E+00    1.197000  0.11696968E+01
   16.29897999  0.33936322E+00    1.198000  0.11725049E+01
   16.31258515  0.33988666E+00    1.199000  0.11789496E+01
   16.32619031  0.34291200E+00    1.200000  0.11941209E+01
   16.33979547  0.34566198E+00    1.201000  0.12084121E+01
   16.35340063  0.34174581E+00    1.202000  0.11993830E+01
   16.36700579  0.34671754E+00    1.203000  0.12215610E+01
   16.39421610  0.34413707E+00    1.205000  0.12218578E+01
   16.40782126  0.35540413E+00    1.206000  0.12667093E+01
   16.42142642  0.36602056E+00    1.207000  0.13095404E+01
   16.43503158  0.36758750E+00    1.208000  0.13201606E+01
   16.44863674  0.37966430E+00    1.209000  0.13687122E+01
   16.46224190  0.37874392E+00    1.210000  0.13705604E+01
   16.47584705  0.38587412E+00    1.211000  0.14016259E+01
   16.48945221  0.38813977E+00    1.212000  0.14151499E+01
   16.50305737  0.39371500E+00    1.213000  0.14408475E+01
   16.51666253  0.40764063E+00    1.214000  0.14973704E+01
   16.53026769  0.42169981E+00    1.215000  0.15547656E+01
   16.54387285  0.43620184E+00    1.216000  0.16141831E+01
   16.55747801  0.43432197E+00    1.217000  0.16131509E+01
   16.57108316  0.44364180E+00    1.218000  0.16538179E+01
   16.58468832  0.44299915E+00    1.219000  0.16574649E+01
   16.59829348  0.44510206E+00    1.220000  0.16714042E+01
   16.61189864  0.45428648E+00    1.221000  0.17120893E+01
   16.62550380  0.45769056E+00    1.222000  0.17311615E+01
   16.63910896  0.46759730E+00    1.223000  0.17750108E+01
   16.65271412  0.46988860E+00    1.224000  0.17901181E+01
   16.67992443  0.49173957E+00    1.226000  0.18867780E+01
   16.69352959  0.49767209E+00    1.227000  0.19163292E+01
   16.70713475  0.50305587E+00    1.228000  0.19439218E+01
   16.72073991  0.49047241E+00    1.229000  0.19019867E+01
   16.73434507  0.47573544E+00    1.230000  0.18513279E+01
   16.74795023  0.46129903E+00    1.231000  0.18014408E+01
   16.76155538  0.44393111E+00    1.232000  0.17396719E+01
   16.77516054  0.43887586E+00    1.233000  0.17258479E+01
   16.78876570  0.43724545E+00    1.234000  0.17254006E+01
   16.80237086  0.42305175E+00    1.235000  0.16751619E+01
   16.81597602  0.41978431E+00    1.236000  0.16679498E+01
   16.82958118  0.42004237E+00    1.237000  0.16747047E+01
   16.84318634  0.40773472E+00    1.238000  0.16311959E+01
   16.85679150  0.40506471E+00    1.239000  0.16260394E+01
   16.87039665  0.39731507E+00    1.240000  0.16003498E+01
   16.88400181  0.40057728E+00    1.241000  0.16189537E+01
   16.89760697  0.39803724E+00    1.242000  0.16141174E+01
   16.91121213  0.40429953E+00    1.243000  0.16450270E+01
   16.92481729  0.38832311E+00    1.244000  0.15853185E+01
   16.93842245  0.37302181E+00    1.245000  0.15279395E+01
   16.95202761  0.37573891E+00    1.246000  0.15441943E+01
   16.96563276  0.38011348E+00    1.247000  0.15673576E+01
   16.97923792  0.37908528E+00    1.248000  0.15682888E+01
   16.99284308  0.38150699E+00    1.249000  0.15835114E+01
   17.00644824  0.37465240E+00    1.250000  0.15601706E+01
   17.02005340  0.37093773E+00    1.251000  0.15497613E+01
   17.03365856  0.37126135E+00    1.252000  0.15561775E+01
   17.04726372  0.36417101E+00    1.253000  0.15314251E+01
   17.06086887  0.36292688E+00    1.254000  0.15311437E+01
   17.07447403  0.35918070E+00    1.255000  0.15202384E+01
   17.08807919  0.36026100E+00    1.256000  0.15297249E+01
   17.10168435  0.35858181E+00    1.257000  0.15274860E+01
   17.11528951  0.35096918E+00    1.258000  0.14998451E+01
   17.12889467  0.35125557E+00    1.259000  0.15058602E+01
   17.14249983  0.35689917E+00    1.260000  0.15349230E+01
   17.15610498  0.34808538E+00    1.261000  0.15017654E+01
   17.16971014  0.34482625E+00    1.262000  0.14924079E+01
   17.18331530  0.34835197E+00    1.263000  0.15124189E+01
   17.19692046  0.34977240E+00    1.264000  0.15233569E+01
   17.21052562  0.34860524E+00    1.265000  0.15230287E+01
   17.22413078  0.34431519E+00    1.266000  0.15089824E+01
   17.23773594  0.34263412E+00    1.267000  0.15062887E+01
   17.25134109  0.33980621E+00    1.268000  0.14984917E+01
   17.26494625  0.33649531E+00    1.269000  0.14884811E+01
   17.27855141  0.33678380E+00    1.270000  0.14943511E+01
   17.29215657  0.33800962E+00    1.271000  0.15044008E+01
   17.30576173  0.33652443E+00    1.272000  0.15023809E+01
   17.31936689  0.34067218E+00    1.273000  0.15255450E+01
   17.33297205  0.33699186E+00    1.274000  0.15136611E+01
   17.34657720  0.33532419E+00    1.275000  0.15107444E+01
   17.36018236  0.33760988E+00    1.276000  0.15256473E+01
   17.37378752  0.33764173E+00    1.277000  0.15303968E+01
   17.38739268  0.33326367E+00    1.278000  0.15150986E+01
   17.40099784  0.33022143E+00    1.279000  0.15057722E+01
   17.41460300  0.32800473E+00    1.280000  0.15001384E+01
   17.42820816  0.32969113E+00    1.281000  0.15123483E+01
   17.44181331  0.32983447E+00    1.282000  0.15175049E+01
   17.45541847  0.33395265E+00    1.283000  0.15410071E+01
   17.46902363  0.33416795E+00    1.284000  0.15465588E+01
   17.48262879  0.34029462E+00    1.285000  0.15795553E+01
   17.49623395  0.34268181E+00    1.286000  0.15953103E+01
   17.50983911  0.34443361E+00    1.287000  0.16081638E+01
   17.52344427  0.34113437E+00    1.288000  0.15974128E+01
   17.53704942  0.34719406E+00    1.289000  0.16305241E+01
   17.55065458  0.35458930E+00    1.290000  0.16700910E+01
   17.56425974  0.35813381E+00    1.291000  0.16916705E+01
   17.57786490  0.35983034E+00    1.292000  0.17045924E+01
   17.59147006  0.36069447E+00    1.293000  0.17136060E+01
   17.60507522  0.35902088E+00    1.294000  0.17105522E+01
   17.61868038  0.35861663E+00    1.295000  0.17135178E+01
   17.63228553  0.35997625E+00    1.296000  0.17249245E+01
   17.64589069  0.35708499E+00    1.297000  0.17159410E+01
   17.65949585  0.35646234E+00    1.298000  0.17178112E+01
   17.67310101  0.35438019E+00    1.299000  0.17126111E+01
   17.68670617  0.34795743E+00    1.300000  0.16863181E+01
   17.70031133  0.34179909E+00    1.301000  0.16611350E+01
   17.71391649  0.34132054E+00    1.302000  0.16634650E+01
   17.72752164  0.34118018E+00    1.303000  0.16674348E+01
   17.74112680  0.33735208E+00    1.304000  0.16533275E+01
   17.75473196  0.33872356E+00    1.305000  0.16646693E+01
   17.76833712  0.33500745E+00    1.306000  0.16509760E+01
   17.78194228  0.33542314E+00    1.307000  0.16575999E+01
   17.79554744  0.33293389E+00    1.308000  0.16498398E+01
   17.80915260  0.33389985E+00    1.309000  0.16591811E+01
   17.82275776  0.32775892E+00    1.310000  0.16331370E+01
   17.83636291  0.32746586E+00    1.311000  0.16361435E+01
   17.84996807  0.32129090E+00    1.312000  0.16096736E+01
   17.86357323  0.31971075E+00    1.313000  0.16061180E+01
   17.87717839  0.31537367E+00    1.314000  0.15886318E+01
   17.89078355  0.30991161E+00    1.315000  0.15653451E+01
   17.90438871  0.31118485E+00    1.316000  0.15760208E+01
   17.91799387  0.30413701E+00    1.317000  0.15444750E+01
   17.93159902  0.29628826E+00    1.318000  0.15086588E+01
   17.94520418  0.29123912E+00    1.319000  0.14869219E+01
   17.95880934  0.28499215E+00    1.320000  0.14589154E+01
   17.97241450  0.28273252E+00    1.321000  0.14512046E+01
   17.98601966  0.28157063E+00    1.322000  0.14490816E+01
   17.99962482  0.28405790E+00    1.323000  0.14657568E+01
   18.01322998  0.28549596E+00    1.324000  0.14770716E+01
   18.02683513  0.28626636E+00    1.325000  0.14849622E+01
   18.04044029  0.29125736E+00    1.326000  0.15148251E+01
   18.05404545  0.29142801E+00    1.327000  0.15196878E+01
   18.06765061  0.28844727E+00    1.328000  0.15080789E+01
   18.08125577  0.28590702E+00    1.329000  0.14986977E+01
   18.09486093  0.28678834E+00    1.330000  0.15072294E+01
   18.10846609  0.28497876E+00    1.331000  0.15016063E+01
   18.12207124  0.28591621E+00    1.332000  0.15104459E+01
   18.13567640  0.28412230E+00    1.333000  0.15048445E+01
   18.14928156  0.28181275E+00    1.334000  0.14964561E+01
   18.16288672  0.28114774E+00    1.335000  0.14967598E+01
   18.17649188  0.27456327E+00    1.336000  0.14654509E+01
   18.19009704  0.27516924E+00    1.337000  0.14724386E+01
   18.20370220  0.27580909E+00    1.338000  0.14796246E+01
   18.21730735  0.27217553E+00    1.339000  0.14638443E+01
   18.23091251  0.27273056E+00    1.340000  0.14705496E+01
   18.24451767  0.27207416E+00    1.341000  0.14707215E+01
   18.25812283  0.26699524E+00    1.342000  0.14469089E+01
   18.27172799  0.27067024E+00    1.343000  0.14705166E+01
   18.28533315  0.26896018E+00    1.344000  0.14648948E+01
   18.29893831  0.26780462E+00    1.345000  0.14622540E+01
   18.31254346  0.26688339E+00    1.346000  0.14608643E+01
   18.32614862  0.26348373E+00    1.347000  0.14458493E+01
   18.33975378  0.26343095E+00    1.348000  0.14491530E+01
   18.35335894  0.25834569E+00    1.349000  0.14247025E+01
   18.36696410  0.25233060E+00    1.350000  0.13949729E+01
   18.38056926  0.25114783E+00    1.351000  0.13918599E+01
   18.39417442  0.25193016E+00    1.352000  0.13996320E+01
   18.40777957  0.25009590E+00    1.353000  0.13928529E+01
   18.42138473  0.25218138E+00    1.354000  0.14079074E+01
   18.43498989  0.25286345E+00    1.355000  0.14151645E+01
   18.44859505  0.24796606E+00    1.356000  0.13911383E+01
   18.46220021  0.24860328E+00    1.357000  0.13981043E+01
   18.47580537  0.24859996E+00    1.358000  0.14014766E+01
   18.48941053  0.24986935E+00    1.359000  0.14120411E+01
   18.50301568  0.25247469E+00    1.360000  0.14302080E+01
   18.51662084  0.25334163E+00    1.361000  0.14385747E+01
   18.53022600  0.25374667E+00    1.362000  0.14443359E+01
   18.54383116  0.25409254E+00    1.363000  0.14497705E+01
   18.55743632  0.25615052E+00    1.364000  0.14650067E+01
   18.57104148  0.25710148E+00    1.365000  0.14739525E+01
   18.58464664  0.25462994E+00    1.366000  0.14632565E+01
   18.59825179  0.25362011E+00    1.367000  0.14609129E+01
   18.61185695  0.25210988E+00    1.368000  0.14556525E+01
   18.62546211  0.25311847E+00    1.369000  0.14649286E+01
   18.63906727  0.25019965E+00    1.370000  0.14514487E+01
   18.65267243  0.24867492E+00    1.371000  0.14459955E+01
   18.66627759  0.24674126E+00    1.372000  0.14381173E+01
   18.67988275  0.24742277E+00    1.373000  0.14454644E+01
   18.69348790  0.24522025E+00    1.374000  0.14359420E+01
   18.70709306  0.19556644E+01    1.375000  0.11478506E+02
   18.72069822  0.24337963E+00    1.376000  0.14318034E+01
   18.73430338  0.24385261E+00    1.377000  0.14379122E+01
   18.74790854  0.23699975E+00    1.378000  0.14007361E+01
   18.76151370  0.23292790E+00    1.379000  0.13798475E+01
   18.77511886  0.23232741E+00    1.380000  0.13794593E+01
   18.78872402  0.22980242E+00    1.381000  0.13676016E+01
   18.80232917  0.22234488E+00    1.382000  0.13262531E+01
   18.81593433  0.23768502E+00    1.383000  0.14209968E+01
   18.82953949  0.21486487E+00    1.384000  0.12874977E+01
   18.84314465  0.21297565E+00    1.385000  0.12790823E+01
   18.85674981  0.20870901E+00    1.386000  0.12563047E+01
   18.87035497  0.20641611E+00    1.387000  0.12453184E+01
   18.88396013  0.20344928E+00    1.388000  0.12301945E+01
   18.89756528  0.19877873E+00    1.389000  0.12046646E+01
   18.91117044  0.19873300E+00    1.390000  0.12070982E+01
   18.92477560  0.19666430E+00    1.391000  0.11972156E+01
   18.93838076  0.19554503E+00    1.392000  0.11930692E+01
   18.95198592  0.19484774E+00    1.393000  0.11914727E+01
   18.96559108  0.19297247E+00    1.394000  0.11826378E+01
   18.97919624  0.19261736E+00    1.395000  0.11830889E+01
   18.99280139  0.18992420E+00    1.396000  0.11691377E+01
   19.00640655  0.18927088E+00    1.397000  0.11676977E+01
   19.02001171  0.18817519E+00    1.398000  0.11635047E+01
   19.03361687  0.18820395E+00    1.399000  0.11662497E+01
   19.04722203  0.18703673E+00    1.400000  0.11615680E+01
   19.06082719  0.18509095E+00    1.401000  0.11520087E+01
   19.07443235  0.18521173E+00    1.402000  0.11552868E+01
   19.08803750  0.18386676E+00    1.403000  0.11494053E+01
   19.10164266  0.18301018E+00    1.404000  0.11465469E+01
   19.11524782  0.17992035E+00    1.405000  0.11296435E+01
   19.12885298  0.18001516E+00    1.406000  0.11326943E+01
   19.14245814  0.17924728E+00    1.407000  0.11303076E+01
   19.15606330  0.18177044E+00    1.408000  0.11486977E+01
   19.16966846  0.17912352E+00    1.409000  0.11344138E+01
   19.18327361  0.17901136E+00    1.410000  0.11361453E+01
   19.19687877  0.17805083E+00    1.411000  0.11324777E+01
   19.21048393  0.17515740E+00    1.412000  0.11164635E+01
   19.22408909  0.17686081E+00    1.413000  0.11297336E+01
   19.23769425  0.17519053E+00    1.414000  0.11214540E+01
   19.25129941  0.17256392E+00    1.415000  0.11069940E+01
   19.26490457  0.17137260E+00    1.416000  0.11016893E+01
   19.27850972  0.17066901E+00    1.417000  0.10994942E+01
   19.29211488  0.17031746E+00    1.418000  0.10995526E+01
   19.30572004  0.16805377E+00    1.419000  0.10872308E+01
   19.31932520  0.16488982E+00    1.420000  0.10690106E+01
   19.33293036  0.16697461E+00    1.421000  0.10848043E+01
   19.34653552  0.16409801E+00    1.422000  0.10683539E+01
   19.36014068  0.16658697E+00    1.423000  0.10868305E+01
   19.37374583  0.16482919E+00    1.424000  0.10776109E+01
   19.38735099  0.16422341E+00    1.425000  0.10758905E+01
   19.40095615  0.16540414E+00    1.426000  0.10858821E+01
   19.41456131  0.10567889E+01    1.427000  0.69522591E+01
   19.42816647  0.16115138E+00    1.428000  0.10623590E+01
   19.44177163  0.15999856E+00    1.429000  0.10569417E+01
   19.45537679  0.15965228E+00    1.430000  0.10568319E+01
   19.46898194  0.15796426E+00    1.431000  0.10478126E+01
   19.48258710  0.15866286E+00    1.432000  0.10546108E+01
   19.49619226  0.15724933E+00    1.433000  0.10473602E+01
   19.50979742  0.15859326E+00    1.434000  0.10584747E+01
   19.52340258  0.16823488E+01    1.435000  0.11251191E+02
   19.53700774  0.15496917E+00    1.436000  0.10385147E+01
   19.55061290  0.15420862E+00    1.437000  0.10355214E+01
   19.56421805  0.15195001E+00    1.438000  0.10224273E+01
   19.57782321  0.15038452E+00    1.439000  0.10139449E+01
   19.59142837  0.14647489E+00    1.440000  0.98958279E+00
   19.99958313  0.36799618E+01    1.470000  0.26367666E+02
   24.99947891  0.23112359E-01    1.837500  0.28146334E+00
   29.99937469  0.10275516E-01    2.205000  0.17664525E+00
   34.99927048  0.69350720E-02    2.572500  0.15398448E+00
   39.99916626  0.47248821E-02    2.940000  0.12859511E+00
   44.99906204  0.34182440E-02    3.307500  0.11016802E+00
   49.99895782  0.25848650E-02    3.675000  0.96266220E-01
   54.99885361  0.19969716E-02    4.042500  0.84382249E-01
   59.99874939  0.15537153E-02    4.410000  0.73440937E-01
   64.99864517  0.11924597E-02    4.777500  0.62342738E-01
   69.99854095  0.92942512E-03    5.145000  0.53250146E-01
   74.99843674  0.73259382E-03    5.512500  0.45645343E-01
   79.99833252  0.57946221E-03    5.880000  0.39009005E-01
   84.99822830  0.45189073E-03    6.247500  0.32686236E-01
   89.99812408  0.37427132E-03    6.615000  0.28948020E-01
   94.99801987  0.30178907E-03    6.982500  0.24854701E-01
   99.99791565  0.24579458E-03    7.350000  0.21475244E-01
  104.99781143  0.20174917E-03    7.717500  0.18638303E-01
  109.99770721  0.16684490E-03    8.085000  0.16250090E-01
  114.99760300  0.13861597E-03    8.452500  0.14195555E-01
  119.99749878  0.11495441E-03    8.820000  0.12348641E-01
  124.99739456  0.97024583E-04    9.187500  0.10908951E-01
  129.99729034  0.81887272E-04    9.555000  0.96174768E-02
  134.99718613  0.69410000E-04    9.922500  0.84999906E-02
