       eV          sigma            Ry          om               in 10^-16                                                                       
   13.19303956  0.00000000E+00    0.969709  0.00000000E+00
   13.19700383  0.20624500E-04    0.970000  0.99557999E-04
   13.21060899  0.15217056E-03    0.971000  0.73559120E-03
   13.22421415  0.26895991E-03    0.972000  0.13019843E-02
   13.23781931  0.49766032E-03    0.973000  0.24124741E-02
   13.25142447  0.71143944E-03    0.974000  0.34536488E-02
   13.26502963  0.96712093E-03    0.975000  0.47014383E-02
   13.27863479  0.12019132E-02    0.976000  0.58510250E-02
   13.30584510  0.72538188E-03    0.978000  0.35411207E-02
   13.31945026  0.63772545E-03    0.979000  0.31175548E-02
   13.33305542  0.55103135E-03    0.980000  0.26975042E-02
   13.34666058  0.55281452E-03    0.981000  0.27100038E-02
   13.36026574  0.68084376E-03    0.982000  0.33422714E-02
   13.37387090  0.65504840E-03    0.983000  0.32201092E-02
   13.38747605  0.45116813E-03    0.984000  0.22209447E-02
   13.40108121  0.48622202E-03    0.985000  0.23968190E-02
   13.41468637  0.61879891E-03    0.986000  0.30545737E-02
   13.42829153  0.29163933E-03    0.987000  0.14416067E-02
   13.44189669  0.55533637E-03    0.988000  0.27488789E-02
   13.45550185  0.64702151E-03    0.989000  0.32071272E-02
   13.46910701  0.58339775E-03    0.990000  0.28957387E-02
   13.48271216  0.73462020E-03    0.991000  0.36513530E-02
   13.49631732  0.82991636E-03    0.992000  0.41306728E-02
   13.50992248  0.88909118E-03    0.993000  0.44312624E-02
   13.52352764  0.97999983E-03    0.994000  0.48910382E-02
   13.53713280  0.10093690E-02    0.995000  0.50444996E-02
   13.55073796  0.11628571E-02    0.996000  0.58195145E-02
   13.56434312  0.13281662E-02    0.997000  0.66558615E-02
   13.57794827  0.15197047E-02    0.998000  0.76260863E-02
   13.59155343  0.16884645E-02    0.999000  0.84844615E-02
   13.60515859  0.19240147E-02    1.000000  0.96812135E-02
   13.61876375  0.17295121E-02    1.001000  0.87143153E-02
   13.63236891  0.16390838E-02    1.002000  0.82698623E-02
   13.64597407  0.13487560E-02    1.003000  0.68142362E-02
   13.65957923  0.14702669E-02    1.004000  0.74381655E-02
   13.67318438  0.73410327E-03    1.005000  0.37188778E-02
   13.70039470  0.11511525E-02    1.007000  0.58473008E-02
   13.71399986  0.68135358E-03    1.008000  0.34655952E-02
   13.75481534  0.75132913E-03    1.011000  0.38368872E-02
   13.76842049  0.10908900E-02    1.012000  0.55783965E-02
   13.78202565  0.12235778E-02    1.013000  0.62652566E-02
   13.79563081  0.84893088E-03    1.014000  0.43526894E-02
   13.80923597  0.75743058E-03    1.015000  0.38887094E-02
   13.82284113  0.65598697E-03    1.016000  0.33723637E-02
   13.83644629  0.67815601E-03    1.017000  0.34909577E-02
   13.85005145  0.70520052E-03    1.018000  0.36349849E-02
   13.86365660  0.92542577E-03    1.019000  0.47764565E-02
   13.87726176  0.11424891E-02    1.020000  0.59045908E-02
   13.89086692  0.12755219E-02    1.021000  0.66008276E-02
   13.90447208  0.14549834E-02    1.022000  0.75394646E-02
   13.91807724  0.14262950E-02    1.023000  0.74005339E-02
   13.93168240  0.12017982E-02    1.024000  0.62438968E-02
   13.94528756  0.12355042E-02    1.025000  0.64274414E-02
   13.95889272  0.12638648E-02    1.026000  0.65836012E-02
   13.97249787  0.11539929E-02    1.027000  0.60191376E-02
   13.98610303  0.14608277E-02    1.028000  0.76295276E-02
   13.99970819  0.12397566E-02    1.029000  0.64833854E-02
   14.01331335  0.11744151E-02    1.030000  0.61496876E-02
   14.02691851  0.13474828E-02    1.031000  0.70651262E-02
   14.04052367  0.14638016E-02    1.032000  0.76849927E-02
   14.05412883  0.13939484E-02    1.033000  0.73277690E-02
   14.06773398  0.13249619E-02    1.034000  0.69741540E-02
   14.08133914  0.12603758E-02    1.035000  0.66427909E-02
   14.09494430  0.12728305E-02    1.036000  0.67171139E-02
   14.10854946  0.12826955E-02    1.037000  0.67779228E-02
   14.12215462  0.11840543E-02    1.038000  0.62647657E-02
   14.13575978  0.11169145E-02    1.039000  0.59171505E-02
   14.14936494  0.10169640E-02    1.040000  0.53945719E-02
   14.16297009  0.95536998E-03    1.041000  0.50743572E-02
   14.17657525  0.99665807E-03    1.042000  0.53004524E-02
   14.19018041  0.10192583E-02    1.043000  0.54275968E-02
   14.20378557  0.11231607E-02    1.044000  0.59885421E-02
   14.21739073  0.11171683E-02    1.045000  0.59642109E-02
   14.23099589  0.11968403E-02    1.046000  0.63977173E-02
   14.24460105  0.11811092E-02    1.047000  0.63216822E-02
   14.25820620  0.11934376E-02    1.048000  0.63958073E-02
   14.27181136  0.12112788E-02    1.049000  0.64996817E-02
   14.28541652  0.11232744E-02    1.050000  0.60351140E-02
   14.29902168  0.11353448E-02    1.051000  0.61077090E-02
   14.31262684  0.12604202E-02    1.052000  0.67891618E-02
   14.32623200  0.12077540E-02    1.053000  0.65137167E-02
   14.33983716  0.13966163E-02    1.054000  0.75418228E-02
   14.35344231  0.14114317E-02    1.055000  0.76314532E-02
   14.36704747  0.12883162E-02    1.056000  0.69745681E-02
   14.38065263  0.12632231E-02    1.057000  0.68473370E-02
   14.39425779  0.12548115E-02    1.058000  0.68102994E-02
   14.40786295  0.12626543E-02    1.059000  0.68614764E-02
   14.42146811  0.13397777E-02    1.060000  0.72897156E-02
   14.43507327  0.13794821E-02    1.061000  0.75151555E-02
   14.44867842  0.14890953E-02    1.062000  0.81224632E-02
   14.46228358  0.14647102E-02    1.063000  0.79994409E-02
   14.47588874  0.14614460E-02    1.064000  0.79915810E-02
   14.48949390  0.14266109E-02    1.065000  0.78108232E-02
   14.50309906  0.16502867E-02    1.066000  0.90467236E-02
   14.51670422  0.16984834E-02    1.067000  0.93225176E-02
   14.53030938  0.19182313E-02    1.068000  0.10541737E-01
   14.54391453  0.17528480E-02    1.069000  0.96448198E-02
   14.55751969  0.16453817E-02    1.070000  0.90647222E-02
   14.57112485  0.16858684E-02    1.071000  0.92992689E-02
   14.58473001  0.17371433E-02    1.072000  0.95939497E-02
   14.59833517  0.17033378E-02    1.073000  0.94188647E-02
   14.61194033  0.16167916E-02    1.074000  0.89513212E-02
   14.62554549  0.14921953E-02    1.075000  0.82716745E-02
   14.63915064  0.15131613E-02    1.076000  0.83982151E-02
   14.65275580  0.15739084E-02    1.077000  0.87461023E-02
   14.66636096  0.14794875E-02    1.078000  0.82315025E-02
   14.67996612  0.15694806E-02    1.079000  0.87429060E-02
   14.69357128  0.15684120E-02    1.080000  0.87476502E-02
   14.70717644  0.15991822E-02    1.081000  0.89301743E-02
   14.72078160  0.16081798E-02    1.082000  0.89913869E-02
   14.73438675  0.16440379E-02    1.083000  0.92030834E-02
   14.74799191  0.16239844E-02    1.084000  0.91019028E-02
   14.76159707  0.16141835E-02    1.085000  0.90579809E-02
   14.77520223  0.15771960E-02    1.086000  0.88611823E-02
   14.78880739  0.16014018E-02    1.087000  0.90081001E-02
   14.80241255  0.15072279E-02    1.088000  0.84886392E-02
   14.81601771  0.14441069E-02    1.089000  0.81429936E-02
   14.82962286  0.16420081E-02    1.090000  0.92701128E-02
   14.84322802  0.16600594E-02    1.091000  0.93833449E-02
   14.85683318  0.16607994E-02    1.092000  0.93988546E-02
   14.87043834  0.16042801E-02    1.093000  0.90899398E-02
   14.88404350  0.15935785E-02    1.094000  0.90401730E-02
   14.89764866  0.14561444E-02    1.095000  0.82704571E-02
   14.91125382  0.15158407E-02    1.096000  0.86198528E-02
   14.92485898  0.16087486E-02    1.097000  0.91591466E-02
   14.93846413  0.15486298E-02    1.098000  0.88274321E-02
   14.95206929  0.16022483E-02    1.099000  0.91439938E-02
   14.96567445  0.15555203E-02    1.100000  0.88879269E-02
   14.97927961  0.14410476E-02    1.101000  0.82436812E-02
   14.99288477  0.14332765E-02    1.102000  0.82090011E-02
   15.00648993  0.13857131E-02    1.103000  0.79460357E-02
   15.02009509  0.13060230E-02    1.104000  0.74979792E-02
   15.03370024  0.13366687E-02    1.105000  0.76830352E-02
   15.04730540  0.14111031E-02    1.106000  0.81205007E-02
   15.06091056  0.13154573E-02    1.107000  0.75790577E-02
   15.07451572  0.13222595E-02    1.108000  0.76272670E-02
   15.08812088  0.13304644E-02    1.109000  0.76836693E-02
   15.10172604  0.12900819E-02    1.110000  0.74592521E-02
   15.11533120  0.12494185E-02    1.111000  0.72326573E-02
   15.12893635  0.10737401E-02    1.112000  0.62230103E-02
   15.14254151  0.11008216E-02    1.113000  0.63874728E-02
   15.15614667  0.10253661E-02    1.114000  0.59566383E-02
   15.16975183  0.10208332E-02    1.115000  0.59372680E-02
   15.18335699  0.99592493E-03    1.116000  0.57991912E-02
   15.19696215  0.96079119E-03    1.117000  0.56011630E-02
   15.21056731  0.96760731E-03    1.118000  0.56474985E-02
   15.22417246  0.98482839E-03    1.119000  0.57547271E-02
   15.23777762  0.97191015E-03    1.120000  0.56858695E-02
   15.25138278  0.99122681E-03    1.121000  0.58056362E-02
   15.26498794  0.10399953E-02    1.122000  0.60983675E-02
   15.27859310  0.10820800E-02    1.123000  0.63525252E-02
   15.29219826  0.10555742E-02    1.124000  0.62041181E-02
   15.30580342  0.10839046E-02    1.125000  0.63780219E-02
   15.31940857  0.12227357E-02    1.126000  0.72032854E-02
   15.33301373  0.10749856E-02    1.127000  0.63402026E-02
   15.34661889  0.11013511E-02    1.128000  0.65032167E-02
   15.36022405  0.12315602E-02    1.129000  0.72804700E-02
   15.37382921  0.12757818E-02    1.130000  0.75505903E-02
   15.38743437  0.12698125E-02    1.131000  0.75239223E-02
   15.40103953  0.13545301E-02    1.132000  0.80351308E-02
   15.41464468  0.14348178E-02    1.133000  0.85211868E-02
   15.42824984  0.14874676E-02    1.134000  0.88440113E-02
   15.44185500  0.15451608E-02    1.135000  0.91975755E-02
   15.45546016  0.15255558E-02    1.136000  0.90912813E-02
   15.46906532  0.15025796E-02    1.137000  0.89646063E-02
   15.48267048  0.15295202E-02    1.138000  0.91357693E-02
   15.50988079  0.15364528E-02    1.140000  0.91981355E-02
   15.52348595  0.15246201E-02    1.141000  0.91376962E-02
   15.53709111  0.14919539E-02    1.142000  0.89520889E-02
   15.55069627  0.14705250E-02    1.143000  0.88335397E-02
   15.56430143  0.14693237E-02    1.144000  0.88363445E-02
   15.57790659  0.14639451E-02    1.145000  0.88139826E-02
   15.59151175  0.15343543E-02    1.146000  0.92483604E-02
   15.60511690  0.15006282E-02    1.147000  0.90553101E-02
   15.61872206  0.15557247E-02    1.148000  0.93983918E-02
   15.63232722  0.16329042E-02    1.149000  0.98757823E-02
   15.64593238  0.16061835E-02    1.150000  0.97251304E-02
   15.65953754  0.17297899E-02    1.151000  0.10485341E-01
   15.67314270  0.16773565E-02    1.152000  0.10178949E-01
   15.68674786  0.16478548E-02    1.153000  0.10011158E-01
   15.70035301  0.16642942E-02    1.154000  0.10122383E-01
   15.71395817  0.16869758E-02    1.155000  0.10271840E-01
   15.72756333  0.16955698E-02    1.156000  0.10335732E-01
   15.74116849  0.17646272E-02    1.157000  0.10768722E-01
   15.75477365  0.16961464E-02    1.158000  0.10362383E-01
   15.76837881  0.15952822E-02    1.159000  0.97570463E-02
   15.78198397  0.16049905E-02    1.160000  0.98273707E-02
   15.79558912  0.16445260E-02    1.161000  0.10080663E-01
   15.80919428  0.15831239E-02    1.162000  0.97150754E-02
   15.82279944  0.15740016E-02    1.163000  0.96698302E-02
   15.83640460  0.16397287E-02    1.164000  0.10084806E-01
   15.85000976  0.16845076E-02    1.165000  0.10371698E-01
   15.86361492  0.17107160E-02    1.166000  0.10544733E-01
   15.87722008  0.17900558E-02    1.167000  0.11045987E-01
   15.89082524  0.17194230E-02    1.168000  0.10621856E-01
   15.90443039  0.16622694E-02    1.169000  0.10280123E-01
   15.91803555  0.16510705E-02    1.170000  0.10222125E-01
   15.93164071  0.16389943E-02    1.171000  0.10158537E-01
   15.94524587  0.15983967E-02    1.172000  0.99178132E-02
   15.95885103  0.15165623E-02    1.173000  0.94203864E-02
   15.97245619  0.13937339E-02    1.174000  0.86669222E-02
   15.98606135  0.14672771E-02    1.175000  0.91342571E-02
   15.99966650  0.14801478E-02    1.176000  0.92244759E-02
   16.01327166  0.14722196E-02    1.177000  0.91851070E-02
   16.02687682  0.13844316E-02    1.178000  0.86468440E-02
   16.04048198  0.14478834E-02    1.179000  0.90530246E-02
   16.05408714  0.14964862E-02    1.180000  0.93671246E-02
   16.06769230  0.13834996E-02    1.181000  0.86693304E-02
   16.08129746  0.13231309E-02    1.182000  0.83000702E-02
   16.09490261  0.13551724E-02    1.183000  0.85103108E-02
   16.10850777  0.13849383E-02    1.184000  0.87066826E-02
   16.12211293  0.14099960E-02    1.185000  0.88738290E-02
   16.13571809  0.14100963E-02    1.186000  0.88840774E-02
   16.14932325  0.14263051E-02    1.187000  0.89959257E-02
   16.16292841  0.14524801E-02    1.188000  0.91709214E-02
   16.17653357  0.13666421E-02    1.189000  0.86382638E-02
   16.19013872  0.13068269E-02    1.190000  0.82690968E-02
   16.20374388  0.13693722E-02    1.191000  0.86741989E-02
   16.21734904  0.13067781E-02    1.192000  0.82866129E-02
   16.23095420  0.12714661E-02    1.193000  0.80713619E-02
   16.24455936  0.12519227E-02    1.194000  0.79558377E-02
   16.25816452  0.12062511E-02    1.195000  0.76738261E-02
   16.27176968  0.12182843E-02    1.196000  0.77586870E-02
   16.28537483  0.12022355E-02    1.197000  0.76646788E-02
   16.29897999  0.11626745E-02    1.198000  0.74203934E-02
   16.31258515  0.11542523E-02    1.199000  0.73745133E-02
   16.32619031  0.11270608E-02    1.200000  0.72084737E-02
   16.33979547  0.11764088E-02    1.201000  0.75321179E-02
   16.35340063  0.11150214E-02    1.202000  0.71466817E-02
   16.36700579  0.10461049E-02    1.203000  0.67120991E-02
   16.39421610  0.10500113E-02    1.205000  0.67514862E-02
   16.40782126  0.10096141E-02    1.206000  0.64986213E-02
   16.42142642  0.11263281E-02    1.207000  0.72575603E-02
   16.43503158  0.10748674E-02    1.208000  0.69333012E-02
   16.44863674  0.10918928E-02    1.209000  0.70505681E-02
   16.46224190  0.10682257E-02    1.210000  0.69050305E-02
   16.47584705  0.11146290E-02    1.211000  0.72125845E-02
   16.48945221  0.11427478E-02    1.212000  0.74023300E-02
   16.50305737  0.11333703E-02    1.213000  0.73493158E-02
   16.51666253  0.11916370E-02    1.214000  0.77352724E-02
   16.53026769  0.12659527E-02    1.215000  0.82263115E-02
   16.54387285  0.12583049E-02    1.216000  0.81851972E-02
   16.55747801  0.13535851E-02    1.217000  0.88142211E-02
   16.57108316  0.13977621E-02    1.218000  0.91114242E-02
   16.58468832  0.14534112E-02    1.219000  0.94840897E-02
   16.59829348  0.14365438E-02    1.220000  0.93838205E-02
   16.61189864  0.14866630E-02    1.221000  0.97213496E-02
   16.62550380  0.14890314E-02    1.222000  0.97469919E-02
   16.63910896  0.15540374E-02    1.223000  0.10183111E-01
   16.65271412  0.16267428E-02    1.224000  0.10670621E-01
   16.67992443  0.16328616E-02    1.226000  0.10733030E-01
   16.69352959  0.16888601E-02    1.227000  0.11112635E-01
   16.70713475  0.17627977E-02    1.228000  0.11611164E-01
   16.72073991  0.17613811E-02    1.229000  0.11613846E-01
   16.73434507  0.17847304E-02    1.230000  0.11779974E-01
   16.74795023  0.17971046E-02    1.231000  0.11873906E-01
   16.76155538  0.18644790E-02    1.232000  0.12331781E-01
   16.77516054  0.18083075E-02    1.233000  0.11972592E-01
   16.78876570  0.17736599E-02    1.234000  0.11755291E-01
   16.80237086  0.17204264E-02    1.235000  0.11414209E-01
   16.81597602  0.18020173E-02    1.236000  0.11967816E-01
   16.82958118  0.18055485E-02    1.237000  0.12003582E-01
   16.84318634  0.17120329E-02    1.238000  0.11393551E-01
   16.85679150  0.16545670E-02    1.239000  0.11022401E-01
   16.87039665  0.17349660E-02    1.240000  0.11569836E-01
   16.88400181  0.17515797E-02    1.241000  0.11692573E-01
   16.89760697  0.17243376E-02    1.242000  0.11522480E-01
   16.91121213  0.16708319E-02    1.243000  0.11176336E-01
   16.92481729  0.16331440E-02    1.244000  0.10935377E-01
   16.93842245  0.16921420E-02    1.245000  0.11341963E-01
   16.95202761  0.17083359E-02    1.246000  0.11462157E-01
   16.96563276  0.17003305E-02    1.247000  0.11420041E-01
   16.97923792  0.16449294E-02    1.248000  0.11059166E-01
   16.99284308  0.16526654E-02    1.249000  0.11122448E-01
   17.00644824  0.16994510E-02    1.250000  0.11448906E-01
   17.02005340  0.17495868E-02    1.251000  0.11798595E-01
   17.03365856  0.16210348E-02    1.252000  0.10942741E-01
   17.04726372  0.16059079E-02    1.253000  0.10851580E-01
   17.06086887  0.16291126E-02    1.254000  0.11019492E-01
   17.07447403  0.15990275E-02    1.255000  0.10826899E-01
   17.08807919  0.15653210E-02    1.256000  0.10609350E-01
   17.10168435  0.15957465E-02    1.257000  0.10826450E-01
   17.11528951  0.16432195E-02    1.258000  0.11159741E-01
   17.12889467  0.15986041E-02    1.259000  0.10867643E-01
   17.14249983  0.15376555E-02    1.260000  0.10463789E-01
   17.15610498  0.15712909E-02    1.261000  0.10703395E-01
   17.16971014  0.15574777E-02    1.262000  0.10619924E-01
   17.18331530  0.15414085E-02    1.263000  0.10520866E-01
   17.19692046  0.14909465E-02    1.264000  0.10186607E-01
   17.21052562  0.14548910E-02    1.265000  0.99501876E-02
   17.22413078  0.14357251E-02    1.266000  0.98289014E-02
   17.23773594  0.14822708E-02    1.267000  0.10157660E-01
   17.25134109  0.13843343E-02    1.268000  0.94959655E-02
   17.26494625  0.14677455E-02    1.269000  0.10078142E-01
   17.27855141  0.14188116E-02    1.270000  0.97518183E-02
   17.29215657  0.14340619E-02    1.271000  0.98664181E-02
   17.30576173  0.13895971E-02    1.272000  0.95699750E-02
   17.31936689  0.13009214E-02    1.273000  0.89681497E-02
   17.33297205  0.12669600E-02    1.274000  0.87426711E-02
   17.34657720  0.12740673E-02    1.275000  0.88004046E-02
   17.36018236  0.12874810E-02    1.276000  0.89018382E-02
   17.37378752  0.12752927E-02    1.277000  0.88262647E-02
   17.38739268  0.12986185E-02    1.278000  0.89965584E-02
   17.40099784  0.13385299E-02    1.279000  0.92821853E-02
   17.41460300  0.12495743E-02    1.280000  0.86738354E-02
   17.42820816  0.12642630E-02    1.281000  0.87844180E-02
   17.44181331  0.12487787E-02    1.282000  0.86853466E-02
   17.45541847  0.12517644E-02    1.283000  0.87146494E-02
   17.46902363  0.12304546E-02    1.284000  0.85746848E-02
   17.48262879  0.12487520E-02    1.285000  0.87107110E-02
   17.49623395  0.12691183E-02    1.286000  0.88614320E-02
   17.50983911  0.12952070E-02    1.287000  0.90524262E-02
   17.52344427  0.13628716E-02    1.288000  0.95346411E-02
   17.53704942  0.12244463E-02    1.289000  0.85745691E-02
   17.55065458  0.12096891E-02    1.290000  0.84794777E-02
   17.56425974  0.11616440E-02    1.291000  0.81506222E-02
   17.57786490  0.11825516E-02    1.292000  0.83053841E-02
   17.59147006  0.11450442E-02    1.293000  0.80497690E-02
   17.60507522  0.11199133E-02    1.294000  0.78807348E-02
   17.61868038  0.11255064E-02    1.295000  0.79277685E-02
   17.63228553  0.10486522E-02    1.296000  0.73935799E-02
   17.64589069  0.11523099E-02    1.297000  0.81322832E-02
   17.65949585  0.10852952E-02    1.298000  0.76667377E-02
   17.67310101  0.10368029E-02    1.299000  0.73312496E-02
   17.68670617  0.10647936E-02    1.300000  0.75364341E-02
   17.70031133  0.10448287E-02    1.301000  0.74022524E-02
   17.71391649  0.10320808E-02    1.302000  0.73189765E-02
   17.72752164  0.10426784E-02    1.303000  0.74012408E-02
   17.74112680  0.99898366E-03    1.304000  0.70978955E-02
   17.75473196  0.10077394E-02    1.305000  0.71669789E-02
   17.76833712  0.97856110E-03    1.306000  0.69661388E-02
   17.78194228  0.98231227E-03    1.307000  0.69995420E-02
   17.79554744  0.95782733E-03    1.308000  0.68316053E-02
   17.80915260  0.99775916E-03    1.309000  0.71232199E-02
   17.82275776  0.10015477E-02    1.310000  0.71570980E-02
   17.83636291  0.10319339E-02    1.311000  0.73812767E-02
   17.84996807  0.98128557E-03    1.312000  0.70256890E-02
   17.86357323  0.10054730E-02    1.313000  0.72057204E-02
   17.87717839  0.10125558E-02    1.314000  0.72633854E-02
   17.89078355  0.10428463E-02    1.315000  0.74877815E-02
   17.90438871  0.10464301E-02    1.316000  0.75206506E-02
   17.91799387  0.10785688E-02    1.317000  0.77589857E-02
   17.93159902  0.10296185E-02    1.318000  0.74138706E-02
   17.94520418  0.11019013E-02    1.319000  0.79418649E-02
   17.95880934  0.10843580E-02    1.320000  0.78228190E-02
   17.97241450  0.10745577E-02    1.321000  0.77594460E-02
   17.98601966  0.10850826E-02    1.322000  0.78428473E-02
   17.99962482  0.11096859E-02    1.323000  0.80282453E-02
   18.01322998  0.10892290E-02    1.324000  0.78876744E-02
   18.02683513  0.10861147E-02    1.325000  0.78725292E-02
   18.04044029  0.11461173E-02    1.326000  0.83152659E-02
   18.05404545  0.11453890E-02    1.327000  0.83177935E-02
   18.06765061  0.11780448E-02    1.328000  0.85629737E-02
   18.08125577  0.12340595E-02    1.329000  0.89785499E-02
   18.09486093  0.12249770E-02    1.330000  0.89208239E-02
   18.10846609  0.12859200E-02    1.331000  0.93734080E-02
   18.12207124  0.13112793E-02    1.332000  0.95672016E-02
   18.13567640  0.13175212E-02    1.333000  0.96217288E-02
   18.14928156  0.13503484E-02    1.334000  0.98706725E-02
   18.16288672  0.13820139E-02    1.335000  0.10111564E-01
   18.17649188  0.14244034E-02    1.336000  0.10431423E-01
   18.19009704  0.14312288E-02    1.337000  0.10491169E-01
   18.20370220  0.14934211E-02    1.338000  0.10957236E-01
   18.21730735  0.15060766E-02    1.339000  0.11060361E-01
   18.23091251  0.15012984E-02    1.340000  0.11035510E-01
   18.24451767  0.15012223E-02    1.341000  0.11045189E-01
   18.25812283  0.15061632E-02    1.342000  0.11091814E-01
   18.27172799  0.15664216E-02    1.343000  0.11546257E-01
   18.28533315  0.16057753E-02    1.344000  0.11847289E-01
   18.29893831  0.16300452E-02    1.345000  0.12037468E-01
   18.31254346  0.15843128E-02    1.346000  0.11710551E-01
   18.32614862  0.16506224E-02    1.347000  0.12211940E-01
   18.33975378  0.16115328E-02    1.348000  0.11933731E-01
   18.35335894  0.15722354E-02    1.349000  0.11653449E-01
   18.36696410  0.15940916E-02    1.350000  0.11826320E-01
   18.38056926  0.16204790E-02    1.351000  0.12033136E-01
   18.39417442  0.15242722E-02    1.352000  0.11329132E-01
   18.40777957  0.14889904E-02    1.353000  0.11077056E-01
   18.42138473  0.14775886E-02    1.354000  0.11002312E-01
   18.43498989  0.14787923E-02    1.355000  0.11021360E-01
   18.44859505  0.14680928E-02    1.356000  0.10951630E-01
   18.46220021  0.14621238E-02    1.357000  0.10917075E-01
   18.47580537  0.14668847E-02    1.358000  0.10962627E-01
   18.48941053  0.14574434E-02    1.359000  0.10902008E-01
   18.50301568  0.14167340E-02    1.360000  0.10607155E-01
   18.51662084  0.13806649E-02    1.361000  0.10346520E-01
   18.53022600  0.14317844E-02    1.362000  0.10739368E-01
   18.54383116  0.15532201E-02    1.363000  0.11660813E-01
   18.55743632  0.14262617E-02    1.364000  0.10717399E-01
   18.57104148  0.14352502E-02    1.365000  0.10794730E-01
   18.58464664  0.14479611E-02    1.366000  0.10900206E-01
   18.59825179  0.13835206E-02    1.367000  0.10424536E-01
   18.61185695  0.13751448E-02    1.368000  0.10370805E-01
   18.62546211  0.14212790E-02    1.369000  0.10728424E-01
   18.63906727  0.13832639E-02    1.370000  0.10450904E-01
   18.65267243  0.13858436E-02    1.371000  0.10479846E-01
   18.66627759  0.13256345E-02    1.372000  0.10033582E-01
   18.67988275  0.13192651E-02    1.373000  0.99943702E-02
   18.69348790  0.12475955E-02    1.374000  0.94599311E-02
   18.70709306  0.12644768E-02    1.375000  0.95965577E-02
   18.72069822  0.13049750E-02    1.376000  0.99128132E-02
   18.73430338  0.12566859E-02    1.377000  0.95545714E-02
   18.74790854  0.12259582E-02    1.378000  0.93293103E-02
   18.76151370  0.12168178E-02    1.379000  0.92680524E-02
   18.77511886  0.11833286E-02    1.380000  0.90210485E-02
   18.78872402  0.11384412E-02    1.381000  0.86866158E-02
   18.80232917  0.11376539E-02    1.382000  0.86883677E-02
   18.81593433  0.11671730E-02    1.383000  0.89217680E-02
   18.82953949  0.11546220E-02    1.384000  0.88337041E-02
   18.84314465  0.11303889E-02    1.385000  0.86560127E-02
   18.85674981  0.11170804E-02    1.386000  0.85617206E-02
   18.87035497  0.10982375E-02    1.387000  0.84247921E-02
   18.88396013  0.10764602E-02    1.388000  0.82650756E-02
   18.89756528  0.99771879E-03    1.389000  0.76673026E-02
   18.91117044  0.10915269E-02    1.390000  0.83956464E-02
   18.92477560  0.10484645E-02    1.391000  0.80715761E-02
   18.93838076  0.10302628E-02    1.392000  0.79384779E-02
   18.95198592  0.10372227E-02    1.393000  0.79991798E-02
   18.96559108  0.10462226E-02    1.394000  0.80757232E-02
   18.97919624  0.10834714E-02    1.395000  0.83706338E-02
   18.99280139  0.11389476E-02    1.396000  0.88069976E-02
   19.00640655  0.10440464E-02    1.397000  0.80802875E-02
   19.02001171  0.10440096E-02    1.398000  0.80871228E-02
   19.03361687  0.55421952E-02    1.399000  0.42968835E-01
   19.04722203  0.10388956E-02    1.400000  0.80616800E-02
   19.06082719  0.10364681E-02    1.401000  0.80499118E-02
   19.07443235  0.10640443E-02    1.402000  0.82713440E-02
   19.08803750  0.10001962E-02    1.403000  0.77818429E-02
   19.10164266  0.98069149E-03    1.404000  0.76367783E-02
   19.11524782  0.97759724E-03    1.405000  0.76193503E-02
   19.12885298  0.98101855E-03    1.406000  0.76527066E-02
   19.14245814  0.94724787E-03    1.407000  0.73957295E-02
   19.15606330  0.99171877E-03    1.408000  0.77497041E-02
   19.16966846  0.96950188E-03    1.409000  0.75827042E-02
   19.18327361  0.99643854E-03    1.410000  0.78001781E-02
   19.19687877  0.99416577E-03    1.411000  0.77891672E-02
   19.21048393  0.92370797E-03    1.412000  0.72434388E-02
   19.22408909  0.95331935E-03    1.413000  0.74821441E-02
   19.23769425  0.96113786E-03    1.414000  0.75500630E-02
   19.25129941  0.94723978E-03    1.415000  0.74473492E-02
   19.26490457  0.97746833E-03    1.416000  0.76916774E-02
   19.27850972  0.99390195E-03    1.417000  0.78277718E-02
   19.29211488  0.99010788E-03    1.418000  0.78046432E-02
   19.30572004  0.96132350E-03    1.419000  0.75843033E-02
   19.31932520  0.10077802E-02    1.420000  0.79576938E-02
   19.33293036  0.98021709E-03    1.421000  0.77467337E-02
   19.34653552  0.10034963E-02    1.422000  0.79375555E-02
   19.36014068  0.97264203E-03    1.423000  0.77001346E-02
   19.37374583  0.97353482E-03    1.424000  0.77138423E-02
   19.38735099  0.98406665E-03    1.425000  0.78040032E-02
   19.40095615  0.10264141E-02    1.426000  0.81468338E-02
   19.41456131  0.15671371E-02    1.427000  0.12449338E-01
   19.42816647  0.10011892E-02    1.428000  0.79602759E-02
   19.44177163  0.98955305E-03    1.429000  0.78745081E-02
   19.45537679  0.99768619E-03    1.430000  0.79460331E-02
   19.46898194  0.10331173E-02    1.431000  0.82352686E-02
   19.48258710  0.10108399E-02    1.432000  0.80645838E-02
   19.49619226  0.10359829E-02    1.433000  0.82722426E-02
   19.50979742  0.10302620E-02    1.434000  0.82335884E-02
   19.52340258  0.10339621E-02    1.435000  0.82702100E-02
   19.53700774  0.10301091E-02    1.436000  0.82464172E-02
   19.55061290  0.10473482E-02    1.437000  0.83915660E-02
   19.56421805  0.10554231E-02    1.438000  0.84634623E-02
   19.57782321  0.10579652E-02    1.439000  0.84910625E-02
   19.59142837  0.10426556E-02    1.440000  0.83753015E-02
   19.99958313  0.14303200E-02    1.470000  0.11781931E-01
   24.99947891  0.93406056E-03    1.837500  0.10035258E-01
   29.99937469  0.77540683E-03    2.205000  0.10274228E-01
   34.99927048  0.78636809E-03    2.572500  0.12390436E-01
   39.99916626  0.67682645E-03    2.940000  0.12360852E-01
   44.99906204  0.60764756E-03    3.307500  0.12620462E-01
   49.99895782  0.52547727E-03    3.675000  0.12230904E-01
   54.99885361  0.45027706E-03    4.042500  0.11609143E-01
   59.99874939  0.39554926E-03    4.410000  0.11189552E-01
   64.99864517  0.34158469E-03    4.777500  0.10519123E-01
   69.99854095  0.29891409E-03    5.145000  0.99542838E-02
   74.99843674  0.26129983E-03    5.512500  0.93566005E-02
   79.99833252  0.22813337E-03    5.880000  0.87407775E-02
   84.99822830  0.20057369E-03    6.247500  0.81875692E-02
   89.99812408  0.17749631E-03    6.615000  0.76904138E-02
   94.99801987  0.15801477E-03    6.982500  0.72423854E-02
   99.99791565  0.14099793E-03    7.350000  0.68158425E-02
  104.99781143  0.12638958E-03    7.717500  0.64264604E-02
  109.99770721  0.11382828E-03    8.085000  0.60730643E-02
  114.99760300  0.10277723E-03    8.452500  0.57410626E-02
  119.99749878  0.93199110E-04    8.820000  0.54396318E-02
  124.99739456  0.84780239E-04    9.187500  0.51607535E-02
  129.99729034  0.77330760E-04    9.555000  0.49011114E-02
  134.99718613  0.70771076E-04    9.922500  0.46627503E-02
