       eV          sigma            Ry          om               in 10^-16                                                                       
   12.91785156  0.00000000E+00    0.949482  0.00000000E+00
   12.92490066  0.17694361E-02    0.950000  0.15573208E-01
   12.93850582  0.23805371E-02    0.951000  0.20978706E-01
   12.95211098  0.34203951E-02    0.952000  0.30181432E-01
   12.96571614  0.38618207E-02    0.953000  0.34120451E-01
   12.97932130  0.21716139E-02    0.954000  0.19211605E-01
   12.99292646  0.22773275E-02    0.955000  0.20172707E-01
   13.00653161  0.31473246E-02    0.956000  0.27914971E-01
   13.02013677  0.39861858E-02    0.957000  0.35400501E-01
   13.03374193  0.40672462E-02    0.958000  0.36166615E-01
   13.04734709  0.40019964E-02    0.959000  0.35631893E-01
   13.06095225  0.41098128E-02    0.960000  0.36638556E-01
   13.07455741  0.40759564E-02    0.961000  0.36383061E-01
   13.08816257  0.43251931E-02    0.962000  0.38656978E-01
   13.10176772  0.45046563E-02    0.963000  0.40312158E-01
   13.11537288  0.45882910E-02    0.964000  0.41112760E-01
   13.12897804  0.47113157E-02    0.965000  0.42268660E-01
   13.14258320  0.48575478E-02    0.966000  0.43635831E-01
   13.15618836  0.49113943E-02    0.967000  0.44175367E-01
   13.16979352  0.49846700E-02    0.968000  0.44891103E-01
   13.18339868  0.51243758E-02    0.969000  0.46207519E-01
   13.19700383  0.53016337E-02    0.970000  0.47866153E-01
   13.21060899  0.54095477E-02    0.971000  0.48901952E-01
   13.22421415  0.55012729E-02    0.972000  0.49793674E-01
   13.23781931  0.54341412E-02    0.973000  0.49247815E-01
   13.25142447  0.53173009E-02    0.974000  0.48249372E-01
   13.26502963  0.50956533E-02    0.975000  0.46296056E-01
   13.27863479  0.52531242E-02    0.976000  0.47786455E-01
   13.30584510  0.53395617E-02    0.978000  0.48694146E-01
   13.31945026  0.53649953E-02    0.979000  0.48987072E-01
   13.33305542  0.56132380E-02    0.980000  0.51317549E-01
   13.34666058  0.57541046E-02    0.981000  0.52670792E-01
   13.36026574  0.56242418E-02    0.982000  0.51546010E-01
   13.37387090  0.56484767E-02    0.983000  0.51832328E-01
   13.38747605  0.60872425E-02    0.984000  0.55927785E-01
   13.40108121  0.60662832E-02    0.985000  0.55804172E-01
   13.41468637  0.60790227E-02    0.986000  0.55990464E-01
   13.42829153  0.57081970E-02    0.987000  0.52639882E-01
   13.44189669  0.59967895E-02    0.988000  0.55369391E-01
   13.45550185  0.60123742E-02    0.989000  0.55581630E-01
   13.46910701  0.58703442E-02    0.990000  0.54335356E-01
   13.48271216  0.59443920E-02    0.991000  0.55088306E-01
   13.49631732  0.57398617E-02    0.992000  0.53258112E-01
   13.50992248  0.56132889E-02    0.993000  0.52147495E-01
   13.52352764  0.58043878E-02    0.994000  0.53988784E-01
   13.53713280  0.61286579E-02    0.995000  0.57074606E-01
   13.55073796  0.73312875E-02    0.996000  0.68357719E-01
   13.56434312  0.87889072E-02    0.997000  0.82048626E-01
   13.57794827  0.72304144E-02    0.998000  0.67581543E-01
   13.59155343  0.58906406E-02    0.999000  0.55125848E-01
   13.60515859  0.54372298E-02    1.000000  0.50944539E-01
   13.61876375  0.51778501E-02    1.001000  0.48573118E-01
   13.63236891  0.41602199E-02    1.002000  0.39074076E-01
   13.64597407  0.38161089E-02    1.003000  0.35885457E-01
   13.65957923  0.48719450E-02    1.004000  0.45869578E-01
   13.67318438  0.63111376E-02    1.005000  0.59491379E-01
   13.70039470  0.63266934E-02    1.007000  0.59781845E-01
   13.71399986  0.56625280E-02    1.008000  0.53570415E-01
   13.75481534  0.53765518E-02    1.011000  0.51048280E-01
   13.76842049  0.57239650E-02    1.012000  0.54411898E-01
   13.78202565  0.58147770E-02    1.013000  0.55341252E-01
   13.79563081  0.56713495E-02    1.014000  0.54040668E-01
   13.80923597  0.56290950E-02    1.015000  0.53702023E-01
   13.82284113  0.56789660E-02    1.016000  0.54242349E-01
   13.83644629  0.58176548E-02    1.017000  0.55633158E-01
   13.85005145  0.57681487E-02    1.018000  0.55225306E-01
   13.86365660  0.60445486E-02    1.019000  0.57940318E-01
   13.87726176  0.58208879E-02    1.020000  0.55862573E-01
   13.89086692  0.58716700E-02    1.021000  0.56416668E-01
   13.90447208  0.60501155E-02    1.022000  0.58199994E-01
   13.91807724  0.61137077E-02    1.023000  0.58881224E-01
   13.93168240  0.62260208E-02    1.024000  0.60033684E-01
   13.94528756  0.62967524E-02    1.025000  0.60787280E-01
   13.95889272  0.65761054E-02    1.026000  0.63558835E-01
   13.97249787  0.65824651E-02    1.027000  0.63695125E-01
   13.98610303  0.68446161E-02    1.028000  0.66309628E-01
   13.99970819  0.65251276E-02    1.029000  0.63288642E-01
   14.01331335  0.66245404E-02    1.030000  0.64328170E-01
   14.02691851  0.66828453E-02    1.031000  0.64970308E-01
   14.04052367  0.63234068E-02    1.032000  0.61547742E-01
   14.05412883  0.64404968E-02    1.033000  0.62760626E-01
   14.06773398  0.68567004E-02    1.034000  0.66894340E-01
   14.08133914  0.69012570E-02    1.035000  0.67407483E-01
   14.09494430  0.68670410E-02    1.036000  0.67151338E-01
   14.10854946  0.68429021E-02    1.037000  0.66993072E-01
   14.12215462  0.68334621E-02    1.038000  0.66978329E-01
   14.13575978  0.66677266E-02    1.039000  0.65429661E-01
   14.14936494  0.65054929E-02    1.040000  0.63911628E-01
   14.16297009  0.68499254E-02    1.041000  0.67373284E-01
   14.17657525  0.65922036E-02    1.042000  0.64913363E-01
   14.19018041  0.63874887E-02    1.043000  0.62970144E-01
   14.20378557  0.60661537E-02    1.044000  0.59871263E-01
   14.21739073  0.59275304E-02    1.045000  0.58570467E-01
   14.23099589  0.55988044E-02    1.046000  0.55385937E-01
   14.24460105  0.53300184E-02    1.047000  0.52787569E-01
   14.25820620  0.52882008E-02    1.048000  0.52433526E-01
   14.27181136  0.51571396E-02    1.049000  0.51192650E-01
   14.28541652  0.50705685E-02    1.050000  0.50390934E-01
   14.29902168  0.49757865E-02    1.051000  0.49505557E-01
   14.31262684  0.49311620E-02    1.052000  0.49117628E-01
   14.32623200  0.48896160E-02    1.053000  0.48759382E-01
   14.33983716  0.48357761E-02    1.054000  0.48277458E-01
   14.35344231  0.51419858E-02    1.055000  0.51392919E-01
   14.36704747  0.52209688E-02    1.056000  0.52241681E-01
   14.38065263  0.53465260E-02    1.057000  0.53558797E-01
   14.39425779  0.57273707E-02    1.058000  0.57439010E-01
   14.40786295  0.55390226E-02    1.059000  0.55613054E-01
   14.42146811  0.57464563E-02    1.060000  0.57761056E-01
   14.43507327  0.56735707E-02    1.061000  0.57092931E-01
   14.44867842  0.55067055E-02    1.062000  0.55476367E-01
   14.46228358  0.55992663E-02    1.063000  0.56472502E-01
   14.47588874  0.55671330E-02    1.064000  0.56211697E-01
   14.48949390  0.55491410E-02    1.065000  0.56093108E-01
   14.50309906  0.54133695E-02    1.066000  0.54782205E-01
   14.51670422  0.54863882E-02    1.067000  0.55583503E-01
   14.53030938  0.56247760E-02    1.068000  0.57049469E-01
   14.54391453  0.54349304E-02    1.069000  0.55185733E-01
   14.55751969  0.53520872E-02    1.070000  0.54405389E-01
   14.57112485  0.53955526E-02    1.071000  0.54908557E-01
   14.58473001  0.57521368E-02    1.072000  0.58602768E-01
   14.59833517  0.57875052E-02    1.073000  0.59028888E-01
   14.61194033  0.59061152E-02    1.074000  0.60305770E-01
   14.62554549  0.63214799E-02    1.075000  0.64618804E-01
   14.63915064  0.64881803E-02    1.076000  0.66396584E-01
   14.65275580  0.65880054E-02    1.077000  0.67493026E-01
   14.66636096  0.65939783E-02    1.078000  0.67629171E-01
   14.67996612  0.64594614E-02    1.079000  0.66322964E-01
   14.69357128  0.64825847E-02    1.080000  0.66634071E-01
   14.70717644  0.65590086E-02    1.081000  0.67494184E-01
   14.72078160  0.65679035E-02    1.082000  0.67660372E-01
   14.73438675  0.65775583E-02    1.083000  0.67834600E-01
   14.74799191  0.65049666E-02    1.084000  0.67159901E-01
   14.76159707  0.65244516E-02    1.085000  0.67435235E-01
   14.77520223  0.66136260E-02    1.086000  0.68432099E-01
   14.78880739  0.67821249E-02    1.087000  0.70252672E-01
   14.80241255  0.66217702E-02    1.088000  0.68666907E-01
   14.81601771  0.67459545E-02    1.089000  0.70031363E-01
   14.82962286  0.68247951E-02    1.090000  0.70927404E-01
   14.84322802  0.68527088E-02    1.091000  0.71295395E-01
   14.85683318  0.68756728E-02    1.092000  0.71612467E-01
   14.87043834  0.67969573E-02    1.093000  0.70869879E-01
   14.88404350  0.66974665E-02    1.094000  0.69908648E-01
   14.89764866  0.65015656E-02    1.095000  0.67937723E-01
   14.91125382  0.63840918E-02    1.096000  0.66782756E-01
   14.92485898  0.64117284E-02    1.097000  0.67144739E-01
   14.93846413  0.63914612E-02    1.098000  0.67005149E-01
   14.95206929  0.62308569E-02    1.099000  0.65392273E-01
   14.96567445  0.61007353E-02    1.100000  0.64096006E-01
   14.97927961  0.61605737E-02    1.101000  0.64794712E-01
   14.99288477  0.63223012E-02    1.102000  0.66567569E-01
   15.00648993  0.62308076E-02    1.103000  0.65675058E-01
   15.02009509  0.61849797E-02    1.104000  0.65262319E-01
   15.03370024  0.63074942E-02    1.105000  0.66626758E-01
   15.04730540  0.61850780E-02    1.106000  0.65403968E-01
   15.06091056  0.61449714E-02    1.107000  0.65049712E-01
   15.07451572  0.62678225E-02    1.108000  0.66421441E-01
   15.08812088  0.61796953E-02    1.109000  0.65557783E-01
   15.10172604  0.62028186E-02    1.110000  0.65873595E-01
   15.11533120  0.62841648E-02    1.111000  0.66808920E-01
   15.12893635  0.63717212E-02    1.112000  0.67812186E-01
   15.14254151  0.63034462E-02    1.113000  0.67157209E-01
   15.15614667  0.60940226E-02    1.114000  0.64995270E-01
   15.16975183  0.61887403E-02    1.115000  0.66075821E-01
   15.18335699  0.61805262E-02    1.116000  0.66058375E-01
   15.19696215  0.61652409E-02    1.117000  0.65965084E-01
   15.21056731  0.60482512E-02    1.118000  0.64782101E-01
   15.22417246  0.60193342E-02    1.119000  0.64540796E-01
   15.23777762  0.59643786E-02    1.120000  0.64019346E-01
   15.25138278  0.62133523E-02    1.121000  0.66762361E-01
   15.26498794  0.59657322E-02    1.122000  0.64169500E-01
   15.27859310  0.60919758E-02    1.123000  0.65596667E-01
   15.29219826  0.59844872E-02    1.124000  0.64507286E-01
   15.30580342  0.59503596E-02    1.125000  0.64207060E-01
   15.31940857  0.62026139E-02    1.126000  0.66999502E-01
   15.33301373  0.63551678E-02    1.127000  0.68719601E-01
   15.34661889  0.64463856E-02    1.128000  0.69779232E-01
   15.36022405  0.65747356E-02    1.129000  0.71243298E-01
   15.37382921  0.66539683E-02    1.130000  0.72177493E-01
   15.38743437  0.67202898E-02    1.131000  0.72973290E-01
   15.40103953  0.67175400E-02    1.132000  0.73019789E-01
   15.41464468  0.67581124E-02    1.133000  0.73537632E-01
   15.42824984  0.67130943E-02    1.134000  0.73124080E-01
   15.44185500  0.67584906E-02    1.135000  0.73695394E-01
   15.45546016  0.68220177E-02    1.136000  0.74465647E-01
   15.46906532  0.66088179E-02    1.137000  0.72213590E-01
   15.48267048  0.65835407E-02    1.138000  0.72012225E-01
   15.50988079  0.64578987E-02    1.140000  0.70784739E-01
   15.52348595  0.63659471E-02    1.141000  0.69849223E-01
   15.53709111  0.64979664E-02    1.142000  0.71371643E-01
   15.55069627  0.65230743E-02    1.143000  0.71721569E-01
   15.56430143  0.65623901E-02    1.144000  0.72228443E-01
   15.57790659  0.64414069E-02    1.145000  0.70970070E-01
   15.59151175  0.64997659E-02    1.146000  0.71686940E-01
   15.60511690  0.64215860E-02    1.147000  0.70897676E-01
   15.61872206  0.64366565E-02    1.148000  0.71137227E-01
   15.63232722  0.66337185E-02    1.149000  0.73390540E-01
   15.64593238  0.66335477E-02    1.150000  0.73464054E-01
   15.65953754  0.67623315E-02    1.151000  0.74967154E-01
   15.67314270  0.68837100E-02    1.152000  0.76391002E-01
   15.68674786  0.68859750E-02    1.153000  0.76494410E-01
   15.70035301  0.70066685E-02    1.154000  0.77914806E-01
   15.71395817  0.71629133E-02    1.155000  0.79733684E-01
   15.72756333  0.72369309E-02    1.156000  0.80639870E-01
   15.74116849  0.70372180E-02    1.157000  0.78494496E-01
   15.75477365  0.71079427E-02    1.158000  0.79364169E-01
   15.76837881  0.71574590E-02    1.159000  0.79998404E-01
   15.78198397  0.71634815E-02    1.160000  0.80147145E-01
   15.79558912  0.72415120E-02    1.161000  0.81102487E-01
   15.80919428  0.70865372E-02    1.162000  0.79447374E-01
   15.82279944  0.69947712E-02    1.163000  0.78498093E-01
   15.83640460  0.71490871E-02    1.164000  0.80311150E-01
   15.85000976  0.71599816E-02    1.165000  0.80514924E-01
   15.86361492  0.70103090E-02    1.166000  0.78911522E-01
   15.87722008  0.70611196E-02    1.167000  0.79563735E-01
   15.89082524  0.70221484E-02    1.168000  0.79204434E-01
   15.90443039  0.69696215E-02    1.169000  0.78691195E-01
   15.91803555  0.70877432E-02    1.170000  0.80105426E-01
   15.93164071  0.71988700E-02    1.171000  0.81443206E-01
   15.94524587  0.70931568E-02    1.172000  0.80327866E-01
   15.95885103  0.71222789E-02    1.173000  0.80738624E-01
   15.97245619  0.71892631E-02    1.174000  0.81579681E-01
   15.98606135  0.71089673E-02    1.175000  0.80749337E-01
   15.99966650  0.71935188E-02    1.176000  0.81791510E-01
   16.01327166  0.71225667E-02    1.177000  0.81065735E-01
   16.02687682  0.70537079E-02    1.178000  0.80362195E-01
   16.04048198  0.71038451E-02    1.179000  0.81014153E-01
   16.05408714  0.71732422E-02    1.180000  0.81887114E-01
   16.06769230  0.72953698E-02    1.181000  0.83364205E-01
   16.08129746  0.72964980E-02    1.182000  0.83460036E-01
   16.09490261  0.72363642E-02    1.183000  0.82854459E-01
   16.10850777  0.70751390E-02    1.184000  0.81088896E-01
   16.12211293  0.70357352E-02    1.185000  0.80717260E-01
   16.13571809  0.70156489E-02    1.186000  0.80566568E-01
   16.14932325  0.70886872E-02    1.187000  0.81485905E-01
   16.16292841  0.70018378E-02    1.188000  0.80567143E-01
   16.17653357  0.70776761E-02    1.189000  0.81520233E-01
   16.19013872  0.71237128E-02    1.190000  0.82131456E-01
   16.20374388  0.71986724E-02    1.191000  0.83077516E-01
   16.21734904  0.72329382E-02    1.192000  0.83555183E-01
   16.23095420  0.70301415E-02    1.193000  0.81292379E-01
   16.24455936  0.71163487E-02    1.194000  0.82370119E-01
   16.25816452  0.71455509E-02    1.195000  0.82789352E-01
   16.27176968  0.72560157E-02    1.196000  0.84151692E-01
   16.28537483  0.71080622E-02    1.197000  0.82516597E-01
   16.29897999  0.71149088E-02    1.198000  0.82676954E-01
   16.31258515  0.73470197E-02    1.199000  0.85457651E-01
   16.32619031  0.74475441E-02    1.200000  0.86711568E-01
   16.33979547  0.75923379E-02    1.201000  0.88483701E-01
   16.35340063  0.75454725E-02    1.202000  0.88023285E-01
   16.36700579  0.77143454E-02    1.203000  0.90080996E-01
   16.39421610  0.77910789E-02    1.205000  0.91154141E-01
   16.40782126  0.78580003E-02    1.206000  0.92026430E-01
   16.42142642  0.79504697E-02    1.207000  0.93199729E-01
   16.43503158  0.79519425E-02    1.208000  0.93307383E-01
   16.44863674  0.78430664E-02    1.209000  0.92118993E-01
   16.46224190  0.78884445E-02    1.210000  0.92741639E-01
   16.47584705  0.80489406E-02    1.211000  0.94720027E-01
   16.48945221  0.78779815E-02    1.212000  0.92797727E-01
   16.50305737  0.81355288E-02    1.213000  0.95923951E-01
   16.51666253  0.81254003E-02    1.214000  0.95896890E-01
   16.53026769  0.79175941E-02    1.215000  0.93534337E-01
   16.54387285  0.79515151E-02    1.216000  0.94025447E-01
   16.55747801  0.80447964E-02    1.217000  0.95219929E-01
   16.57108316  0.79861958E-02    1.218000  0.94617099E-01
   16.58468832  0.78874476E-02    1.219000  0.93536828E-01
   16.59829348  0.79678036E-02    1.220000  0.94580336E-01
   16.61189864  0.79057716E-02    1.221000  0.93933861E-01
   16.62550380  0.79600476E-02    1.222000  0.94669233E-01
   16.63910896  0.80029377E-02    1.223000  0.95270296E-01
   16.65271412  0.81085699E-02    1.224000  0.96619956E-01
   16.67992443  0.78783795E-02    1.226000  0.94056164E-01
   16.69352959  0.77940494E-02    1.227000  0.93137983E-01
   16.70713475  0.75450474E-02    1.228000  0.90248202E-01
   16.72073991  0.76286424E-02    1.229000  0.91334818E-01
   16.73434507  0.77481528E-02    1.230000  0.92853743E-01
   16.74795023  0.77243982E-02    1.231000  0.92656872E-01
   16.76155538  0.77103668E-02    1.232000  0.92576204E-01
   16.77516054  0.76791674E-02    1.233000  0.92288891E-01
   16.78876570  0.76676647E-02    1.234000  0.92237809E-01
   16.80237086  0.76025936E-02    1.235000  0.91541457E-01
   16.81597602  0.77262951E-02    1.236000  0.93118749E-01
   16.82958118  0.75874296E-02    1.237000  0.91531363E-01
   16.84318634  0.76831274E-02    1.238000  0.92773152E-01
   16.85679150  0.76512033E-02    1.239000  0.92474643E-01
   16.87039665  0.74846440E-02    1.240000  0.90546637E-01
   16.88400181  0.77718771E-02    1.241000  0.94109826E-01
   16.89760697  0.78379957E-02    1.242000  0.94999552E-01
   16.91121213  0.78241001E-02    1.243000  0.94920069E-01
   16.92481729  0.77233423E-02    1.244000  0.93785491E-01
   16.93842245  0.77495279E-02    1.245000  0.94191555E-01
   16.95202761  0.78178739E-02    1.246000  0.95111132E-01
   16.96563276  0.78317376E-02    1.247000  0.95368818E-01
   16.97923792  0.78930090E-02    1.248000  0.96204654E-01
   16.99284308  0.79138807E-02    1.249000  0.96549008E-01
   17.00644824  0.78545448E-02    1.250000  0.95914394E-01
   17.02005340  0.80058690E-02    1.251000  0.97853266E-01
   17.03365856  0.79752170E-02    1.252000  0.97569270E-01
   17.04726372  0.78803004E-02    1.253000  0.96497631E-01
   17.06086887  0.80132987E-02    1.254000  0.98217338E-01
   17.07447403  0.80858403E-02    1.255000  0.99198377E-01
   17.08807919  0.80848819E-02    1.256000  0.99278520E-01
   17.10168435  0.81510991E-02    1.257000  0.10018429E+00
   17.11528951  0.81862729E-02    1.258000  0.10070966E+00
   17.12889467  0.79533634E-02    1.259000  0.97934753E-01
   17.14249983  0.80951581E-02    1.260000  0.99772778E-01
   17.15610498  0.81288645E-02    1.261000  0.10028061E+00
   17.16971014  0.81892683E-02    1.262000  0.10111886E+00
   17.18331530  0.80425854E-02    1.263000  0.99399079E-01
   17.19692046  0.80204512E-02    1.264000  0.99216689E-01
   17.21052562  0.79254999E-02    1.265000  0.98132187E-01
   17.22413078  0.78669373E-02    1.266000  0.97496498E-01
   17.23773594  0.78306144E-02    1.267000  0.97135352E-01
   17.25134109  0.78393500E-02    1.268000  0.97332823E-01
   17.26494625  0.78779595E-02    1.269000  0.97901745E-01
   17.27855141  0.78243799E-02    1.270000  0.97324835E-01
   17.29215657  0.77602571E-02    1.271000  0.96615443E-01
   17.30576173  0.78046942E-02    1.272000  0.97257402E-01
   17.31936689  0.77979703E-02    1.273000  0.97262253E-01
   17.33297205  0.77423072E-02    1.274000  0.96655987E-01
   17.34657720  0.78291874E-02    1.275000  0.97829605E-01
   17.36018236  0.77089481E-02    1.276000  0.96414783E-01
   17.37378752  0.77546262E-02    1.277000  0.97074219E-01
   17.38739268  0.72964447E-02    1.278000  0.91421535E-01
   17.40099784  0.74307002E-02    1.279000  0.93188167E-01
   17.41460300  0.74941906E-02    1.280000  0.94069585E-01
   17.42820816  0.74250485E-02    1.281000  0.93286090E-01
   17.44181331  0.74643011E-02    1.282000  0.93864095E-01
   17.45541847  0.76234506E-02    1.283000  0.95952067E-01
   17.46902363  0.76401431E-02    1.284000  0.96249011E-01
   17.48262879  0.75076481E-02    1.285000  0.94665205E-01
   17.49623395  0.75137408E-02    1.286000  0.94827437E-01
   17.50983911  0.74768666E-02    1.287000  0.94447054E-01
   17.52344427  0.76742496E-02    1.288000  0.97027611E-01
   17.53704942  0.78160821E-02    1.289000  0.98909683E-01
   17.55065458  0.78171307E-02    1.290000  0.99011809E-01
   17.56425974  0.77498419E-02    1.291000  0.98247621E-01
   17.57786490  0.78146816E-02    1.292000  0.99158448E-01
   17.59147006  0.78373865E-02    1.293000  0.99535632E-01
   17.60507522  0.79023011E-02    1.294000  0.10044988E+00
   17.61868038  0.77901716E-02    1.295000  0.99113099E-01
   17.63228553  0.77385786E-02    1.296000  0.98544655E-01
   17.64589069  0.77945362E-02    1.297000  0.99345831E-01
   17.65949585  0.78268005E-02    1.298000  0.99846024E-01
   17.67310101  0.78804684E-02    1.299000  0.10062024E+00
   17.68670617  0.79083293E-02    1.300000  0.10106587E+00
   17.70031133  0.79178325E-02    1.301000  0.10127732E+00
   17.71391649  0.79272806E-02    1.302000  0.10148828E+00
   17.72752164  0.79106914E-02    1.303000  0.10136582E+00
   17.74112680  0.78942300E-02    1.304000  0.10124462E+00
   17.75473196  0.79126615E-02    1.305000  0.10157095E+00
   17.76833712  0.78609570E-02    1.306000  0.10099660E+00
   17.78194228  0.79833938E-02    1.307000  0.10266040E+00
   17.79554744  0.80101503E-02    1.308000  0.10309552E+00
   17.80915260  0.79118609E-02    1.309000  0.10192041E+00
   17.82275776  0.80016790E-02    1.310000  0.10316840E+00
   17.83636291  0.80107203E-02    1.311000  0.10337603E+00
   17.84996807  0.79187057E-02    1.312000  0.10227862E+00
   17.86357323  0.80242933E-02    1.313000  0.10373361E+00
   17.87717839  0.79837956E-02    1.314000  0.10330083E+00
   17.89078355  0.81520295E-02    1.315000  0.10557024E+00
   17.90438871  0.81593107E-02    1.316000  0.10575728E+00
   17.91799387  0.81892556E-02    1.317000  0.10623850E+00
   17.93159902  0.82608293E-02    1.318000  0.10726092E+00
   17.94520418  0.82391989E-02    1.319000  0.10707372E+00
   17.95880934  0.82253514E-02    1.320000  0.10698726E+00
   17.97241450  0.83541011E-02    1.321000  0.10875687E+00
   17.98601966  0.82683841E-02    1.322000  0.10773496E+00
   17.99962482  0.83686319E-02    1.323000  0.10913629E+00
   18.01322998  0.84507185E-02    1.324000  0.11030285E+00
   18.02683513  0.84686275E-02    1.325000  0.11063287E+00
   18.04044029  0.86072048E-02    1.326000  0.11254106E+00
   18.05404545  0.86392163E-02    1.327000  0.11305782E+00
   18.06765061  0.86862823E-02    1.328000  0.11377249E+00
   18.08125577  0.87667505E-02    1.329000  0.11492611E+00
   18.09486093  0.87293118E-02    1.330000  0.11453454E+00
   18.10846609  0.87219568E-02    1.331000  0.11453718E+00
   18.12207124  0.87703908E-02    1.332000  0.11527291E+00
   18.13567640  0.87692108E-02    1.333000  0.11535708E+00
   18.14928156  0.87268020E-02    1.334000  0.11489840E+00
   18.16288672  0.87185685E-02    1.335000  0.11488910E+00
   18.17649188  0.85794162E-02    1.336000  0.11315294E+00
   18.19009704  0.86621902E-02    1.337000  0.11434310E+00
   18.20370220  0.86693723E-02    1.338000  0.11453645E+00
   18.21730735  0.86452586E-02    1.339000  0.11431614E+00
   18.23091251  0.87013679E-02    1.340000  0.11515698E+00
   18.24451767  0.86440649E-02    1.341000  0.11449687E+00
   18.25812283  0.86150188E-02    1.342000  0.11421006E+00
   18.27172799  0.84892124E-02    1.343000  0.11263873E+00
   18.28533315  0.84553078E-02    1.344000  0.11228498E+00
   18.29893831  0.84220052E-02    1.345000  0.11193846E+00
   18.31254346  0.83802874E-02    1.346000  0.11147924E+00
   18.32614862  0.83238091E-02    1.347000  0.11082255E+00
   18.33975378  0.83384094E-02    1.348000  0.11111172E+00
   18.35335894  0.82868310E-02    1.349000  0.11051862E+00
   18.36696410  0.82352813E-02    1.350000  0.10992473E+00
   18.38056926  0.82451972E-02    1.351000  0.11015081E+00
   18.39417442  0.82892438E-02    1.352000  0.11083347E+00
   18.40777957  0.82243450E-02    1.353000  0.11005921E+00
   18.42138473  0.82473938E-02    1.354000  0.11046140E+00
   18.43498989  0.82164619E-02    1.355000  0.11014051E+00
   18.44859505  0.83257403E-02    1.356000  0.11170001E+00
   18.46220021  0.83183191E-02    1.357000  0.11169500E+00
   18.47580537  0.83082793E-02    1.358000  0.11165463E+00
   18.48941053  0.84130396E-02    1.359000  0.11315813E+00
   18.50301568  0.82575561E-02    1.360000  0.11116069E+00
   18.51662084  0.83155182E-02    1.361000  0.11203548E+00
   18.53022600  0.83220092E-02    1.362000  0.11221753E+00
   18.54383116  0.83161373E-02    1.363000  0.11223288E+00
   18.55743632  0.83026497E-02    1.364000  0.11214523E+00
   18.57104148  0.83267827E-02    1.365000  0.11256585E+00
   18.58464664  0.83908749E-02    1.366000  0.11352766E+00
   18.59825179  0.83065253E-02    1.367000  0.11248084E+00
   18.61185695  0.83558988E-02    1.368000  0.11324440E+00
   18.62546211  0.83038012E-02    1.369000  0.11263273E+00
   18.63906727  0.82668608E-02    1.370000  0.11222564E+00
   18.65267243  0.83633366E-02    1.371000  0.11363040E+00
   18.66627759  0.83490518E-02    1.372000  0.11353122E+00
   18.67988275  0.83810322E-02    1.373000  0.11406136E+00
   18.69348790  0.83265225E-02    1.374000  0.11341416E+00
   18.70709306  0.86618993E-02    1.375000  0.11808073E+00
   18.72069822  0.83485736E-02    1.376000  0.11390431E+00
   18.73430338  0.82285519E-02    1.377000  0.11236032E+00
   18.74790854  0.83930768E-02    1.378000  0.11470230E+00
   18.76151370  0.83549311E-02    1.379000  0.11427596E+00
   18.77511886  0.83147061E-02    1.380000  0.11382029E+00
   18.78872402  0.83100097E-02    1.381000  0.11385046E+00
   18.80232917  0.83009817E-02    1.382000  0.11382113E+00
   18.81593433  0.83330773E-02    1.383000  0.11435594E+00
   18.82953949  0.83756109E-02    1.384000  0.11503484E+00
   18.84314465  0.83530088E-02    1.385000  0.11481936E+00
   18.85674981  0.82571190E-02    1.386000  0.11359513E+00
   18.87035497  0.83242973E-02    1.387000  0.11461394E+00
   18.88396013  0.82337861E-02    1.388000  0.11346132E+00
   18.89756528  0.82887747E-02    1.389000  0.11431328E+00
   18.91117044  0.82700032E-02    1.390000  0.11414840E+00
   18.92477560  0.82142430E-02    1.391000  0.11347213E+00
   18.93838076  0.82089975E-02    1.392000  0.11349298E+00
   18.95198592  0.81693068E-02    1.393000  0.11303710E+00
   18.96559108  0.82036052E-02    1.394000  0.11360493E+00
   18.97919624  0.82255294E-02    1.395000  0.11400204E+00
   18.99280139  0.81955437E-02    1.396000  0.11367961E+00
   19.00640655  0.81897853E-02    1.397000  0.11369283E+00
   19.02001171  0.81181905E-02    1.398000  0.11279121E+00
   19.03361687  0.83225090E-02    1.399000  0.11572454E+00
   19.04722203  0.82734602E-02    1.400000  0.11513656E+00
   19.06082719  0.82438126E-02    1.401000  0.11481768E+00
   19.07443235  0.82251781E-02    1.402000  0.11465164E+00
   19.08803750  0.83409272E-02    1.403000  0.11635989E+00
   19.10164266  0.83217076E-02    1.404000  0.11618636E+00
   19.11524782  0.83198009E-02    1.405000  0.11625431E+00
   19.12885298  0.83455971E-02    1.406000  0.11670963E+00
   19.14245814  0.83918509E-02    1.407000  0.11745186E+00
   19.15606330  0.84282469E-02    1.408000  0.11805706E+00
   19.16966846  0.84809392E-02    1.409000  0.11889154E+00
   19.18327361  0.85041698E-02    1.410000  0.11931387E+00
   19.19687877  0.85198615E-02    1.411000  0.11963087E+00
   19.21048393  0.86069222E-02    1.412000  0.12095116E+00
   19.22408909  0.85483097E-02    1.413000  0.12022466E+00
   19.23769425  0.84061374E-02    1.414000  0.11832068E+00
   19.25129941  0.85473374E-02    1.415000  0.12040530E+00
   19.26490457  0.85280458E-02    1.416000  0.12023048E+00
   19.27850972  0.85411235E-02    1.417000  0.12051194E+00
   19.29211488  0.85340520E-02    1.418000  0.12050917E+00
   19.30572004  0.87115479E-02    1.419000  0.12311461E+00
   19.31932520  0.86578891E-02    1.420000  0.12245470E+00
   19.33293036  0.86613194E-02    1.421000  0.12260167E+00
   19.34653552  0.86739137E-02    1.422000  0.12287854E+00
   19.36014068  0.87780076E-02    1.423000  0.12445296E+00
   19.37374583  0.87794700E-02    1.424000  0.12457349E+00
   19.38735099  0.87654779E-02    1.425000  0.12447459E+00
   19.40095615  0.87623708E-02    1.426000  0.12453007E+00
   19.41456131  0.88373914E-02    1.427000  0.12569671E+00
   19.42816647  0.89094849E-02    1.428000  0.12682339E+00
   19.44177163  0.88757250E-02    1.429000  0.12644372E+00
   19.45537679  0.89988660E-02    1.430000  0.12830028E+00
   19.46898194  0.89618866E-02    1.431000  0.12787492E+00
   19.48258710  0.89396291E-02    1.432000  0.12765895E+00
   19.49619226  0.89759825E-02    1.433000  0.12828011E+00
   19.50979742  0.90457672E-02    1.434000  0.12938026E+00
   19.52340258  0.90452004E-02    1.435000  0.12947497E+00
   19.53700774  0.90637862E-02    1.436000  0.12984404E+00
   19.55061290  0.91206876E-02    1.437000  0.13076286E+00
   19.56421805  0.92316933E-02    1.438000  0.13245928E+00
   19.57782321  0.90721232E-02    1.439000  0.13027284E+00
   19.59142837  0.91838198E-02    1.440000  0.13198116E+00
   19.99958313  0.97697436E-02    1.470000  0.14373308E+00
   24.99947891  0.11135103E-01    1.837500  0.21033577E+00
   29.99937469  0.12161125E-01    2.205000  0.28051827E+00
   34.99927048  0.13088751E-01    2.572500  0.35659219E+00
   39.99916626  0.13961844E-01    2.940000  0.43870266E+00
   44.99906204  0.14365282E-01    3.307500  0.51138841E+00
   49.99895782  0.14623803E-01    3.675000  0.58168050E+00
   54.99885361  0.14773976E-01    4.042500  0.64937020E+00
   59.99874939  0.14912393E-01    4.410000  0.71774868E+00
   64.99864517  0.15188882E-01    4.777500  0.79450594E+00
   69.99854095  0.15192525E-01    5.145000  0.85816132E+00
   74.99843674  0.15112282E-01    5.512500  0.91675832E+00
   79.99833252  0.14978488E-01    5.880000  0.97121263E+00
   84.99822830  0.14803395E-01    6.247500  0.10216988E+01
   89.99812408  0.14606968E-01    6.615000  0.10691605E+01
   94.99801987  0.14389775E-01    6.982500  0.11133744E+01
   99.99791565  0.14160379E-01    7.350000  0.11547786E+01
  104.99781143  0.13924499E-01    7.717500  0.11937104E+01
  109.99770721  0.13684969E-01    8.085000  0.12303433E+01
  114.99760300  0.13444104E-01    8.452500  0.12648494E+01
  119.99749878  0.13203921E-01    8.820000  0.12974101E+01
  124.99739456  0.12964218E-01    9.187500  0.13280134E+01
  129.99729034  0.12727525E-01    9.555000  0.13569348E+01
  134.99718613  0.12493719E-01    9.922500  0.13841987E+01
