       eV          sigma            Ry          om               in 10^-16                                                                       
   10.95215267  0.10258753E+03    0.805000  0.38000316E+00
   10.96575782  0.61352462E+02    0.806000  0.10641324E+01
   10.97936298  0.43857430E+02    0.807000  0.13589210E+01
   10.99296814  0.32762906E+02    0.808000  0.14620564E+01
   11.00657330  0.26230043E+02    0.809000  0.15283131E+01
   11.02017846  0.22162386E+02    0.810000  0.15936116E+01
   11.03378362  0.19519449E+02    0.811000  0.16698211E+01
   11.04738878  0.18194935E+02    0.812000  0.18046996E+01
   11.06099394  0.17022885E+02    0.813000  0.19206464E+01
   11.07459909  0.16211594E+02    0.814000  0.20502430E+01
   11.08820425  0.15642829E+02    0.815000  0.21916869E+01
   11.10180941  0.15243827E+02    0.816000  0.23437153E+01
   11.11541457  0.14965787E+02    0.817000  0.25051062E+01
   11.12901973  0.14776333E+02    0.818000  0.26749488E+01
   11.14262489  0.14834099E+02    0.819000  0.28877490E+01
   11.15623005  0.14777429E+02    0.820000  0.30782870E+01
   11.16983520  0.14758830E+02    0.821000  0.32757287E+01
   11.18344036  0.14768746E+02    0.822000  0.34793811E+01
   11.19704552  0.14799683E+02    0.823000  0.36885431E+01
   11.21065068  0.14846137E+02    0.824000  0.39026280E+01
   11.22425584  0.14903710E+02    0.825000  0.41210546E+01
   11.23786100  0.14969057E+02    0.826000  0.43433077E+01
   11.25146616  0.15123700E+02    0.827000  0.45944709E+01
   11.26507131  0.15203264E+02    0.828000  0.48260202E+01
   11.27867647  0.15284779E+02    0.829000  0.50603863E+01
   11.29228163  0.15367118E+02    0.830000  0.52972600E+01
   11.30588679  0.15448465E+02    0.831000  0.55360245E+01
   11.31949195  0.15528509E+02    0.832000  0.57765236E+01
   11.33309711  0.15606545E+02    0.833000  0.60184321E+01
   11.34670227  0.15681982E+02    0.834000  0.62614317E+01
   11.36030742  0.15754418E+02    0.835000  0.65052500E+01
   11.37391258  0.15823553E+02    0.836000  0.67496361E+01
   11.38751774  0.15889334E+02    0.837000  0.69944321E+01
   11.40112290  0.15951588E+02    0.838000  0.72394222E+01
   11.41472806  0.16056558E+02    0.839000  0.75060794E+01
   11.42833322  0.16113501E+02    0.840000  0.77524933E+01
   11.44193838  0.16167113E+02    0.841000  0.79988127E+01
   11.45554353  0.16217464E+02    0.842000  0.82449369E+01
   11.46914869  0.16264801E+02    0.843000  0.84908611E+01
   11.48275385  0.16309376E+02    0.844000  0.87365972E+01
   11.49635901  0.16351359E+02    0.845000  0.89821256E+01
   11.50996417  0.16392062E+02    0.846000  0.92280788E+01
   11.52356933  0.16426039E+02    0.847000  0.94712638E+01
   11.53717449  0.16463363E+02    0.848000  0.97173518E+01
   11.55077964  0.16498652E+02    0.849000  0.99632285E+01
   11.56438480  0.16533320E+02    0.850000  0.10209685E+02
   11.57798996  0.16567850E+02    0.851000  0.10457000E+02
   11.59159512  0.16616497E+02    0.852000  0.10714360E+02
   11.60520028  0.16655688E+02    0.853000  0.10966820E+02
   11.61880544  0.16687474E+02    0.854000  0.11215373E+02
   11.63241060  0.16729771E+02    0.855000  0.11472001E+02
   11.64601575  0.16801450E+02    0.856000  0.11750331E+02
   11.65962091  0.16880952E+02    0.857000  0.12036195E+02
   11.67322607  0.17137014E+02    0.858000  0.12452524E+02
   11.68683123  0.18280051E+02    0.859000  0.13532453E+02
   11.70043639  0.16817835E+02    0.860000  0.12679398E+02
   11.71404155  0.16056545E+02    0.861000  0.12324459E+02
   11.72764671  0.16601577E+02    0.862000  0.12969259E+02
   11.74125186  0.18325524E+02    0.863000  0.14565985E+02
   11.75485702  0.18835614E+02    0.864000  0.15228354E+02
   11.76846218  0.16492356E+02    0.865000  0.13558822E+02
   11.78206734  0.16757201E+02    0.866000  0.14005133E+02
   11.79567250  0.17042234E+02    0.867000  0.14475817E+02
   11.80927766  0.17136185E+02    0.868000  0.14789364E+02
   11.82288282  0.17355849E+02    0.869000  0.15215685E+02
   11.83648797  0.17549443E+02    0.870000  0.15624788E+02
   11.85009313  0.17807603E+02    0.871000  0.16097539E+02
   11.86369829  0.18268441E+02    0.872000  0.16763311E+02
   11.87730345  0.17670275E+02    0.873000  0.16455457E+02
   11.89090861  0.17427653E+02    0.874000  0.16467235E+02
   11.90451377  0.17349322E+02    0.875000  0.16629872E+02
   11.91811893  0.17322560E+02    0.876000  0.16840507E+02
   11.93172408  0.17308022E+02    0.877000  0.17062461E+02
   11.94532924  0.17294788E+02    0.878000  0.17285323E+02
   11.95893440  0.17278900E+02    0.879000  0.17505134E+02
   11.97253956  0.17059529E+02    0.880000  0.17515590E+02
   11.98614472  0.17010939E+02    0.881000  0.17697737E+02
   11.99974988  0.16981704E+02    0.882000  0.17898959E+02
   12.01335504  0.16924208E+02    0.883000  0.18069210E+02
   12.02696020  0.17015498E+02    0.884000  0.18398774E+02
   12.04056535  0.16731661E+02    0.885000  0.18320089E+02
   12.05417051  0.16602701E+02    0.886000  0.18405353E+02
   12.06777567  0.16542225E+02    0.887000  0.18563953E+02
   12.08138083  0.16484989E+02    0.888000  0.18724584E+02
   12.09498599  0.16446081E+02    0.889000  0.18904721E+02
   12.10859115  0.16429814E+02    0.890000  0.19110131E+02
   12.12219631  0.16545657E+02    0.891000  0.19470562E+02
   12.13580146  0.17047675E+02    0.892000  0.20293863E+02
   12.14940662  0.16149840E+02    0.893000  0.19445353E+02
   12.16301178  0.15974691E+02    0.894000  0.19452365E+02
   12.17661694  0.15815334E+02    0.895000  0.19474043E+02
   12.19022210  0.15636090E+02    0.896000  0.19466615E+02
   12.20382726  0.15493950E+02    0.897000  0.19500998E+02
   12.21743242  0.15355514E+02    0.898000  0.19536214E+02
   12.23103757  0.15220536E+02    0.899000  0.19572101E+02
   12.24464273  0.15079678E+02    0.900000  0.19596664E+02
   12.25824789  0.14957586E+02    0.901000  0.19642028E+02
   12.27185305  0.14842786E+02    0.902000  0.19693736E+02
   12.28545821  0.14735202E+02    0.903000  0.19751985E+02
   12.29906337  0.14634384E+02    0.904000  0.19816461E+02
   12.31266853  0.14522677E+02    0.905000  0.19863294E+02
   12.32627368  0.14415042E+02    0.906000  0.19912703E+02
   12.33987884  0.14266960E+02    0.907000  0.19902753E+02
   12.35348400  0.14117581E+02    0.908000  0.19886934E+02
   12.36708916  0.14086042E+02    0.909000  0.20034645E+02
   12.38069432  0.13958944E+02    0.910000  0.20044279E+02
   12.39429948  0.13551510E+02    0.911000  0.19644074E+02
   12.40790464  0.13583414E+02    0.912000  0.19875604E+02
   12.42150979  0.13590894E+02    0.913000  0.20071935E+02
   12.43511495  0.13577391E+02    0.914000  0.20237194E+02
   12.44872011  0.13548543E+02    0.915000  0.20379003E+02
   12.46232527  0.13507287E+02    0.916000  0.20501193E+02
   12.47593043  0.13467113E+02    0.917000  0.20623913E+02
   12.48953559  0.13425091E+02    0.918000  0.20742683E+02
   12.50314075  0.13382336E+02    0.919000  0.20859164E+02
   12.51674590  0.13337563E+02    0.920000  0.20971305E+02
   12.53035106  0.13293971E+02    0.921000  0.21084098E+02
   12.54395622  0.13250106E+02    0.922000  0.21195266E+02
   12.55756138  0.13206070E+02    0.923000  0.21304961E+02
   12.57116654  0.13161836E+02    0.924000  0.21413131E+02
   12.58477170  0.13117087E+02    0.925000  0.21519252E+02
   12.59837686  0.13071810E+02    0.926000  0.21623276E+02
   12.61198201  0.13026121E+02    0.927000  0.21725380E+02
   12.62558717  0.12980520E+02    0.928000  0.21826385E+02
   12.63919233  0.12931923E+02    0.929000  0.21921067E+02
   12.65279749  0.12904115E+02    0.930000  0.22049946E+02
   12.66640265  0.12957596E+02    0.931000  0.22318078E+02
   12.68000781  0.13406349E+02    0.932000  0.23273875E+02
   12.69361297  0.13579986E+02    0.933000  0.23760551E+02
   12.70721812  0.13212874E+02    0.934000  0.23298453E+02
   12.72082328  0.13019084E+02    0.935000  0.23134327E+02
   12.73442844  0.12908444E+02    0.936000  0.23113800E+02
   12.74803360  0.12835552E+02    0.937000  0.23158362E+02
   12.76163876  0.12789193E+02    0.938000  0.23249169E+02
   12.77524392  0.12817439E+02    0.939000  0.23475352E+02
   12.78884908  0.12921118E+02    0.940000  0.23841490E+02
   12.80245423  0.12573801E+02    0.941000  0.23372147E+02
   12.81605939  0.12506727E+02    0.942000  0.23418068E+02
   12.82966455  0.12496139E+02    0.943000  0.23568695E+02
   12.84326971  0.12553255E+02    0.944000  0.23847651E+02
   12.85687487  0.12411686E+02    0.945000  0.23748010E+02
   12.87048003  0.12385961E+02    0.946000  0.23867739E+02
   12.88408519  0.12335244E+02    0.947000  0.23938264E+02
   12.89769034  0.12392319E+02    0.948000  0.24218063E+02
   12.91129550  0.12419547E+02    0.949000  0.24440680E+02
   12.92490066  0.12426455E+02    0.950000  0.24623776E+02
   12.93850582  0.12469451E+02    0.951000  0.24879065E+02
   12.95211098  0.12534154E+02    0.952000  0.25179131E+02
   12.96571614  0.12574301E+02    0.953000  0.25431298E+02
   12.97932130  0.12602769E+02    0.954000  0.25660781E+02
   12.99292646  0.12495012E+02    0.955000  0.25611811E+02
   13.00653161  0.12318594E+02    0.956000  0.25418227E+02
   13.02013677  0.12125836E+02    0.957000  0.25185890E+02
   13.03374193  0.12068557E+02    0.958000  0.25231539E+02
   13.04734709  0.12028852E+02    0.959000  0.25312606E+02
   13.06095225  0.11969133E+02    0.960000  0.25350203E+02
   13.07455741  0.11967943E+02    0.961000  0.25510929E+02
   13.08816257  0.11946329E+02    0.962000  0.25627809E+02
   13.10176772  0.11931502E+02    0.963000  0.25758751E+02
   13.11537288  0.11907424E+02    0.964000  0.25869193E+02
   13.12897804  0.11877973E+02    0.965000  0.25967230E+02
   13.14258320  0.11846543E+02    0.966000  0.26060109E+02
   13.15618836  0.11809153E+02    0.967000  0.26138940E+02
   13.16979352  0.11780983E+02    0.968000  0.26237284E+02
   13.18339868  0.11748177E+02    0.969000  0.26324473E+02
   13.19700383  0.11728702E+02    0.970000  0.26440819E+02
   13.21060899  0.11699224E+02    0.971000  0.26533945E+02
   13.22421415  0.11638787E+02    0.972000  0.26555633E+02
   13.23781931  0.11602967E+02    0.973000  0.26632172E+02
   13.25142447  0.11583159E+02    0.974000  0.26744705E+02
   13.26502963  0.11544433E+02    0.975000  0.26812762E+02
   13.27863479  0.11493172E+02    0.976000  0.26850474E+02
   13.30584510  0.11492809E+02    0.978000  0.27163161E+02
   13.31945026  0.11462577E+02    0.979000  0.27248062E+02
   13.33305542  0.11432519E+02    0.980000  0.27332552E+02
   13.34666058  0.11411998E+02    0.981000  0.27439155E+02
   13.36026574  0.11414976E+02    0.982000  0.27602022E+02
   13.37387090  0.11419167E+02    0.983000  0.27767918E+02
   13.38747605  0.11413613E+02    0.984000  0.27910098E+02
   13.40108121  0.11365242E+02    0.985000  0.27946840E+02
   13.41468637  0.11359425E+02    0.986000  0.28087484E+02
   13.42829153  0.11328935E+02    0.987000  0.28166625E+02
   13.44189669  0.11317927E+02    0.988000  0.28293638E+02
   13.45550185  0.11276296E+02    0.989000  0.28343378E+02
   13.46910701  0.11277499E+02    0.990000  0.28500230E+02
   13.48271216  0.11261830E+02    0.991000  0.28614247E+02
   13.49631732  0.11251253E+02    0.992000  0.28740844E+02
   13.50992248  0.11243807E+02    0.993000  0.28875194E+02
   13.52352764  0.11231248E+02    0.994000  0.28996140E+02
   13.53713280  0.11218503E+02    0.995000  0.29116260E+02
   13.55073796  0.11220471E+02    0.996000  0.29274420E+02
   13.56434312  0.11209719E+02    0.997000  0.29399273E+02
   13.57794827  0.11189378E+02    0.998000  0.29498553E+02
   13.59155343  0.11152257E+02    0.999000  0.29552812E+02
   13.60515859  0.11102707E+02    1.000000  0.29572952E+02
   13.61876375  0.11063032E+02    1.001000  0.29618180E+02
   13.63236891  0.11050282E+02    1.002000  0.29734774E+02
   13.64597407  0.11053457E+02    1.003000  0.29894093E+02
   13.65957923  0.11040173E+02    1.004000  0.30008757E+02
   13.67318438  0.11020857E+02    1.005000  0.30106583E+02
   13.70039470  0.10998982E+02    1.007000  0.30346887E+02
   13.71399986  0.10940178E+02    1.008000  0.30333869E+02
   13.75481534  0.10854120E+02    1.011000  0.30539421E+02
   13.76842049  0.10875290E+02    1.012000  0.30747327E+02
   13.78202565  0.10882597E+02    1.013000  0.30916429E+02
   13.79563081  0.10908424E+02    1.014000  0.31138596E+02
   13.80923597  0.10873588E+02    1.015000  0.31187477E+02
   13.82284113  0.10851130E+02    1.016000  0.31271076E+02
   13.83644629  0.10827782E+02    1.017000  0.31351487E+02
   13.85005145  0.10790178E+02    1.018000  0.31389786E+02
   13.86365660  0.10752007E+02    1.019000  0.31425405E+02
   13.87726176  0.10727066E+02    1.020000  0.31498829E+02
   13.89086692  0.10696247E+02    1.021000  0.31554235E+02
   13.90447208  0.10661564E+02    1.022000  0.31597346E+02
   13.91807724  0.10631152E+02    1.023000  0.31652230E+02
   13.93168240  0.10629824E+02    1.024000  0.31793270E+02
   13.94528756  0.10636247E+02    1.025000  0.31957563E+02
   13.95889272  0.10603640E+02    1.026000  0.32004231E+02
   13.97249787  0.10594414E+02    1.027000  0.32120896E+02
   13.98610303  0.10569642E+02    1.028000  0.32189965E+02
   13.99970819  0.10572077E+02    1.029000  0.32341588E+02
   14.01331335  0.10564637E+02    1.030000  0.32462934E+02
   14.02691851  0.10555238E+02    1.031000  0.32578029E+02
   14.04052367  0.10517248E+02    1.032000  0.32604237E+02
   14.05412883  0.10499032E+02    1.033000  0.32690977E+02
   14.06773398  0.10501513E+02    1.034000  0.32841947E+02
   14.08133914  0.10491227E+02    1.035000  0.32952881E+02
   14.09494430  0.10482452E+02    1.036000  0.33068305E+02
   14.10854946  0.10485011E+02    1.037000  0.33219396E+02
   14.12215462  0.10476290E+02    1.038000  0.33334667E+02
   14.13575978  0.10478035E+02    1.039000  0.33483145E+02
   14.14936494  0.10459948E+02    1.040000  0.33568023E+02
   14.16297009  0.10453535E+02    1.041000  0.33690035E+02
   14.17657525  0.10437943E+02    1.042000  0.33782159E+02
   14.19018041  0.10430761E+02    1.043000  0.33901195E+02
   14.20378557  0.10419697E+02    1.044000  0.34007366E+02
   14.21739073  0.10396883E+02    1.045000  0.34074722E+02
   14.23099589  0.10383070E+02    1.046000  0.34171082E+02
   14.24460105  0.10373680E+02    1.047000  0.34281680E+02
   14.25820620  0.10347506E+02    1.048000  0.34336326E+02
   14.27181136  0.10319293E+02    1.049000  0.34383466E+02
   14.28541652  0.10308525E+02    1.050000  0.34488201E+02
   14.29902168  0.10303444E+02    1.051000  0.34611744E+02
   14.31262684  0.10276903E+02    1.052000  0.34662767E+02
   14.32623200  0.10244996E+02    1.053000  0.34694896E+02
   14.33983716  0.10233959E+02    1.054000  0.34797114E+02
   14.35344231  0.10239378E+02    1.055000  0.34955208E+02
   14.36704747  0.10232107E+02    1.056000  0.35069956E+02
   14.38065263  0.10219122E+02    1.057000  0.35164844E+02
   14.39425779  0.10226718E+02    1.058000  0.35330477E+02
   14.40786295  0.10240859E+02    1.059000  0.35519021E+02
   14.42146811  0.10240239E+02    1.060000  0.35656552E+02
   14.43507327  0.10241503E+02    1.061000  0.35800650E+02
   14.44867842  0.10240497E+02    1.062000  0.35936819E+02
   14.46228358  0.10235455E+02    1.063000  0.36058740E+02
   14.47588874  0.10227815E+02    1.064000  0.36171337E+02
   14.48949390  0.10220845E+02    1.065000  0.36286105E+02
   14.50309906  0.10210234E+02    1.066000  0.36387705E+02
   14.51670422  0.10207879E+02    1.067000  0.36518552E+02
   14.53030938  0.10197290E+02    1.068000  0.36619765E+02
   14.54391453  0.10174948E+02    1.069000  0.36678321E+02
   14.55751969  0.10170061E+02    1.070000  0.36799428E+02
   14.57112485  0.10129109E+02    1.071000  0.36789410E+02
   14.58473001  0.10085481E+02    1.072000  0.36768523E+02
   14.59833517  0.10069997E+02    1.073000  0.36849432E+02
   14.61194033  0.10060976E+02    1.074000  0.36953657E+02
   14.62554549  0.10075122E+02    1.075000  0.37143041E+02
   14.63915064  0.10074199E+02    1.076000  0.37277055E+02
   14.65275580  0.10064430E+02    1.077000  0.37378190E+02
   14.66636096  0.10045682E+02    1.078000  0.37445591E+02
   14.67996612  0.10022085E+02    1.079000  0.37494338E+02
   14.69357128  0.10011267E+02    1.080000  0.37590423E+02
   14.70717644  0.99988633E+01    1.081000  0.37680237E+02
   14.72078160  0.99863807E+01    1.082000  0.37769415E+02
   14.73438675  0.99676106E+01    1.083000  0.37834387E+02
   14.74799191  0.99546793E+01    1.084000  0.37921089E+02
   14.76159707  0.99454111E+01    1.085000  0.38021442E+02
   14.77520223  0.99352860E+01    1.086000  0.38118255E+02
   14.78880739  0.99096635E+01    1.087000  0.38155122E+02
   14.80241255  0.99095784E+01    1.088000  0.38289965E+02
   14.81601771  0.98961176E+01    1.089000  0.38372940E+02
   14.82962286  0.98986685E+01    1.090000  0.38517853E+02
   14.84322802  0.98880600E+01    1.091000  0.38611450E+02
   14.85683318  0.98700339E+01    1.092000  0.38675692E+02
   14.87043834  0.98636999E+01    1.093000  0.38785417E+02
   14.88404350  0.98635188E+01    1.094000  0.38919247E+02
   14.89764866  0.98512326E+01    1.095000  0.39005143E+02
   14.91125382  0.98374876E+01    1.096000  0.39084908E+02
   14.92485898  0.98306019E+01    1.097000  0.39191644E+02
   14.93846413  0.98330176E+01    1.098000  0.39335401E+02
   14.95206929  0.98293873E+01    1.099000  0.39454955E+02
   14.96567445  0.98151477E+01    1.100000  0.39531680E+02
   14.97927961  0.97980502E+01    1.101000  0.39596467E+02
   14.99288477  0.97861941E+01    1.102000  0.39682041E+02
   15.00648993  0.97796936E+01    1.103000  0.39789081E+02
   15.02009509  0.97611942E+01    1.104000  0.39846962E+02
   15.03370024  0.97525152E+01    1.105000  0.39944561E+02
   15.04730540  0.97478706E+01    1.106000  0.40058502E+02
   15.06091056  0.97504885E+01    1.107000  0.40202261E+02
   15.07451572  0.97478675E+01    1.108000  0.40324419E+02
   15.08812088  0.97479560E+01    1.109000  0.40457751E+02
   15.10172604  0.97364066E+01    1.110000  0.40542625E+02
   15.11533120  0.97262465E+01    1.111000  0.40632988E+02
   15.12893635  0.97206302E+01    1.112000  0.40742118E+02
   15.14254151  0.97109361E+01    1.113000  0.40833948E+02
   15.15614667  0.97026810E+01    1.114000  0.40931584E+02
   15.16975183  0.96965725E+01    1.115000  0.41038080E+02
   15.18335699  0.96926426E+01    1.116000  0.41153659E+02
   15.19696215  0.96808782E+01    1.117000  0.41235760E+02
   15.21056731  0.96726269E+01    1.118000  0.41332552E+02
   15.22417246  0.96675939E+01    1.119000  0.41442915E+02
   15.23777762  0.96645150E+01    1.120000  0.41561544E+02
   15.25138278  0.96581904E+01    1.121000  0.41666087E+02
   15.26498794  0.96517857E+01    1.122000  0.41770111E+02
   15.27859310  0.96473460E+01    1.123000  0.41882491E+02
   15.29219826  0.96384680E+01    1.124000  0.41975421E+02
   15.30580342  0.96280068E+01    1.125000  0.42061192E+02
   15.31940857  0.96154341E+01    1.126000  0.42137425E+02
   15.33301373  0.96085608E+01    1.127000  0.42238369E+02
   15.34661889  0.95940336E+01    1.128000  0.42305375E+02
   15.36022405  0.95874613E+01    1.129000  0.42407171E+02
   15.37382921  0.95812468E+01    1.130000  0.42510375E+02
   15.38743437  0.95731717E+01    1.131000  0.42605129E+02
   15.40103953  0.95667185E+01    1.132000  0.42706903E+02
   15.41464468  0.95585180E+01    1.133000  0.42800677E+02
   15.42824984  0.95474135E+01    1.134000  0.42881184E+02
   15.44185500  0.95390709E+01    1.135000  0.42973831E+02
   15.45546016  0.95321219E+01    1.136000  0.43072547E+02
   15.46906532  0.95252322E+01    1.137000  0.43171343E+02
   15.48267048  0.95190215E+01    1.138000  0.43273037E+02
   15.50988079  0.95477269E+01    1.140000  0.43664000E+02
   15.52348595  0.95747124E+01    1.141000  0.43918014E+02
   15.53709111  0.96178909E+01    1.142000  0.44247260E+02
   15.55069627  0.97083900E+01    1.143000  0.44796029E+02
   15.56430143  0.98380329E+01    1.144000  0.45528416E+02
   15.57790659  0.10003447E+02    1.145000  0.46430372E+02
   15.59151175  0.10157318E+02    1.146000  0.47283102E+02
   15.60511690  0.10238362E+02    1.147000  0.47800023E+02
   15.61872206  0.10170739E+02    1.148000  0.47623044E+02
   15.63232722  0.10067571E+02    1.149000  0.47277300E+02
   15.64593238  0.99346221E+01    1.150000  0.46788484E+02
   15.65953754  0.98211297E+01    1.151000  0.46387940E+02
   15.67314270  0.97249421E+01    1.152000  0.46066271E+02
   15.68674786  0.96630953E+01    1.153000  0.45905116E+02
   15.70035301  0.95975623E+01    1.154000  0.45724712E+02
   15.71395817  0.95641278E+01    1.155000  0.45695882E+02
   15.72756333  0.95161011E+01    1.156000  0.45596221E+02
   15.74116849  0.94909903E+01    1.157000  0.45605364E+02
   15.75477365  0.94608811E+01    1.158000  0.45589736E+02
   15.76837881  0.94414388E+01    1.159000  0.45624833E+02
   15.78198397  0.94135212E+01    1.160000  0.45618328E+02
   15.79558912  0.94002617E+01    1.161000  0.45682295E+02
   15.80919428  0.93907215E+01    1.162000  0.45764026E+02
   15.82279944  0.93700670E+01    1.163000  0.45791181E+02
   15.83640460  0.93566253E+01    1.164000  0.45853120E+02
   15.85000976  0.93385179E+01    1.165000  0.45891764E+02
   15.86361492  0.93380358E+01    1.166000  0.46016769E+02
   15.87722008  0.93174258E+01    1.167000  0.46042299E+02
   15.89082524  0.93002857E+01    1.168000  0.46084460E+02
   15.90443039  0.92869967E+01    1.169000  0.46145289E+02
   15.91803555  0.92685553E+01    1.170000  0.46180084E+02
   15.93164071  0.92514397E+01    1.171000  0.46221000E+02
   15.94524587  0.92391722E+01    1.172000  0.46285736E+02
   15.95885103  0.92275117E+01    1.173000  0.46353187E+02
   15.97245619  0.92133912E+01    1.174000  0.46407929E+02
   15.98606135  0.91912502E+01    1.175000  0.46421777E+02
   15.99966650  0.91769503E+01    1.176000  0.46474730E+02
   16.01327166  0.91582081E+01    1.177000  0.46504736E+02
   16.02687682  0.91165776E+01    1.178000  0.46417693E+02
   16.04048198  0.90000358E+01    1.179000  0.45947076E+02
   16.05408714  0.88496800E+01    1.180000  0.45300191E+02
   16.06769230  0.90674362E+01    1.181000  0.46538536E+02
   16.08129746  0.91295445E+01    1.182000  0.46981837E+02
   16.09490261  0.91272885E+01    1.183000  0.47094727E+02
   16.10850777  0.91228062E+01    1.184000  0.47196038E+02
   16.12211293  0.91324784E+01    1.185000  0.47370647E+02
   16.13571809  0.91277795E+01    1.186000  0.47470780E+02
   16.14932325  0.91271013E+01    1.187000  0.47591750E+02
   16.16292841  0.91188847E+01    1.188000  0.47673291E+02
   16.17653357  0.91286120E+01    1.189000  0.47848663E+02
   16.19013872  0.91465524E+01    1.190000  0.48067462E+02
   16.20374388  0.92543139E+01    1.191000  0.48760009E+02
   16.21734904  0.94650982E+01    1.192000  0.49999717E+02
   16.23095420  0.95676117E+01    1.193000  0.50671754E+02
   16.24455936  0.94647573E+01    1.194000  0.50256122E+02
   16.25816452  0.94097051E+01    1.195000  0.50092157E+02
   16.27176968  0.93650958E+01    1.196000  0.49982425E+02
   16.28537483  0.93302817E+01    1.197000  0.49923887E+02
   16.29897999  0.92955727E+01    1.198000  0.49864964E+02
   16.31258515  0.92427075E+01    1.199000  0.49707449E+02
   16.32619031  0.94711939E+01    1.200000  0.51065444E+02
   16.33979547  0.93695587E+01    1.201000  0.50645266E+02
   16.35340063  0.93334073E+01    1.202000  0.50577168E+02
   16.36700579  0.93054327E+01    1.203000  0.50552505E+02
   16.39421610  0.92126031E+01    1.205000  0.50299528E+02
   16.40782126  0.91769001E+01    1.206000  0.50229771E+02
   16.42142642  0.91504700E+01    1.207000  0.50209922E+02
   16.43503158  0.91374402E+01    1.208000  0.50263064E+02
   16.44863674  0.91298949E+01    1.209000  0.50346094E+02
   16.46224190  0.91290077E+01    1.210000  0.50465725E+02
   16.47584705  0.91300572E+01    1.211000  0.50596064E+02
   16.48945221  0.91297599E+01    1.212000  0.50718950E+02
   16.50305737  0.91286109E+01    1.213000  0.50837085E+02
   16.51666253  0.91283689E+01    1.214000  0.50960252E+02
   16.53026769  0.91255652E+01    1.215000  0.51069076E+02
   16.54387285  0.91182891E+01    1.216000  0.51152734E+02
   16.55747801  0.91059682E+01    1.217000  0.51207824E+02
   16.57108316  0.90949861E+01    1.218000  0.51270125E+02
   16.58468832  0.90882349E+01    1.219000  0.51356034E+02
   16.59829348  0.90756415E+01    1.220000  0.51408666E+02
   16.61189864  0.90717253E+01    1.221000  0.51510225E+02
   16.62550380  0.90713042E+01    1.222000  0.51631570E+02
   16.63910896  0.90901197E+01    1.223000  0.51862656E+02
   16.65271412  0.91035233E+01    1.224000  0.52063304E+02
   16.67992443  0.91414317E+01    1.226000  0.52529489E+02
   16.69352959  0.91687996E+01    1.227000  0.52811819E+02
   16.70713475  0.91842636E+01    1.228000  0.53026168E+02
   16.72073991  0.91970276E+01    1.229000  0.53225313E+02
   16.73434507  0.92072257E+01    1.230000  0.53409922E+02
   16.74795023  0.92147240E+01    1.231000  0.53579111E+02
   16.76155538  0.92243482E+01    1.232000  0.53760895E+02
   16.77516054  0.92163499E+01    1.233000  0.53839994E+02
   16.78876570  0.92121320E+01    1.234000  0.53941011E+02
   16.80237086  0.92101246E+01    1.235000  0.54054887E+02
   16.81597602  0.91988287E+01    1.236000  0.54114066E+02
   16.82958118  0.91763484E+01    1.237000  0.54106990E+02
   16.84318634  0.91769539E+01    1.238000  0.54235737E+02
   16.85679150  0.92066476E+01    1.239000  0.54536809E+02
   16.87039665  0.95233350E+01    1.240000  0.56542651E+02
   16.88400181  0.96626461E+01    1.241000  0.57501582E+02
   16.89760697  0.95111163E+01    1.242000  0.56729576E+02
   16.91121213  0.94079567E+01    1.243000  0.56242603E+02
   16.92481729  0.93534653E+01    1.244000  0.56044428E+02
   16.93842245  0.93202175E+01    1.245000  0.55972344E+02
   16.95202761  0.93020269E+01    1.246000  0.55989984E+02
   16.96563276  0.93003705E+01    1.247000  0.56106875E+02
   16.97923792  0.93239650E+01    1.248000  0.56376397E+02
   16.99284308  0.93589714E+01    1.249000  0.56715720E+02
   17.00644824  0.94024039E+01    1.250000  0.57107175E+02
   17.02005340  0.94442252E+01    1.251000  0.57490007E+02
   17.03365856  0.94616279E+01    1.252000  0.57725003E+02
   17.04726372  0.94512805E+01    1.253000  0.57790793E+02
   17.06086887  0.94321017E+01    1.254000  0.57802180E+02
   17.07447403  0.94050257E+01    1.255000  0.57764540E+02
   17.08807919  0.93767070E+01    1.256000  0.57718512E+02
   17.10168435  0.93501796E+01    1.257000  0.57682762E+02
   17.11528951  0.93470745E+01    1.258000  0.57791104E+02
   17.12889467  0.93357363E+01    1.259000  0.57848345E+02
   17.14249983  0.93127222E+01    1.260000  0.57832769E+02
   17.15610498  0.92949624E+01    1.261000  0.57849266E+02
   17.16971014  0.92864596E+01    1.262000  0.57923018E+02
   17.18331530  0.92745214E+01    1.263000  0.57975063E+02
   17.19692046  0.92609541E+01    1.264000  0.58016577E+02
   17.21052562  0.92459113E+01    1.265000  0.58048457E+02
   17.22413078  0.92547206E+01    1.266000  0.58230002E+02
   17.23773594  0.93610264E+01    1.267000  0.59026558E+02
   17.25134109  0.93786988E+01    1.268000  0.59265922E+02
   17.26494625  0.92628902E+01    1.269000  0.58660453E+02
   17.27855141  0.92319993E+01    1.270000  0.58590754E+02
   17.29215657  0.92188615E+01    1.271000  0.58633124E+02
   17.30576173  0.91919946E+01    1.272000  0.58587629E+02
   17.31936689  0.90811946E+01    1.273000  0.58005287E+02
   17.33297205  0.89253500E+01    1.274000  0.57131589E+02
   17.34657720  0.89822743E+01    1.275000  0.57618486E+02
   17.36018236  0.89623393E+01    1.276000  0.57612859E+02
   17.37378752  0.88473159E+01    1.277000  0.56994132E+02
   17.38739268  0.89948650E+01    1.278000  0.58067332E+02
   17.40099784  0.91023888E+01    1.279000  0.58885624E+02
   17.41460300  0.91833951E+01    1.280000  0.59534939E+02
   17.42820816  0.91940323E+01    1.281000  0.59729309E+02
   17.44181331  0.91817567E+01    1.282000  0.59774803E+02
   17.45541847  0.91494629E+01    1.283000  0.59689367E+02
   17.46902363  0.91012507E+01    1.284000  0.59498984E+02
   17.48262879  0.90972886E+01    1.285000  0.59597173E+02
   17.49623395  0.91238446E+01    1.286000  0.59895596E+02
   17.50983911  0.91462212E+01    1.287000  0.60167251E+02
   17.52344427  0.90002083E+01    1.288000  0.59329490E+02
   17.53704942  0.90128562E+01    1.289000  0.59535804E+02
   17.55065458  0.87999725E+01    1.290000  0.58249603E+02
   17.56425974  0.89907906E+01    1.291000  0.59635322E+02
   17.57786490  0.90102817E+01    1.292000  0.59887509E+02
   17.59147006  0.90153368E+01    1.293000  0.60044081E+02
   17.60507522  0.90283478E+01    1.294000  0.60253887E+02
   17.61868038  0.90387436E+01    1.295000  0.60446559E+02
   17.63228553  0.90592464E+01    1.296000  0.60707243E+02
   17.64589069  0.91027399E+01    1.297000  0.61122864E+02
   17.65949585  0.91567089E+01    1.298000  0.61610155E+02
   17.67310101  0.92328562E+01    1.299000  0.62248445E+02
   17.68670617  0.92850310E+01    1.300000  0.62726862E+02
   17.70031133  0.92801960E+01    1.301000  0.62820784E+02
   17.71391649  0.92635608E+01    1.302000  0.62834533E+02
   17.72752164  0.92467058E+01    1.303000  0.62846335E+02
   17.74112680  0.92364928E+01    1.304000  0.62902910E+02
   17.75473196  0.92311506E+01    1.305000  0.62992445E+02
   17.76833712  0.92222843E+01    1.306000  0.63057738E+02
   17.78194228  0.92188771E+01    1.307000  0.63160190E+02
   17.79554744  0.92146698E+01    1.308000  0.63257057E+02
   17.80915260  0.92066009E+01    1.309000  0.63327247E+02
   17.82275776  0.92056722E+01    1.310000  0.63446428E+02
   17.83636291  0.92045391E+01    1.311000  0.63564172E+02
   17.84996807  0.92006529E+01    1.312000  0.63662835E+02
   17.86357323  0.91988240E+01    1.313000  0.63775656E+02
   17.87717839  0.92050462E+01    1.314000  0.63944355E+02
   17.89078355  0.91970866E+01    1.315000  0.64014514E+02
   17.90438871  0.91968934E+01    1.316000  0.64138619E+02
   17.91799387  0.91951198E+01    1.317000  0.64251675E+02
   17.93159902  0.91937455E+01    1.318000  0.64367478E+02
   17.94520418  0.92055133E+01    1.319000  0.64575434E+02
   17.95880934  0.91702127E+01    1.320000  0.64452890E+02
   17.97241450  0.91649905E+01    1.321000  0.64541200E+02
   17.98601966  0.91635043E+01    1.322000  0.64655728E+02
   17.99962482  0.91604900E+01    1.323000  0.64759412E+02
   18.01322998  0.91520993E+01    1.324000  0.64824933E+02
   18.02683513  0.91479744E+01    1.325000  0.64920498E+02
   18.04044029  0.91446684E+01    1.326000  0.65021773E+02
   18.05404545  0.91392801E+01    1.327000  0.65108124E+02
   18.06765061  0.91343977E+01    1.328000  0.65197938E+02
   18.08125577  0.91457463E+01    1.329000  0.65403692E+02
   18.09486093  0.91784657E+01    1.330000  0.65762875E+02
   18.10846609  0.91857503E+01    1.331000  0.65940366E+02
   18.12207124  0.91708149E+01    1.332000  0.65958245E+02
   18.13567640  0.91690262E+01    1.333000  0.66070449E+02
   18.14928156  0.91542022E+01    1.334000  0.66088497E+02
   18.16288672  0.91556846E+01    1.335000  0.66224086E+02
   18.17649188  0.91534251E+01    1.336000  0.66332599E+02
   18.19009704  0.91513651E+01    1.337000  0.66442499E+02
   18.20370220  0.91558180E+01    1.338000  0.66599718E+02
   18.21730735  0.91694253E+01    1.339000  0.66823772E+02
   18.23091251  0.91869609E+01    1.340000  0.67076880E+02
   18.24451767  0.92089875E+01    1.341000  0.67363317E+02
   18.25812283  0.92267203E+01    1.342000  0.67618888E+02
   18.27172799  0.92419786E+01    1.343000  0.67856774E+02
   18.28533315  0.92338860E+01    1.344000  0.67923310E+02
   18.29893831  0.92238519E+01    1.345000  0.67975317E+02
   18.31254346  0.92123167E+01    1.346000  0.68015968E+02
   18.32614862  0.91978873E+01    1.347000  0.68034896E+02
   18.33975378  0.91790180E+01    1.348000  0.68020529E+02
   18.35335894  0.91610379E+01    1.349000  0.68012249E+02
   18.36696410  0.91507632E+01    1.350000  0.68060789E+02
   18.38056926  0.91366289E+01    1.351000  0.68080289E+02
   18.39417442  0.91351943E+01    1.352000  0.68194207E+02
   18.40777957  0.91262367E+01    1.353000  0.68251824E+02
   18.42138473  0.91262819E+01    1.354000  0.68376648E+02
   18.43498989  0.91225771E+01    1.355000  0.68473326E+02
   18.44859505  0.91215146E+01    1.356000  0.68589772E+02
   18.46220021  0.91159207E+01    1.357000  0.68672053E+02
   18.47580537  0.91039487E+01    1.358000  0.68706047E+02
   18.48941053  0.90916383E+01    1.359000  0.68737156E+02
   18.50301568  0.90841560E+01    1.360000  0.68804498E+02
   18.51662084  0.90766787E+01    1.361000  0.68871673E+02
   18.53022600  0.90729104E+01    1.362000  0.68966838E+02
   18.54383116  0.90608603E+01    1.363000  0.68998834E+02
   18.55743632  0.90504501E+01    1.364000  0.69043012E+02
   18.57104148  0.90438632E+01    1.365000  0.69116124E+02
   18.58464664  0.90359072E+01    1.366000  0.69178575E+02
   18.59825179  0.90120857E+01    1.367000  0.69119127E+02
   18.61185695  0.89992694E+01    1.368000  0.69143585E+02
   18.62546211  0.89796861E+01    1.369000  0.69115608E+02
   18.63906727  0.89621635E+01    1.370000  0.69102986E+02
   18.65267243  0.89567323E+01    1.371000  0.69183282E+02
   18.66627759  0.89154211E+01    1.372000  0.68985797E+02
   18.67988275  0.88786798E+01    1.373000  0.68822609E+02
   18.69348790  0.89032826E+01    1.374000  0.69134760E+02
   18.70709306  0.89752782E+01    1.375000  0.69816239E+02
   18.72069822  0.90296678E+01    1.376000  0.70362489E+02
   18.73430338  0.90242745E+01    1.377000  0.70443557E+02
   18.74790854  0.90493219E+01    1.378000  0.70762513E+02
   18.76151370  0.90730271E+01    1.379000  0.71071639E+02
   18.77511886  0.90876754E+01    1.380000  0.71310343E+02
   18.78872402  0.91056282E+01    1.381000  0.71575422E+02
   18.80232917  0.91155166E+01    1.382000  0.71777489E+02
   18.81593433  0.91178951E+01    1.383000  0.71920590E+02
   18.82953949  0.91156351E+01    1.384000  0.72027104E+02
   18.84314465  0.91107461E+01    1.385000  0.72112748E+02
   18.85674981  0.91089601E+01    1.386000  0.72222861E+02
   18.87035497  0.90981058E+01    1.387000  0.72260902E+02
   18.88396013  0.90888155E+01    1.388000  0.72311089E+02
   18.89756528  0.90850394E+01    1.389000  0.72404970E+02
   18.91117044  0.90783130E+01    1.390000  0.72475194E+02
   18.92477560  0.90733260E+01    1.391000  0.72559145E+02
   18.93838076  0.90686263E+01    1.392000  0.72645261E+02
   18.95198592  0.90666068E+01    1.393000  0.72752756E+02
   18.96559108  0.90610896E+01    1.394000  0.72832081E+02
   18.97919624  0.90590117E+01    1.395000  0.72938948E+02
   18.99280139  0.90516224E+01    1.396000  0.73002920E+02
   19.00640655  0.90421416E+01    1.397000  0.73049794E+02
   19.02001171  0.90328382E+01    1.398000  0.73097845E+02
   19.03361687  0.90156451E+01    1.399000  0.73081688E+02
   19.04722203  0.90129996E+01    1.400000  0.73183184E+02
   19.06082719  0.89940760E+01    1.401000  0.73152212E+02
   19.07443235  0.90209628E+01    1.402000  0.73493942E+02
   19.08803750  0.90086080E+01    1.403000  0.73516168E+02
   19.10164266  0.89953249E+01    1.404000  0.73530469E+02
   19.11524782  0.89861586E+01    1.405000  0.73578116E+02
   19.12885298  0.89668180E+01    1.406000  0.73542067E+02
   19.14245814  0.89719608E+01    1.407000  0.73706627E+02
   19.15606330  0.89819066E+01    1.408000  0.73910851E+02
   19.16966846  0.89876495E+01    1.409000  0.74080703E+02
   19.18327361  0.89945874E+01    1.410000  0.74260579E+02
   19.19687877  0.89925413E+01    1.411000  0.74366348E+02
   19.21048393  0.90045392E+01    1.412000  0.74588393E+02
   19.22408909  0.90308027E+01    1.413000  0.74929128E+02
   19.23769425  0.90320514E+01    1.414000  0.75062690E+02
   19.25129941  0.90337077E+01    1.415000  0.75199678E+02
   19.26490457  0.90361593E+01    1.416000  0.75343343E+02
   19.27850972  0.90293467E+01    1.417000  0.75409703E+02
   19.29211488  0.90263103E+01    1.418000  0.75507467E+02
   19.30572004  0.90147770E+01    1.419000  0.75533953E+02
   19.31932520  0.90103794E+01    1.420000  0.75620011E+02
   19.33293036  0.90032936E+01    1.421000  0.75683351E+02
   19.34653552  0.89892246E+01    1.422000  0.75687701E+02
   19.36014068  0.89898636E+01    1.423000  0.75815707E+02
   19.37374583  0.89949407E+01    1.424000  0.75981219E+02
   19.38735099  0.89903336E+01    1.425000  0.76064934E+02
   19.40095615  0.89828269E+01    1.426000  0.76123951E+02
   19.41456131  0.89770509E+01    1.427000  0.76197453E+02
   19.42816647  0.89720156E+01    1.428000  0.76277095E+02
   19.44177163  0.89846127E+01    1.429000  0.76506745E+02
   19.45537679  0.89975864E+01    1.430000  0.76739951E+02
   19.46898194  0.90059245E+01    1.431000  0.76933910E+02
   19.48258710  0.90138359E+01    1.432000  0.77124446E+02
   19.49619226  0.90027182E+01    1.433000  0.77152121E+02
   19.50979742  0.89891026E+01    1.434000  0.77158052E+02
   19.52340258  0.89659533E+01    1.435000  0.77081649E+02
   19.53700774  0.89470622E+01    1.436000  0.77041281E+02
   19.55061290  0.89550077E+01    1.437000  0.77231848E+02
   19.56421805  0.89367950E+01    1.438000  0.77196675E+02
   19.57782321  0.89219498E+01    1.439000  0.77190140E+02
   19.59142837  0.89187181E+01    1.440000  0.77283835E+02
   19.99958313  0.90661711E+01    1.470000  0.82271551E+02
   24.99947891  0.84125889E+01    1.837500  0.11851157E+03
   29.99937469  0.77439646E+01    2.205000  0.14791167E+03
   34.99927048  0.71478759E+01    2.572500  0.17235741E+03
   39.99916626  0.65384076E+01    2.940000  0.19043726E+03
   44.99906204  0.59913007E+01    3.307500  0.20453571E+03
   49.99895782  0.55213651E+01    3.675000  0.21617042E+03
   54.99885361  0.51425318E+01    4.042500  0.22711719E+03
   59.99874939  0.48148183E+01    4.410000  0.23677983E+03
   64.99864517  0.45408625E+01    4.777500  0.24607005E+03
   69.99854095  0.43008153E+01    5.145000  0.25462117E+03
   74.99843674  0.40899722E+01    5.512500  0.26264102E+03
   79.99833252  0.39031599E+01    5.880000  0.27021064E+03
   84.99822830  0.37367869E+01    6.247500  0.27742478E+03
   89.99812408  0.35872222E+01    6.615000  0.28430305E+03
   94.99801987  0.34520362E+01    6.982500  0.29089349E+03
   99.99791565  0.33292028E+01    7.350000  0.29723143E+03
  104.99781143  0.32169920E+01    7.717500  0.30333952E+03
  109.99770721  0.31140202E+01    8.085000  0.30924011E+03
  114.99760300  0.30189872E+01    8.452500  0.31493650E+03
  119.99749878  0.29309249E+01    8.820000  0.32044223E+03
  124.99739456  0.28490017E+01    9.187500  0.32576705E+03
  129.99729034  0.27723609E+01    9.555000  0.33090103E+03
  134.99718613  0.27003171E+01    9.922500  0.33583835E+03
