       eV          sigma            Ry          om               in 10^-16                                                                       
   11.78524333  0.00000000E+00    0.866233  0.00000000E+00
   11.79567250  0.29956492E+01    0.867000  0.41270321E+01
   11.80927766  0.39448656E+01    0.868000  0.54885538E+01
   11.82288282  0.44103063E+01    0.869000  0.61962871E+01
   11.83648797  0.49644708E+01    0.870000  0.70425812E+01
   11.85009313  0.54425994E+01    0.871000  0.77950919E+01
   11.86369829  0.58822901E+01    0.872000  0.85050700E+01
   11.87730345  0.71051840E+01    0.873000  0.10370142E+02
   11.89090861  0.76552095E+01    0.874000  0.11277334E+02
   11.90451377  0.82759472E+01    0.875000  0.12304666E+02
   11.91811893  0.90273246E+01    0.876000  0.13544949E+02
   11.93172408  0.98532706E+01    0.877000  0.14918633E+02
   11.94532924  0.10749388E+02    0.878000  0.16422051E+02
   11.95893440  0.11709752E+02    0.879000  0.18048944E+02
   11.97253956  0.12869702E+02    0.880000  0.20012393E+02
   11.98614472  0.13980133E+02    0.881000  0.21929808E+02
   11.99974988  0.15165240E+02    0.882000  0.23995675E+02
   12.01335504  0.16077019E+02    0.883000  0.25657663E+02
   12.02696020  0.15848650E+02    0.884000  0.25509386E+02
   12.04056535  0.17817831E+02    0.885000  0.28921946E+02
   12.05417051  0.18959189E+02    0.886000  0.31033212E+02
   12.06777567  0.19802593E+02    0.887000  0.32683847E+02
   12.08138083  0.20660654E+02    0.888000  0.34381882E+02
   12.09498599  0.21076751E+02    0.889000  0.35361813E+02
   12.10859115  0.21810321E+02    0.890000  0.36890073E+02
   12.12219631  0.22477332E+02    0.891000  0.38324858E+02
   12.13580146  0.23194112E+02    0.892000  0.39863376E+02
   12.14940662  0.23480045E+02    0.893000  0.40675082E+02
   12.16301178  0.23851336E+02    0.894000  0.41643620E+02
   12.17661694  0.24138226E+02    0.895000  0.42473776E+02
   12.19022210  0.24390732E+02    0.896000  0.43250786E+02
   12.20382726  0.24598185E+02    0.897000  0.43954180E+02
   12.21743242  0.24757211E+02    0.898000  0.44576040E+02
   12.23103757  0.24878220E+02    0.899000  0.45133268E+02
   12.24464273  0.24584356E+02    0.900000  0.44935490E+02
   12.25824789  0.24601631E+02    0.901000  0.45302641E+02
   12.27185305  0.24594127E+02    0.902000  0.45624296E+02
   12.28545821  0.24564365E+02    0.903000  0.45904152E+02
   12.29906337  0.24507128E+02    0.904000  0.46131479E+02
   12.31266853  0.24397787E+02    0.905000  0.46258454E+02
   12.32627368  0.24128818E+02    0.906000  0.46077613E+02
   12.33987884  0.23581061E+02    0.907000  0.45353242E+02
   12.35348400  0.23195727E+02    0.908000  0.44928532E+02
   12.36708916  0.23988330E+02    0.909000  0.46790960E+02
   12.38069432  0.24278160E+02    0.910000  0.47687458E+02
   12.39429948  0.24332992E+02    0.911000  0.48127072E+02
   12.40790464  0.24429082E+02    0.912000  0.48650346E+02
   12.42150979  0.24461467E+02    0.913000  0.49048504E+02
   12.43511495  0.24539600E+02    0.914000  0.49539901E+02
   12.44872011  0.24619847E+02    0.915000  0.50037726E+02
   12.46232527  0.24696072E+02    0.916000  0.50529510E+02
   12.47593043  0.24792609E+02    0.917000  0.51065211E+02
   12.48953559  0.24896479E+02    0.918000  0.51618749E+02
   12.50314075  0.25007154E+02    0.919000  0.52189324E+02
   12.51674590  0.25123494E+02    0.920000  0.52774816E+02
   12.53035106  0.25246401E+02    0.921000  0.53377367E+02
   12.54395622  0.25374770E+02    0.922000  0.53994894E+02
   12.55756138  0.25507770E+02    0.923000  0.54625841E+02
   12.57116654  0.25645805E+02    0.924000  0.55271267E+02
   12.58477170  0.25788023E+02    0.925000  0.55929530E+02
   12.59837686  0.25933929E+02    0.926000  0.56599723E+02
   12.61198201  0.26083285E+02    0.927000  0.57281472E+02
   12.62558717  0.26235587E+02    0.928000  0.57973806E+02
   12.63919233  0.26393288E+02    0.929000  0.58682299E+02
   12.65279749  0.26552232E+02    0.930000  0.59397875E+02
   12.66640265  0.26724755E+02    0.931000  0.60148347E+02
   12.68000781  0.26979605E+02    0.932000  0.61089942E+02
   12.69361297  0.27234155E+02    0.933000  0.62037803E+02
   12.70721812  0.27363492E+02    0.934000  0.62705673E+02
   12.72082328  0.27515500E+02    0.935000  0.63429336E+02
   12.73442844  0.27692834E+02    0.936000  0.64215870E+02
   12.74803360  0.27892107E+02    0.937000  0.65058417E+02
   12.76163876  0.28130395E+02    0.938000  0.65997933E+02
   12.77524392  0.28458990E+02    0.939000  0.67157055E+02
   12.78884908  0.27934185E+02    0.940000  0.66299662E+02
   12.80245423  0.28175084E+02    0.941000  0.67255737E+02
   12.81605939  0.28464171E+02    0.942000  0.68334069E+02
   12.82966455  0.28323191E+02    0.943000  0.68381956E+02
   12.84326971  0.28374728E+02    0.944000  0.68893428E+02
   12.85687487  0.28171420E+02    0.945000  0.68784067E+02
   12.87048003  0.27211017E+02    0.946000  0.66810291E+02
   12.88408519  0.26323588E+02    0.947000  0.64990482E+02
   12.89769034  0.26633827E+02    0.948000  0.66119728E+02
   12.91129550  0.27294450E+02    0.949000  0.68132063E+02
   12.92490066  0.27702992E+02    0.950000  0.69529741E+02
   12.93850582  0.28262688E+02    0.951000  0.71319994E+02
   12.95211098  0.28863629E+02    0.952000  0.73230161E+02
   12.96571614  0.27313515E+02    0.953000  0.69669922E+02
   12.97932130  0.27772122E+02    0.954000  0.71218536E+02
   12.99292646  0.27750248E+02    0.955000  0.71540967E+02
   13.00653161  0.27579339E+02    0.956000  0.71476550E+02
   13.02013677  0.27539925E+02    0.957000  0.71750058E+02
   13.03374193  0.27415628E+02    0.958000  0.71800184E+02
   13.04734709  0.27339983E+02    0.959000  0.71975003E+02
   13.06095225  0.27376935E+02    0.960000  0.72445715E+02
   13.07455741  0.27350213E+02    0.961000  0.72748069E+02
   13.08816257  0.27632097E+02    0.962000  0.73874758E+02
   13.10176772  0.27873498E+02    0.963000  0.74900350E+02
   13.11537288  0.27999031E+02    0.964000  0.75619595E+02
   13.12897804  0.28104107E+02    0.965000  0.76286735E+02
   13.14258320  0.28182361E+02    0.966000  0.76883569E+02
   13.15618836  0.28229172E+02    0.967000  0.77396330E+02
   13.16979352  0.28237868E+02    0.968000  0.77805348E+02
   13.18339868  0.28251412E+02    0.969000  0.78228026E+02
   13.19700383  0.28259375E+02    0.970000  0.78635545E+02
   13.21060899  0.28225258E+02    0.971000  0.78925613E+02
   13.22421415  0.28203003E+02    0.972000  0.79248081E+02
   13.23781931  0.28185415E+02    0.973000  0.79583120E+02
   13.25142447  0.28375816E+02    0.974000  0.80507786E+02
   13.26502963  0.28352127E+02    0.975000  0.80827309E+02
   13.27863479  0.28260296E+02    0.976000  0.80950997E+02
   13.30584510  0.28300822E+02    0.978000  0.81839151E+02
   13.31945026  0.28271498E+02    0.979000  0.82139988E+02
   13.33305542  0.28176473E+02    0.980000  0.82248239E+02
   13.34666058  0.28091089E+02    0.981000  0.82382173E+02
   13.36026574  0.27958054E+02    0.982000  0.82373383E+02
   13.37387090  0.27634952E+02    0.983000  0.81798372E+02
   13.38747605  0.27141693E+02    0.984000  0.80708570E+02
   13.40108121  0.27260650E+02    0.985000  0.81434146E+02
   13.41468637  0.27358639E+02    0.986000  0.82100045E+02
   13.42829153  0.27439938E+02    0.987000  0.82718304E+02
   13.44189669  0.27490391E+02    0.988000  0.83245376E+02
   13.45550185  0.27551759E+02    0.989000  0.83807026E+02
   13.46910701  0.27598634E+02    0.990000  0.84326066E+02
   13.48271216  0.27621773E+02    0.991000  0.84773536E+02
   13.49631732  0.27665383E+02    0.992000  0.85284746E+02
   13.50992248  0.27629480E+02    0.993000  0.85550945E+02
   13.52352764  0.27613627E+02    0.994000  0.85878518E+02
   13.53713280  0.27566387E+02    0.995000  0.86107619E+02
   13.55073796  0.27532515E+02    0.996000  0.86377368E+02
   13.56434312  0.27988854E+02    0.997000  0.88190813E+02
   13.57794827  0.28388515E+02    0.998000  0.89837346E+02
   13.59155343  0.28550645E+02    0.999000  0.90739858E+02
   13.60515859  0.28677214E+02    1.000000  0.91533291E+02
   13.61876375  0.28820342E+02    1.001000  0.92383253E+02
   13.63236891  0.29240448E+02    1.002000  0.94128748E+02
   13.64597407  0.29990723E+02    1.003000  0.96953066E+02
   13.65957923  0.30586276E+02    1.004000  0.99295558E+02
   13.67318438  0.30680812E+02    1.005000  0.10002096E+03
   13.70039470  0.30321489E+02    1.007000  0.99676742E+02
   13.71399986  0.30169553E+02    1.008000  0.99588805E+02
   13.75481534  0.29178846E+02    1.011000  0.97512541E+02
   13.76842049  0.28500856E+02    1.012000  0.95635535E+02
   13.78202565  0.28365932E+02    1.013000  0.95569717E+02
   13.79563081  0.28766762E+02    1.014000  0.97312573E+02
   13.80923597  0.28876207E+02    1.015000  0.98076686E+02
   13.82284113  0.28816888E+02    1.016000  0.98268287E+02
   13.83644629  0.28823531E+02    1.017000  0.98684104E+02
   13.85005145  0.28890970E+02    1.018000  0.99309081E+02
   13.86365660  0.28936661E+02    1.019000  0.99860845E+02
   13.87726176  0.29061671E+02    1.020000  0.10068867E+03
   13.89086692  0.29166426E+02    1.021000  0.10144945E+03
   13.90447208  0.28873078E+02    1.022000  0.10082294E+03
   13.91807724  0.28809899E+02    1.023000  0.10099530E+03
   13.93168240  0.28836229E+02    1.024000  0.10148094E+03
   13.94528756  0.28925526E+02    1.025000  0.10218975E+03
   13.95889272  0.29002693E+02    1.026000  0.10285798E+03
   13.97249787  0.28824369E+02    1.027000  0.10261873E+03
   13.98610303  0.28794430E+02    1.028000  0.10290491E+03
   13.99970819  0.28821286E+02    1.029000  0.10339402E+03
   14.01331335  0.28770958E+02    1.030000  0.10360592E+03
   14.02691851  0.28835423E+02    1.031000  0.10423139E+03
   14.04052367  0.28710880E+02    1.032000  0.10417283E+03
   14.05412883  0.28841957E+02    1.033000  0.10504184E+03
   14.06773398  0.28646769E+02    1.034000  0.10472172E+03
   14.08133914  0.28839278E+02    1.035000  0.10581884E+03
   14.09494430  0.28711534E+02    1.036000  0.10574175E+03
   14.10854946  0.28985091E+02    1.037000  0.10714460E+03
   14.12215462  0.29157600E+02    1.038000  0.10818001E+03
   14.13575978  0.29309600E+02    1.039000  0.10914375E+03
   14.14936494  0.29415649E+02    1.040000  0.10993990E+03
   14.16297009  0.29437048E+02    1.041000  0.11042141E+03
   14.17657525  0.29510603E+02    1.042000  0.11109986E+03
   14.19018041  0.29555271E+02    1.043000  0.11167117E+03
   14.20378557  0.29627954E+02    1.044000  0.11234993E+03
   14.21739073  0.29679636E+02    1.045000  0.11295075E+03
   14.23099589  0.29721973E+02    1.046000  0.11351729E+03
   14.24460105  0.29785073E+02    1.047000  0.11416457E+03
   14.25820620  0.29793756E+02    1.048000  0.11460425E+03
   14.27181136  0.29816913E+02    1.049000  0.11510004E+03
   14.28541652  0.29796744E+02    1.050000  0.11542862E+03
   14.29902168  0.29776677E+02    1.051000  0.11575705E+03
   14.31262684  0.29751368E+02    1.052000  0.11606448E+03
   14.32623200  0.29700190E+02    1.053000  0.11626995E+03
   14.33983716  0.29594305E+02    1.054000  0.11625911E+03
   14.35344231  0.29623219E+02    1.055000  0.11677677E+03
   14.36704747  0.29407308E+02    1.056000  0.11632676E+03
   14.38065263  0.29322458E+02    1.057000  0.11639109E+03
   14.39425779  0.29172205E+02    1.058000  0.11619260E+03
   14.40786295  0.29225127E+02    1.059000  0.11680203E+03
   14.42146811  0.29250531E+02    1.060000  0.11730255E+03
   14.43507327  0.29330342E+02    1.061000  0.11802269E+03
   14.44867842  0.29504359E+02    1.062000  0.11912537E+03
   14.46228358  0.29587457E+02    1.063000  0.11986447E+03
   14.47588874  0.29647333E+02    1.064000  0.12051144E+03
   14.48949390  0.29691928E+02    1.065000  0.12109772E+03
   14.50309906  0.29733220E+02    1.066000  0.12167170E+03
   14.51670422  0.29709051E+02    1.067000  0.12197804E+03
   14.53030938  0.29702391E+02    1.068000  0.12235585E+03
   14.54391453  0.29721135E+02    1.069000  0.12283847E+03
   14.55751969  0.29733058E+02    1.070000  0.12329332E+03
   14.57112485  0.29793327E+02    1.071000  0.12394963E+03
   14.58473001  0.29835172E+02    1.072000  0.12453068E+03
   14.59833517  0.29842419E+02    1.073000  0.12496799E+03
   14.61194033  0.29886469E+02    1.074000  0.12556012E+03
   14.62554549  0.29885762E+02    1.075000  0.12596480E+03
   14.63915064  0.29884569E+02    1.076000  0.12636741E+03
   14.65275580  0.29911410E+02    1.077000  0.12688891E+03
   14.66636096  0.29898098E+02    1.078000  0.12724026E+03
   14.67996612  0.29909635E+02    1.079000  0.12769734E+03
   14.69357128  0.29905078E+02    1.080000  0.12808580E+03
   14.70717644  0.29936677E+02    1.081000  0.12862949E+03
   14.72078160  0.29939346E+02    1.082000  0.12904934E+03
   14.73438675  0.30009950E+02    1.083000  0.12976302E+03
   14.74799191  0.29987503E+02    1.084000  0.13007500E+03
   14.76159707  0.29940264E+02    1.085000  0.13027849E+03
   14.77520223  0.29929577E+02    1.086000  0.13064024E+03
   14.78880739  0.29877507E+02    1.087000  0.13082050E+03
   14.80241255  0.29762435E+02    1.088000  0.13072262E+03
   14.81601771  0.29773779E+02    1.089000  0.13117857E+03
   14.82962286  0.29815391E+02    1.090000  0.13176860E+03
   14.84322802  0.29817696E+02    1.091000  0.13218551E+03
   14.85683318  0.29809201E+02    1.092000  0.13255446E+03
   14.87043834  0.29850219E+02    1.093000  0.13314403E+03
   14.88404350  0.29848036E+02    1.094000  0.13354143E+03
   14.89764866  0.29842350E+02    1.095000  0.13392305E+03
   14.91125382  0.29895320E+02    1.096000  0.13456855E+03
   14.92485898  0.29929256E+02    1.097000  0.13512955E+03
   14.93846413  0.29941567E+02    1.098000  0.13559355E+03
   14.95206929  0.30009191E+02    1.099000  0.13630913E+03
   14.96567445  0.30011167E+02    1.100000  0.13672747E+03
   14.97927961  0.30096123E+02    1.101000  0.13752504E+03
   14.99288477  0.30120982E+02    1.102000  0.13804950E+03
   15.00648993  0.30088262E+02    1.103000  0.13830995E+03
   15.02009509  0.30155297E+02    1.104000  0.13902943E+03
   15.03370024  0.30169624E+02    1.105000  0.13950701E+03
   15.04730540  0.30190137E+02    1.106000  0.14001367E+03
   15.06091056  0.30217184E+02    1.107000  0.14055128E+03
   15.07451572  0.30221001E+02    1.108000  0.14098126E+03
   15.08812088  0.30247627E+02    1.109000  0.14151806E+03
   15.10172604  0.30298001E+02    1.110000  0.14216702E+03
   15.11533120  0.30326443E+02    1.111000  0.14271414E+03
   15.12893635  0.30360028E+02    1.112000  0.14328631E+03
   15.14254151  0.30385280E+02    1.113000  0.14381996E+03
   15.15614667  0.30391414E+02    1.114000  0.14426354E+03
   15.16975183  0.30399541E+02    1.115000  0.14471678E+03
   15.18335699  0.30384049E+02    1.116000  0.14505748E+03
   15.19696215  0.30386384E+02    1.117000  0.14548311E+03
   15.21056731  0.30380125E+02    1.118000  0.14586754E+03
   15.22417246  0.30393753E+02    1.119000  0.14634756E+03
   15.23777762  0.30393434E+02    1.120000  0.14676060E+03
   15.25138278  0.30380290E+02    1.121000  0.14711153E+03
   15.26498794  0.30350815E+02    1.122000  0.14738280E+03
   15.27859310  0.30337975E+02    1.123000  0.14773427E+03
   15.29219826  0.30258794E+02    1.124000  0.14776143E+03
   15.30580342  0.30229326E+02    1.125000  0.14802987E+03
   15.31940857  0.30207625E+02    1.126000  0.14833565E+03
   15.33301373  0.30210096E+02    1.127000  0.14875986E+03
   15.34661889  0.30180199E+02    1.128000  0.14902431E+03
   15.36022405  0.30167512E+02    1.129000  0.14937316E+03
   15.37382921  0.30151363E+02    1.130000  0.14970448E+03
   15.38743437  0.30224001E+02    1.131000  0.15047740E+03
   15.40103953  0.30220671E+02    1.132000  0.15087304E+03
   15.41464468  0.30229360E+02    1.133000  0.15132876E+03
   15.42824984  0.30240066E+02    1.134000  0.15179484E+03
   15.44185500  0.30255094E+02    1.135000  0.15228297E+03
   15.45546016  0.30266943E+02    1.136000  0.15275546E+03
   15.46906532  0.30276245E+02    1.137000  0.15321539E+03
   15.48267048  0.30255472E+02    1.138000  0.15352296E+03
   15.50988079  0.30304525E+02    1.140000  0.15459860E+03
   15.52348595  0.30332907E+02    1.141000  0.15515714E+03
   15.53709111  0.30324269E+02    1.142000  0.15552659E+03
   15.55069627  0.30348391E+02    1.143000  0.15606427E+03
   15.56430143  0.30396314E+02    1.144000  0.15672533E+03
   15.57790659  0.30391355E+02    1.145000  0.15711431E+03
   15.59151175  0.30447106E+02    1.146000  0.15781784E+03
   15.60511690  0.30471651E+02    1.147000  0.15836071E+03
   15.61872206  0.30495836E+02    1.148000  0.15890237E+03
   15.63232722  0.30497655E+02    1.149000  0.15932785E+03
   15.64593238  0.30498006E+02    1.150000  0.15974569E+03
   15.65953754  0.30457471E+02    1.151000  0.15994882E+03
   15.67314270  0.30510864E+02    1.152000  0.16064540E+03
   15.68674786  0.30477236E+02    1.153000  0.16088406E+03
   15.70035301  0.30447554E+02    1.154000  0.16114269E+03
   15.71395817  0.30422184E+02    1.155000  0.16142339E+03
   15.72756333  0.30471349E+02    1.156000  0.16209991E+03
   15.74116849  0.30448165E+02    1.157000  0.16239190E+03
   15.75477365  0.30466058E+02    1.158000  0.16290290E+03
   15.76837881  0.30453334E+02    1.159000  0.16325026E+03
   15.78198397  0.30427992E+02    1.160000  0.16352946E+03
   15.79558912  0.30436543E+02    1.161000  0.16399058E+03
   15.80919428  0.30418106E+02    1.162000  0.16430616E+03
   15.82279944  0.30430879E+02    1.163000  0.16479024E+03
   15.83640460  0.30418957E+02    1.164000  0.16514061E+03
   15.85000976  0.30431537E+02    1.165000  0.16562400E+03
   15.86361492  0.30449006E+02    1.166000  0.16613441E+03
   15.87722008  0.30467188E+02    1.167000  0.16664920E+03
   15.89082524  0.30477310E+02    1.168000  0.16712029E+03
   15.90443039  0.30479169E+02    1.169000  0.16754623E+03
   15.91803555  0.30464494E+02    1.170000  0.16788111E+03
   15.93164071  0.30502202E+02    1.171000  0.16850497E+03
   15.94524587  0.30496693E+02    1.172000  0.16889052E+03
   15.95885103  0.30497623E+02    1.173000  0.16931167E+03
   15.97245619  0.30490130E+02    1.174000  0.16968597E+03
   15.98606135  0.30516257E+02    1.175000  0.17024763E+03
   15.99966650  0.30532119E+02    1.176000  0.17075259E+03
   16.01327166  0.30550347E+02    1.177000  0.17127125E+03
   16.02687682  0.30568298E+02    1.178000  0.17178885E+03
   16.04048198  0.30631624E+02    1.179000  0.17256256E+03
   16.05408714  0.30692316E+02    1.180000  0.17332312E+03
   16.06769230  0.30586121E+02    1.181000  0.17314063E+03
   16.08129746  0.30561223E+02    1.182000  0.17341656E+03
   16.09490261  0.30551839E+02    1.183000  0.17378005E+03
   16.10850777  0.30542568E+02    1.184000  0.17414393E+03
   16.12211293  0.30546277E+02    1.185000  0.17458174E+03
   16.13571809  0.30568490E+02    1.186000  0.17512566E+03
   16.14932325  0.30580156E+02    1.187000  0.17560962E+03
   16.16292841  0.30580220E+02    1.188000  0.17602711E+03
   16.17653357  0.30590468E+02    1.189000  0.17650337E+03
   16.19013872  0.30590495E+02    1.190000  0.17692079E+03
   16.20374388  0.30601875E+02    1.191000  0.17740403E+03
   16.21734904  0.30618289E+02    1.192000  0.17791683E+03
   16.23095420  0.30642238E+02    1.193000  0.17847396E+03
   16.24455936  0.30661725E+02    1.194000  0.17900570E+03
   16.25816452  0.30656698E+02    1.195000  0.17939452E+03
   16.27176968  0.30669594E+02    1.196000  0.17988833E+03
   16.28537483  0.30670294E+02    1.197000  0.18031079E+03
   16.29897999  0.30674186E+02    1.198000  0.18075208E+03
   16.31258515  0.30630661E+02    1.199000  0.18091342E+03
   16.32619031  0.30694778E+02    1.200000  0.18171080E+03
   16.33979547  0.30738694E+02    1.201000  0.18239007E+03
   16.35340063  0.30776195E+02    1.202000  0.18303238E+03
   16.36700579  0.30792803E+02    1.203000  0.18355118E+03
   16.39421610  0.30844106E+02    1.205000  0.18469844E+03
   16.40782126  0.30852053E+02    1.206000  0.18516686E+03
   16.42142642  0.30849650E+02    1.207000  0.18557324E+03
   16.43503158  0.30864783E+02    1.208000  0.18608528E+03
   16.44863674  0.30863873E+02    1.209000  0.18650079E+03
   16.46224190  0.30861799E+02    1.210000  0.18690922E+03
   16.47584705  0.30852000E+02    1.211000  0.18727071E+03
   16.48945221  0.30826600E+02    1.212000  0.18753702E+03
   16.50305737  0.30839288E+02    1.213000  0.18803487E+03
   16.51666253  0.30806496E+02    1.214000  0.18825514E+03
   16.53026769  0.30806729E+02    1.215000  0.18867678E+03
   16.54387285  0.30786522E+02    1.216000  0.18897296E+03
   16.55747801  0.30768821E+02    1.217000  0.18928401E+03
   16.57108316  0.30773846E+02    1.218000  0.18973469E+03
   16.58468832  0.30780972E+02    1.219000  0.19019849E+03
   16.59829348  0.30791227E+02    1.220000  0.19068186E+03
   16.61189864  0.30782756E+02    1.221000  0.19104929E+03
   16.62550380  0.30769991E+02    1.222000  0.19138978E+03
   16.63910896  0.30759717E+02    1.223000  0.19174545E+03
   16.65271412  0.30741432E+02    1.224000  0.19205079E+03
   16.67992443  0.30733512E+02    1.226000  0.19283975E+03
   16.69352959  0.30728071E+02    1.227000  0.19322475E+03
   16.70713475  0.30729937E+02    1.228000  0.19365565E+03
   16.72073991  0.30753636E+02    1.229000  0.19422449E+03
   16.73434507  0.30737772E+02    1.230000  0.19454358E+03
   16.74795023  0.30724850E+02    1.231000  0.19488089E+03
   16.76155538  0.30720001E+02    1.232000  0.19526917E+03
   16.77516054  0.30988042E+02    1.233000  0.19739564E+03
   16.78876570  0.30993082E+02    1.234000  0.19785050E+03
   16.80237086  0.30946703E+02    1.235000  0.19797656E+03
   16.81597602  0.30940217E+02    1.236000  0.19835710E+03
   16.82958118  0.30951935E+02    1.237000  0.19885442E+03
   16.84318634  0.30930287E+02    1.238000  0.19913724E+03
   16.85679150  0.30872065E+02    1.239000  0.19918350E+03
   16.87039665  0.30879678E+02    1.240000  0.19965383E+03
   16.88400181  0.30938222E+02    1.241000  0.20045436E+03
   16.89760697  0.30940029E+02    1.242000  0.20088810E+03
   16.91121213  0.30921107E+02    1.243000  0.20118702E+03
   16.92481729  0.30905473E+02    1.244000  0.20150686E+03
   16.93842245  0.30871048E+02    1.245000  0.20170350E+03
   16.95202761  0.30876167E+02    1.246000  0.20215811E+03
   16.96563276  0.30874280E+02    1.247000  0.20256689E+03
   16.97923792  0.30870524E+02    1.248000  0.20296333E+03
   16.99284308  0.30868750E+02    1.249000  0.20337273E+03
   17.00644824  0.30854630E+02    1.250000  0.20370057E+03
   17.02005340  0.30853907E+02    1.251000  0.20411666E+03
   17.03365856  0.30863898E+02    1.252000  0.20460375E+03
   17.04726372  0.30856828E+02    1.253000  0.20497778E+03
   17.06086887  0.30834031E+02    1.254000  0.20524693E+03
   17.07447403  0.30829743E+02    1.255000  0.20563892E+03
   17.08807919  0.30822906E+02    1.256000  0.20601375E+03
   17.10168435  0.30815977E+02    1.257000  0.20638778E+03
   17.11528951  0.30804197E+02    1.258000  0.20672907E+03
   17.12889467  0.30825591E+02    1.259000  0.20729312E+03
   17.14249983  0.30808312E+02    1.260000  0.20759716E+03
   17.15610498  0.30834979E+02    1.261000  0.20819745E+03
   17.16971014  0.30822044E+02    1.262000  0.20853054E+03
   17.18331530  0.30836578E+02    1.263000  0.20904949E+03
   17.19692046  0.30837528E+02    1.264000  0.20947657E+03
   17.21052562  0.30820497E+02    1.265000  0.20978128E+03
   17.22413078  0.30846262E+02    1.266000  0.21037741E+03
   17.23773594  0.30835045E+02    1.267000  0.21072151E+03
   17.25134109  0.30846979E+02    1.268000  0.21122383E+03
   17.26494625  0.30857099E+02    1.269000  0.21171403E+03
   17.27855141  0.30858092E+02    1.270000  0.21214176E+03
   17.29215657  0.30868399E+02    1.271000  0.21263367E+03
   17.30576173  0.30888003E+02    1.272000  0.21319004E+03
   17.31936689  0.30948231E+02    1.273000  0.21402788E+03
   17.33297205  0.30963520E+02    1.274000  0.21455597E+03
   17.34657720  0.30909184E+02    1.275000  0.21460107E+03
   17.36018236  0.30915407E+02    1.276000  0.21506597E+03
   17.37378752  0.30922990E+02    1.277000  0.21554053E+03
   17.38739268  0.30918470E+02    1.278000  0.21593076E+03
   17.40099784  0.30913208E+02    1.279000  0.21631568E+03
   17.41460300  0.30908152E+02    1.280000  0.21670190E+03
   17.42820816  0.30903305E+02    1.281000  0.21708945E+03
   17.44181331  0.30930884E+02    1.282000  0.21770510E+03
   17.45541847  0.30917433E+02    1.283000  0.21803215E+03
   17.46902363  0.30915853E+02    1.284000  0.21844271E+03
   17.48262879  0.30898328E+02    1.285000  0.21874035E+03
   17.49623395  0.30881181E+02    1.286000  0.21904019E+03
   17.50983911  0.30862621E+02    1.287000  0.21932952E+03
   17.52344427  0.30843181E+02    1.288000  0.21961208E+03
   17.53704942  0.30815418E+02    1.289000  0.21983474E+03
   17.55065458  0.30805179E+02    1.290000  0.22018189E+03
   17.56425974  0.30800445E+02    1.291000  0.22056818E+03
   17.57786490  0.30777491E+02    1.292000  0.22082362E+03
   17.59147006  0.30784151E+02    1.293000  0.22129131E+03
   17.60507522  0.30763039E+02    1.294000  0.22155917E+03
   17.61868038  0.30756196E+02    1.295000  0.22192941E+03
   17.63228553  0.30739661E+02    1.296000  0.22222940E+03
   17.64589069  0.30735944E+02    1.297000  0.22262178E+03
   17.65949585  0.30746326E+02    1.298000  0.22311637E+03
   17.67310101  0.30935466E+02    1.299000  0.22491087E+03
   17.68670617  0.30740936E+02    1.300000  0.22391589E+03
   17.70031133  0.30731940E+02    1.301000  0.22426956E+03
   17.71391649  0.30712383E+02    1.302000  0.22454577E+03
   17.72752164  0.30715325E+02    1.303000  0.22498625E+03
   17.74112680  0.30715140E+02    1.304000  0.22540386E+03
   17.75473196  0.30715739E+02    1.305000  0.22582723E+03
   17.76833712  0.30706638E+02    1.306000  0.22617917E+03
   17.78194228  0.30697563E+02    1.307000  0.22653105E+03
   17.79554744  0.30690215E+02    1.308000  0.22689545E+03
   17.80915260  0.30690180E+02    1.309000  0.22731382E+03
   17.82275776  0.30700675E+02    1.310000  0.22781032E+03
   17.83636291  0.30700094E+02    1.311000  0.22822477E+03
   17.84996807  0.30695076E+02    1.312000  0.22860616E+03
   17.86357323  0.30704858E+02    1.313000  0.22909784E+03
   17.87717839  0.30712508E+02    1.314000  0.22957385E+03
   17.89078355  0.30708565E+02    1.315000  0.22996325E+03
   17.90438871  0.30709678E+02    1.316000  0.23039048E+03
   17.91799387  0.30725756E+02    1.317000  0.23093021E+03
   17.93159902  0.30725147E+02    1.318000  0.23134474E+03
   17.94520418  0.30730214E+02    1.319000  0.23180206E+03
   17.95880934  0.30729242E+02    1.320000  0.23221389E+03
   17.97241450  0.30724159E+02    1.321000  0.23259457E+03
   17.98601966  0.30687196E+02    1.322000  0.23273333E+03
   17.99962482  0.30696504E+02    1.323000  0.23322263E+03
   18.01322998  0.30697617E+02    1.324000  0.23364982E+03
   18.02683513  0.30711127E+02    1.325000  0.23417156E+03
   18.04044029  0.30738855E+02    1.326000  0.23480227E+03
   18.05404545  0.30749208E+02    1.327000  0.23530079E+03
   18.06765061  0.30782598E+02    1.328000  0.23597618E+03
   18.08125577  0.30810937E+02    1.329000  0.23661370E+03
   18.09486093  0.30830598E+02    1.330000  0.23718523E+03
   18.10846609  0.30824192E+02    1.331000  0.23755640E+03
   18.12207124  0.30795105E+02    1.332000  0.23775229E+03
   18.13567640  0.30752845E+02    1.333000  0.23784550E+03
   18.14928156  0.30714627E+02    1.334000  0.23796888E+03
   18.16288672  0.30676797E+02    1.335000  0.23809423E+03
   18.17649188  0.30649385E+02    1.336000  0.23829954E+03
   18.19009704  0.30628300E+02    1.337000  0.23855339E+03
   18.20370220  0.30609594E+02    1.338000  0.23882522E+03
   18.21730735  0.30583457E+02    1.339000  0.23903846E+03
   18.23091251  0.30583491E+02    1.340000  0.23945590E+03
   18.24451767  0.30575955E+02    1.341000  0.23981396E+03
   18.25812283  0.30563987E+02    1.342000  0.24013700E+03
   18.27172799  0.30550076E+02    1.343000  0.24044442E+03
   18.28533315  0.30546962E+02    1.344000  0.24083658E+03
   18.29893831  0.30530528E+02    1.345000  0.24112346E+03
   18.31254346  0.30531626E+02    1.346000  0.24154860E+03
   18.32614862  0.30523108E+02    1.347000  0.24189755E+03
   18.33975378  0.30527571E+02    1.348000  0.24234933E+03
   18.35335894  0.30528717E+02    1.349000  0.24277485E+03
   18.36696410  0.30527094E+02    1.350000  0.24317835E+03
   18.38056926  0.30527469E+02    1.351000  0.24359774E+03
   18.39417442  0.30533607E+02    1.352000  0.24406321E+03
   18.40777957  0.30540859E+02    1.353000  0.24453777E+03
   18.42138473  0.30515170E+02    1.354000  0.24474832E+03
   18.43498989  0.30523552E+02    1.355000  0.24523190E+03
   18.44859505  0.30512671E+02    1.356000  0.24556068E+03
   18.46220021  0.30512205E+02    1.357000  0.24597313E+03
   18.47580537  0.30512374E+02    1.358000  0.24639069E+03
   18.48941053  0.30508064E+02    1.359000  0.24677203E+03
   18.50301568  0.30504587E+02    1.360000  0.24716000E+03
   18.51662084  0.30507462E+02    1.361000  0.24759943E+03
   18.53022600  0.30507072E+02    1.362000  0.24801239E+03
   18.54383116  0.30483606E+02    1.363000  0.24823743E+03
   18.55743632  0.30491323E+02    1.364000  0.24871619E+03
   18.57104148  0.30494672E+02    1.365000  0.24915946E+03
   18.58464664  0.30499663E+02    1.366000  0.24961627E+03
   18.59825179  0.30505310E+02    1.367000  0.25007859E+03
   18.61185695  0.30505754E+02    1.368000  0.25049834E+03
   18.62546211  0.30508108E+02    1.369000  0.25093381E+03
   18.63906727  0.30508011E+02    1.370000  0.25134916E+03
   18.65267243  0.30490621E+02    1.371000  0.25162179E+03
   18.66627759  0.30506686E+02    1.372000  0.25217049E+03
   18.67988275  0.30508995E+02    1.373000  0.25260573E+03
   18.69348790  0.30509804E+02    1.374000  0.25302859E+03
   18.70709306  0.35159406E+02    1.375000  0.29206897E+03
   18.72069822  0.30525682E+02    1.376000  0.25399304E+03
   18.73430338  0.30541089E+02    1.377000  0.25453783E+03
   18.74790854  0.30548478E+02    1.378000  0.25501610E+03
   18.76151370  0.30568010E+02    1.379000  0.25559611E+03
   18.77511886  0.30564604E+02    1.380000  0.25598455E+03
   18.78872402  0.30566625E+02    1.381000  0.25641841E+03
   18.80232917  0.30584316E+02    1.382000  0.25698400E+03
   18.81593433  0.30583559E+02    1.383000  0.25739481E+03
   18.82953949  0.30590893E+02    1.384000  0.25787381E+03
   18.84314465  0.30594543E+02    1.385000  0.25832190E+03
   18.85674981  0.30606287E+02    1.386000  0.25883854E+03
   18.87035497  0.30603169E+02    1.387000  0.25922961E+03
   18.88396013  0.30596164E+02    1.388000  0.25958762E+03
   18.89756528  0.30594144E+02    1.389000  0.25998779E+03
   18.91117044  0.30593198E+02    1.390000  0.26039706E+03
   18.92477560  0.30587976E+02    1.391000  0.26076984E+03
   18.93838076  0.30585939E+02    1.392000  0.26116968E+03
   18.95198592  0.30587677E+02    1.393000  0.26160175E+03
   18.96559108  0.30586035E+02    1.394000  0.26200491E+03
   18.97919624  0.30576739E+02    1.395000  0.26234236E+03
   18.99280139  0.30564913E+02    1.396000  0.26265781E+03
   19.00640655  0.30565946E+02    1.397000  0.26308362E+03
   19.02001171  0.30577292E+02    1.398000  0.26359836E+03
   19.03361687  0.30544108E+02    1.399000  0.26372893E+03
   19.04722203  0.30549619E+02    1.400000  0.26419322E+03
   19.06082719  0.30538582E+02    1.401000  0.26451433E+03
   19.07443235  0.30527194E+02    1.402000  0.26483209E+03
   19.08803750  0.30518828E+02    1.403000  0.26517580E+03
   19.10164266  0.30512974E+02    1.404000  0.26554115E+03
   19.11524782  0.30497145E+02    1.405000  0.26581939E+03
   19.12885298  0.30497423E+02    1.406000  0.26623781E+03
   19.14245814  0.30486383E+02    1.407000  0.26655728E+03
   19.15606330  0.30474656E+02    1.408000  0.26687043E+03
   19.16966846  0.30469825E+02    1.409000  0.26724374E+03
   19.18327361  0.30468722E+02    1.410000  0.26764967E+03
   19.19687877  0.30456566E+02    1.411000  0.26795833E+03
   19.21048393  0.30459770E+02    1.412000  0.26840200E+03
   19.22408909  0.30442363E+02    1.413000  0.26866386E+03
   19.23769425  0.30446063E+02    1.414000  0.26911181E+03
   19.25129941  0.30450833E+02    1.415000  0.26956934E+03
   19.26490457  0.30446483E+02    1.416000  0.26994613E+03
   19.27850972  0.30442050E+02    1.417000  0.27032207E+03
   19.29211488  0.30434066E+02    1.418000  0.27066630E+03
   19.30572004  0.30437038E+02    1.419000  0.27110791E+03
   19.31932520  0.30444958E+02    1.420000  0.27159373E+03
   19.33293036  0.30427129E+02    1.421000  0.27184972E+03
   19.34653552  0.30411167E+02    1.422000  0.27212193E+03
   19.36014068  0.30392018E+02    1.423000  0.27236514E+03
   19.37374583  0.30404147E+02    1.424000  0.27288856E+03
   19.38735099  0.30401448E+02    1.425000  0.27327903E+03
   19.40095615  0.30389442E+02    1.426000  0.27358563E+03
   19.41456131  0.30479514E+02    1.427000  0.27481227E+03
   19.42816647  0.30387612E+02    1.428000  0.27439815E+03
   19.44177163  0.30374441E+02    1.429000  0.27469354E+03
   19.45537679  0.30366930E+02    1.430000  0.27503983E+03
   19.46898194  0.30357736E+02    1.431000  0.27537065E+03
   19.48258710  0.30341230E+02    1.432000  0.27563479E+03
   19.49619226  0.30337862E+02    1.433000  0.27601801E+03
   19.50979742  0.30333750E+02    1.434000  0.27639437E+03
   19.52340258  0.30334292E+02    1.435000  0.27681308E+03
   19.53700774  0.30320087E+02    1.436000  0.27709703E+03
   19.55061290  0.30316630E+02    1.437000  0.27747896E+03
   19.56421805  0.30310370E+02    1.438000  0.27783511E+03
   19.57782321  0.30306589E+02    1.439000  0.27821385E+03
   19.59142837  0.30306954E+02    1.440000  0.27863060E+03
   19.99958313  0.30238854E+02    1.470000  0.29037861E+03
   24.99947891  0.28048979E+02    1.837500  0.40995476E+03
   29.99937469  0.25907616E+02    2.205000  0.50852812E+03
   34.99927048  0.23788525E+02    2.572500  0.58618166E+03
   39.99916626  0.21841961E+02    2.940000  0.64770600E+03
   44.99906204  0.20086134E+02    3.307500  0.69632699E+03
   49.99895782  0.18514315E+02    3.675000  0.73464603E+03
   54.99885361  0.17087837E+02    4.042500  0.76370221E+03
   59.99874939  0.15843287E+02    4.410000  0.78749979E+03
   64.99864517  0.14766856E+02    4.777500  0.80801907E+03
   69.99854095  0.13839634E+02    5.145000  0.82665887E+03
   74.99843674  0.13036026E+02    5.512500  0.84400593E+03
   79.99833252  0.12344796E+02    5.880000  0.86113540E+03
   84.99822830  0.11771986E+02    6.247500  0.88018905E+03
   89.99812408  0.11304938E+02    6.615000  0.90193780E+03
   94.99801987  0.10920058E+02    6.982500  0.92597161E+03
   99.99791565  0.10625390E+02    7.350000  0.95424855E+03
  104.99781143  0.10426728E+02    7.717500  0.98867462E+03
  109.99770721  0.10301849E+02    8.085000  0.10284750E+04
  114.99760300  0.10273449E+02    8.452500  0.10771389E+04
  119.99749878  0.10347020E+02    8.820000  0.11367205E+04
  124.99739456  0.10521846E+02    9.187500  0.12086713E+04
  129.99729034  0.10843803E+02    9.555000  0.13000136E+04
  134.99718613  0.11322330E+02    9.922500  0.14141390E+04
