       eV          sigma            Ry          om               in 10^-16                                                                       
   12.97054923  0.00000000E+00    0.953355  0.00000000E+00
   12.97932130  0.36632235E+00    0.954000  0.74587716E+00
   12.99292646  0.68093166E+00    0.955000  0.13957484E+01
   13.00653161  0.67657072E+00    0.956000  0.13960382E+01
   13.02013677  0.71216040E+00    0.957000  0.14791882E+01
   13.03374193  0.78216393E+00    0.958000  0.16352576E+01
   13.04734709  0.80410155E+00    0.959000  0.16920905E+01
   13.06095225  0.81614743E+00    0.960000  0.17285715E+01
   13.07455741  0.83172969E+00    0.961000  0.17729193E+01
   13.08816257  0.81941412E+00    0.962000  0.17578445E+01
   13.10176772  0.77566460E+00    0.963000  0.16745714E+01
   13.11537288  0.77166489E+00    0.964000  0.16764623E+01
   13.12897804  0.77510045E+00    0.965000  0.16944988E+01
   13.14258320  0.78715183E+00    0.966000  0.17315822E+01
   13.15618836  0.83189879E+00    0.967000  0.18413643E+01
   13.16979352  0.85379419E+00    0.968000  0.19014747E+01
   13.18339868  0.88215332E+00    0.969000  0.19766659E+01
   13.19700383  0.90251959E+00    0.970000  0.20346119E+01
   13.21060899  0.93017463E+00    0.971000  0.21096445E+01
   13.22421415  0.95925121E+00    0.972000  0.21886750E+01
   13.23781931  0.98704889E+00    0.973000  0.22655633E+01
   13.25142447  0.99108326E+00    0.974000  0.22883421E+01
   13.26502963  0.10140062E+01    0.975000  0.23551010E+01
   13.27863479  0.10366033E+01    0.976000  0.24217240E+01
   13.30584510  0.10536897E+01    0.978000  0.24903869E+01
   13.31945026  0.10496158E+01    0.979000  0.24950756E+01
   13.33305542  0.10423503E+01    0.980000  0.24920226E+01
   13.34666058  0.10379608E+01    0.981000  0.24956864E+01
   13.36026574  0.99968774E+00    0.982000  0.24172983E+01
   13.37387090  0.94033987E+00    0.983000  0.22866186E+01
   13.38747605  0.10659672E+01    0.984000  0.26066461E+01
   13.40108121  0.11866211E+01    0.985000  0.29178710E+01
   13.41468637  0.11942478E+01    0.986000  0.29529150E+01
   13.42829153  0.12060222E+01    0.987000  0.29984791E+01
   13.44189669  0.12060052E+01    0.988000  0.30148872E+01
   13.45550185  0.12088819E+01    0.989000  0.30385684E+01
   13.46910701  0.12074715E+01    0.990000  0.30514937E+01
   13.48271216  0.12007968E+01    0.991000  0.30510049E+01
   13.49631732  0.11903582E+01    0.992000  0.30407192E+01
   13.50992248  0.12043780E+01    0.993000  0.30929604E+01
   13.52352764  0.12111668E+01    0.994000  0.31269153E+01
   13.53713280  0.11974513E+01    0.995000  0.31078394E+01
   13.55073796  0.11896855E+01    0.996000  0.31039119E+01
   13.56434312  0.11956794E+01    0.997000  0.31358597E+01
   13.57794827  0.12249776E+01    0.998000  0.32294079E+01
   13.59155343  0.12455316E+01    0.999000  0.33005840E+01
   13.60515859  0.12488911E+01    1.000000  0.33265218E+01
   13.61876375  0.12503274E+01    1.001000  0.33474024E+01
   13.63236891  0.11710553E+01    1.002000  0.31511472E+01
   13.64597407  0.10937828E+01    1.003000  0.29581374E+01
   13.65957923  0.10753974E+01    1.004000  0.29230829E+01
   13.67318438  0.11116880E+01    1.005000  0.30368896E+01
   13.70039470  0.10646998E+01    1.007000  0.29375741E+01
   13.71399986  0.10347201E+01    1.008000  0.28689721E+01
   13.75481534  0.94429147E+00    1.011000  0.26568818E+01
   13.76842049  0.10711797E+01    1.012000  0.30285091E+01
   13.78202565  0.10839920E+01    1.013000  0.30795189E+01
   13.79563081  0.10883036E+01    1.014000  0.31066126E+01
   13.80923597  0.10604887E+01    1.015000  0.30416790E+01
   13.82284113  0.10197220E+01    1.016000  0.29386619E+01
   13.83644629  0.10310790E+01    1.017000  0.29854553E+01
   13.85005145  0.10479627E+01    1.018000  0.30486362E+01
   13.86365660  0.10878300E+01    1.019000  0.31794529E+01
   13.87726176  0.11114226E+01    1.020000  0.32635682E+01
   13.89086692  0.11231031E+01    1.021000  0.33131864E+01
   13.90447208  0.10532845E+01    1.022000  0.31215867E+01
   13.91807724  0.10739588E+01    1.023000  0.31975075E+01
   13.93168240  0.10965464E+01    1.024000  0.32797152E+01
   13.94528756  0.11030324E+01    1.025000  0.33141604E+01
   13.95889272  0.11341713E+01    1.026000  0.34231904E+01
   13.97249787  0.11473444E+01    1.027000  0.34786001E+01
   13.98610303  0.11487296E+01    1.028000  0.34984690E+01
   13.99970819  0.11407824E+01    1.029000  0.34898264E+01
   14.01331335  0.11137726E+01    1.030000  0.34223916E+01
   14.02691851  0.11342139E+01    1.031000  0.35006748E+01
   14.04052367  0.11505687E+01    1.032000  0.35668468E+01
   14.05412883  0.11679507E+01    1.033000  0.36366637E+01
   14.06773398  0.11456290E+01    1.034000  0.35827870E+01
   14.08133914  0.11809105E+01    1.035000  0.37092329E+01
   14.09494430  0.11915638E+01    1.036000  0.37589483E+01
   14.10854946  0.12180111E+01    1.037000  0.38589941E+01
   14.12215462  0.12242986E+01    1.038000  0.38956145E+01
   14.13575978  0.12081458E+01    1.039000  0.38606972E+01
   14.14936494  0.12092586E+01    1.040000  0.38807478E+01
   14.16297009  0.12006316E+01    1.041000  0.38694392E+01
   14.17657525  0.12120056E+01    1.042000  0.39226280E+01
   14.19018041  0.12180687E+01    1.043000  0.39588660E+01
   14.20378557  0.12194547E+01    1.044000  0.39800044E+01
   14.21739073  0.12082069E+01    1.045000  0.39597748E+01
   14.23099589  0.11976931E+01    1.046000  0.39416539E+01
   14.24460105  0.12095605E+01    1.047000  0.39972090E+01
   14.25820620  0.12127369E+01    1.048000  0.40242482E+01
   14.27181136  0.12079975E+01    1.049000  0.40249989E+01
   14.28541652  0.12035112E+01    1.050000  0.40264671E+01
   14.29902168  0.11887414E+01    1.051000  0.39932681E+01
   14.31262684  0.11819900E+01    1.052000  0.39867113E+01
   14.32623200  0.11707647E+01    1.053000  0.39648195E+01
   14.33983716  0.11607717E+01    1.054000  0.39468112E+01
   14.35344231  0.11733835E+01    1.055000  0.40056987E+01
   14.36704747  0.11731961E+01    1.056000  0.40210618E+01
   14.38065263  0.11808446E+01    1.057000  0.40633839E+01
   14.39425779  0.11826435E+01    1.058000  0.40857057E+01
   14.40786295  0.11910597E+01    1.059000  0.41310281E+01
   14.42146811  0.12046809E+01    1.060000  0.41947034E+01
   14.43507327  0.12177169E+01    1.061000  0.42567050E+01
   14.44867842  0.12260724E+01    1.062000  0.43026372E+01
   14.46228358  0.12516153E+01    1.063000  0.44093468E+01
   14.47588874  0.12496714E+01    1.064000  0.44195446E+01
   14.48949390  0.12547968E+01    1.065000  0.44547868E+01
   14.50309906  0.12558395E+01    1.066000  0.44756187E+01
   14.51670422  0.12713573E+01    1.067000  0.45482636E+01
   14.53030938  0.12574155E+01    1.068000  0.45155386E+01
   14.54391453  0.12603563E+01    1.069000  0.45432912E+01
   14.55751969  0.12603843E+01    1.070000  0.45605843E+01
   14.57112485  0.12656663E+01    1.071000  0.45969609E+01
   14.58473001  0.12685465E+01    1.072000  0.46247253E+01
   14.59833517  0.12774985E+01    1.073000  0.46747873E+01
   14.61194033  0.12810308E+01    1.074000  0.47051870E+01
   14.62554549  0.13025605E+01    1.075000  0.48020322E+01
   14.63915064  0.12924976E+01    1.076000  0.47825644E+01
   14.65275580  0.12882745E+01    1.077000  0.47845105E+01
   14.66636096  0.12787038E+01    1.078000  0.47664078E+01
   14.67996612  0.12689852E+01    1.079000  0.47474910E+01
   14.69357128  0.12688743E+01    1.080000  0.47643839E+01
   14.70717644  0.12644029E+01    1.081000  0.47648418E+01
   14.72078160  0.12577058E+01    1.082000  0.47567597E+01
   14.73438675  0.12562369E+01    1.083000  0.47683396E+01
   14.74799191  0.12583246E+01    1.084000  0.47934280E+01
   14.76159707  0.12538915E+01    1.085000  0.47936441E+01
   14.77520223  0.12550122E+01    1.086000  0.48150476E+01
   14.78880739  0.12662832E+01    1.087000  0.48755633E+01
   14.80241255  0.12482978E+01    1.088000  0.48233414E+01
   14.81601771  0.12527142E+01    1.089000  0.48574935E+01
   14.82962286  0.12515967E+01    1.090000  0.48702326E+01
   14.84322802  0.12544488E+01    1.091000  0.48984417E+01
   14.85683318  0.12604031E+01    1.092000  0.49388850E+01
   14.87043834  0.12605223E+01    1.093000  0.49565461E+01
   14.88404350  0.12598806E+01    1.094000  0.49712079E+01
   14.89764866  0.12573692E+01    1.095000  0.49784495E+01
   14.91125382  0.12604683E+01    1.096000  0.50079136E+01
   14.92485898  0.12510841E+01    1.097000  0.49876950E+01
   14.93846413  0.12496636E+01    1.098000  0.49990775E+01
   14.95206929  0.12390302E+01    1.099000  0.49734413E+01
   14.96567445  0.12456462E+01    1.100000  0.50169891E+01
   14.97927961  0.12420501E+01    1.101000  0.50194473E+01
   14.99288477  0.12474833E+01    1.102000  0.50584205E+01
   15.00648993  0.12419922E+01    1.103000  0.50530957E+01
   15.02009509  0.12505645E+01    1.104000  0.51050306E+01
   15.03370024  0.12527666E+01    1.105000  0.51311082E+01
   15.04730540  0.12545173E+01    1.106000  0.51553908E+01
   15.06091056  0.12512460E+01    1.107000  0.51590153E+01
   15.07451572  0.12614085E+01    1.108000  0.52181222E+01
   15.08812088  0.12631541E+01    1.109000  0.52425732E+01
   15.10172604  0.12661237E+01    1.110000  0.52721686E+01
   15.11533120  0.12683769E+01    1.111000  0.52988523E+01
   15.12893635  0.12651253E+01    1.112000  0.53025249E+01
   15.14254151  0.12664263E+01    1.113000  0.53252523E+01
   15.15614667  0.12752335E+01    1.114000  0.53796807E+01
   15.16975183  0.12764134E+01    1.115000  0.54020693E+01
   15.18335699  0.12769394E+01    1.116000  0.54217134E+01
   15.19696215  0.12802820E+01    1.117000  0.54533692E+01
   15.21056731  0.12828665E+01    1.118000  0.54818764E+01
   15.22417246  0.12813201E+01    1.119000  0.54927464E+01
   15.23777762  0.12801995E+01    1.120000  0.55054050E+01
   15.25138278  0.12780241E+01    1.121000  0.55134823E+01
   15.26498794  0.12805009E+01    1.122000  0.55416339E+01
   15.27859310  0.12865657E+01    1.123000  0.55854301E+01
   15.29219826  0.12799615E+01    1.124000  0.55742181E+01
   15.30580342  0.12857493E+01    1.125000  0.56169622E+01
   15.31940857  0.12897109E+01    1.126000  0.56518609E+01
   15.33301373  0.12930191E+01    1.127000  0.56839955E+01
   15.34661889  0.12980540E+01    1.128000  0.57238347E+01
   15.36022405  0.12946970E+01    1.129000  0.57266918E+01
   15.37382921  0.12917812E+01    1.130000  0.57314152E+01
   15.38743437  0.12954659E+01    1.131000  0.57654341E+01
   15.40103953  0.13020851E+01    1.132000  0.58126538E+01
   15.41464468  0.13036511E+01    1.133000  0.58374269E+01
   15.42824984  0.13022844E+01    1.134000  0.58490707E+01
   15.44185500  0.13028604E+01    1.135000  0.58694292E+01
   15.45546016  0.13074545E+01    1.136000  0.59079602E+01
   15.46906532  0.13083468E+01    1.137000  0.59298383E+01
   15.48267048  0.13151272E+01    1.138000  0.59785081E+01
   15.50988079  0.13160266E+01    1.140000  0.60184989E+01
   15.52348595  0.13103757E+01    1.141000  0.60105302E+01
   15.53709111  0.13145218E+01    1.142000  0.60474785E+01
   15.55069627  0.13151068E+01    1.143000  0.60681083E+01
   15.56430143  0.13137960E+01    1.144000  0.60799806E+01
   15.57790659  0.13248608E+01    1.145000  0.61492582E+01
   15.59151175  0.13277406E+01    1.146000  0.61807355E+01
   15.60511690  0.13254097E+01    1.147000  0.61879640E+01
   15.61872206  0.13208253E+01    1.148000  0.61845771E+01
   15.63232722  0.13123773E+01    1.149000  0.61629219E+01
   15.64593238  0.13092882E+01    1.150000  0.61662749E+01
   15.65953754  0.13157533E+01    1.151000  0.62146705E+01
   15.67314270  0.13065011E+01    1.152000  0.61887909E+01
   15.68674786  0.13168315E+01    1.153000  0.62556874E+01
   15.70035301  0.13149220E+01    1.154000  0.62645523E+01
   15.71395817  0.13107896E+01    1.155000  0.62627445E+01
   15.72756333  0.13071993E+01    1.156000  0.62634211E+01
   15.74116849  0.12975049E+01    1.157000  0.62346688E+01
   15.75477365  0.12997786E+01    1.158000  0.62633237E+01
   15.76837881  0.12990595E+01    1.159000  0.62775782E+01
   15.78198397  0.12990341E+01    1.160000  0.62951752E+01
   15.79558912  0.12937136E+01    1.161000  0.62870383E+01
   15.80919428  0.12878311E+01    1.162000  0.62760179E+01
   15.82279944  0.12897786E+01    1.163000  0.63031017E+01
   15.83640460  0.12959722E+01    1.164000  0.63510472E+01
   15.85000976  0.12989657E+01    1.165000  0.63834357E+01
   15.86361492  0.12979353E+01    1.166000  0.63960762E+01
   15.87722008  0.12927650E+01    1.167000  0.63882313E+01
   15.89082524  0.12886992E+01    1.168000  0.63857185E+01
   15.90443039  0.12918505E+01    1.169000  0.64189553E+01
   15.91803555  0.12798175E+01    1.170000  0.63766225E+01
   15.93164071  0.12864390E+01    1.171000  0.64271614E+01
   15.94524587  0.12780441E+01    1.172000  0.64026528E+01
   15.95885103  0.12821270E+01    1.173000  0.64405959E+01
   15.97245619  0.12793759E+01    1.174000  0.64442272E+01
   15.98606135  0.12869682E+01    1.175000  0.65000245E+01
   15.99966650  0.12922950E+01    1.176000  0.65445554E+01
   16.01327166  0.12905053E+01    1.177000  0.65530948E+01
   16.02687682  0.13001969E+01    1.178000  0.66200433E+01
   16.04048198  0.13315944E+01    1.179000  0.67980696E+01
   16.05408714  0.13751427E+01    1.180000  0.70391504E+01
   16.06769230  0.12866893E+01    1.181000  0.66039216E+01
   16.08129746  0.12650007E+01    1.182000  0.65098599E+01
   16.09490261  0.12587068E+01    1.183000  0.64946398E+01
   16.10850777  0.12549636E+01    1.184000  0.64924439E+01
   16.12211293  0.12521506E+01    1.185000  0.64949711E+01
   16.13571809  0.12517888E+01    1.186000  0.65101693E+01
   16.14932325  0.12526741E+01    1.187000  0.65318606E+01
   16.16292841  0.12503098E+01    1.188000  0.65365868E+01
   16.17653357  0.12497233E+01    1.189000  0.65505674E+01
   16.19013872  0.12551138E+01    1.190000  0.65959426E+01
   16.20374388  0.12649430E+01    1.191000  0.66648517E+01
   16.21734904  0.12828326E+01    1.192000  0.67766089E+01
   16.23095420  0.12845013E+01    1.193000  0.68029446E+01
   16.24455936  0.12812519E+01    1.194000  0.68032120E+01
   16.25816452  0.12821328E+01    1.195000  0.68253784E+01
   16.27176968  0.12832451E+01    1.196000  0.68488034E+01
   16.28537483  0.12897973E+01    1.197000  0.69013664E+01
   16.29897999  0.12969208E+01    1.198000  0.69571729E+01
   16.31258515  0.13063249E+01    1.199000  0.70254389E+01
   16.32619031  0.13154822E+01    1.200000  0.70926308E+01
   16.33979547  0.13185952E+01    1.201000  0.71274015E+01
   16.35340063  0.13152272E+01    1.202000  0.71271366E+01
   16.36700579  0.13236657E+01    1.203000  0.71909194E+01
   16.39421610  0.13202941E+01    1.205000  0.72086216E+01
   16.40782126  0.13096868E+01    1.206000  0.71685718E+01
   16.42142642  0.13048774E+01    1.207000  0.71600465E+01
   16.43503158  0.12933878E+01    1.208000  0.71146441E+01
   16.44863674  0.12838491E+01    1.209000  0.70796858E+01
   16.46224190  0.12804016E+01    1.210000  0.70781399E+01
   16.47584705  0.12758551E+01    1.211000  0.70704098E+01
   16.48945221  0.12749902E+01    1.212000  0.70830082E+01
   16.50305737  0.12762819E+01    1.213000  0.71075928E+01
   16.51666253  0.12759390E+01    1.214000  0.71230878E+01
   16.53026769  0.12736854E+01    1.215000  0.71278805E+01
   16.54387285  0.12755760E+01    1.216000  0.71558599E+01
   16.55747801  0.12752240E+01    1.217000  0.71712799E+01
   16.57108316  0.12741266E+01    1.218000  0.71824881E+01
   16.58468832  0.12718832E+01    1.219000  0.71871909E+01
   16.59829348  0.12683372E+01    1.220000  0.71844536E+01
   16.61189864  0.12647025E+01    1.221000  0.71811156E+01
   16.62550380  0.12641895E+01    1.222000  0.71954471E+01
   16.63910896  0.12626410E+01    1.223000  0.72038560E+01
   16.65271412  0.12600592E+01    1.224000  0.72063139E+01
   16.67992443  0.12663918E+01    1.226000  0.72770782E+01
   16.69352959  0.12681881E+01    1.227000  0.73046989E+01
   16.70713475  0.12657975E+01    1.228000  0.73081951E+01
   16.72073991  0.12608988E+01    1.229000  0.72971112E+01
   16.73434507  0.12574321E+01    1.230000  0.72942003E+01
   16.74795023  0.12545900E+01    1.231000  0.72948270E+01
   16.76155538  0.12502906E+01    1.232000  0.72868828E+01
   16.77516054  0.12472031E+01    1.233000  0.72859005E+01
   16.78876570  0.12455277E+01    1.234000  0.72931024E+01
   16.80237086  0.12443903E+01    1.235000  0.73034167E+01
   16.81597602  0.12474174E+01    1.236000  0.73381979E+01
   16.82958118  0.12444851E+01    1.237000  0.73379236E+01
   16.84318634  0.12447401E+01    1.238000  0.73564059E+01
   16.85679150  0.12585728E+01    1.239000  0.74553245E+01
   16.87039665  0.12782963E+01    1.240000  0.75895959E+01
   16.88400181  0.12726555E+01    1.241000  0.75734644E+01
   16.89760697  0.12519020E+01    1.242000  0.74670383E+01
   16.91121213  0.12430138E+01    1.243000  0.74309796E+01
   16.92481729  0.12405183E+01    1.244000  0.74329819E+01
   16.93842245  0.12358627E+01    1.245000  0.74219438E+01
   16.95202761  0.12335504E+01    1.246000  0.74248839E+01
   16.96563276  0.12285586E+01    1.247000  0.74115957E+01
   16.97923792  0.12308137E+01    1.248000  0.74419885E+01
   16.99284308  0.12296967E+01    1.249000  0.74520083E+01
   17.00644824  0.12259161E+01    1.250000  0.74458196E+01
   17.02005340  0.12248680E+01    1.251000  0.74561618E+01
   17.03365856  0.12214695E+01    1.252000  0.74521353E+01
   17.04726372  0.12203148E+01    1.253000  0.74617362E+01
   17.06086887  0.12169400E+01    1.254000  0.74576999E+01
   17.07447403  0.12135397E+01    1.255000  0.74534153E+01
   17.08807919  0.12141145E+01    1.256000  0.74735069E+01
   17.10168435  0.12108364E+01    1.257000  0.74698444E+01
   17.11528951  0.12102620E+01    1.258000  0.74828092E+01
   17.12889467  0.12161265E+01    1.259000  0.75356567E+01
   17.14249983  0.12201386E+01    1.260000  0.75771607E+01
   17.15610498  0.12176826E+01    1.261000  0.75785188E+01
   17.16971014  0.12193988E+01    1.262000  0.76058329E+01
   17.18331530  0.12157796E+01    1.263000  0.75998419E+01
   17.19692046  0.12142658E+01    1.264000  0.76069425E+01
   17.21052562  0.12157623E+01    1.265000  0.76329009E+01
   17.22413078  0.12196540E+01    1.266000  0.76739707E+01
   17.23773594  0.12491750E+01    1.267000  0.78767537E+01
   17.25134109  0.12452248E+01    1.268000  0.78688307E+01
   17.26494625  0.12240178E+01    1.269000  0.77515159E+01
   17.27855141  0.12212363E+01    1.270000  0.77505593E+01
   17.29215657  0.12208365E+01    1.271000  0.77646743E+01
   17.30576173  0.12219401E+01    1.272000  0.77883609E+01
   17.31936689  0.12279413E+01    1.273000  0.78433607E+01
   17.33297205  0.12276952E+01    1.274000  0.78585353E+01
   17.34657720  0.12187058E+01    1.275000  0.78176176E+01
   17.36018236  0.12144724E+01    1.276000  0.78070273E+01
   17.37378752  0.12097250E+01    1.277000  0.77930104E+01
   17.38739268  0.12044123E+01    1.278000  0.77752151E+01
   17.40099784  0.11993418E+01    1.279000  0.77588413E+01
   17.41460300  0.12018604E+01    1.280000  0.77915286E+01
   17.42820816  0.12022718E+01    1.281000  0.78105952E+01
   17.44181331  0.12028981E+01    1.282000  0.78310717E+01
   17.45541847  0.11982073E+01    1.283000  0.78168778E+01
   17.46902363  0.12002126E+01    1.284000  0.78463316E+01
   17.48262879  0.12021873E+01    1.285000  0.78756391E+01
   17.49623395  0.12151761E+01    1.286000  0.79773058E+01
   17.50983911  0.12306419E+01    1.287000  0.80956208E+01
   17.52344427  0.12176968E+01    1.288000  0.80270733E+01
   17.53704942  0.12149286E+01    1.289000  0.80253970E+01
   17.55065458  0.12288426E+01    1.290000  0.81340704E+01
   17.56425974  0.12181216E+01    1.291000  0.80797203E+01
   17.57786490  0.12190100E+01    1.292000  0.81022405E+01
   17.59147006  0.12232221E+01    1.293000  0.81469223E+01
   17.60507522  0.12280321E+01    1.294000  0.81957084E+01
   17.61868038  0.12277329E+01    1.295000  0.82104588E+01
   17.63228553  0.12277590E+01    1.296000  0.82273801E+01
   17.64589069  0.12311320E+01    1.297000  0.82667760E+01
   17.65949585  0.12326573E+01    1.298000  0.82938325E+01
   17.67310101  0.12324873E+01    1.299000  0.83094998E+01
   17.68670617  0.12349193E+01    1.300000  0.83427416E+01
   17.70031133  0.12324161E+01    1.301000  0.83426414E+01
   17.71391649  0.12322072E+01    1.302000  0.83580350E+01
   17.72752164  0.12357670E+01    1.303000  0.83990372E+01
   17.74112680  0.12362283E+01    1.304000  0.84190350E+01
   17.75473196  0.12360960E+01    1.305000  0.84349951E+01
   17.76833712  0.12337040E+01    1.306000  0.84355002E+01
   17.78194228  0.12352018E+01    1.307000  0.84625903E+01
   17.79554744  0.12360050E+01    1.308000  0.84849529E+01
   17.80915260  0.12361727E+01    1.309000  0.85029658E+01
   17.82275776  0.12362849E+01    1.310000  0.85206008E+01
   17.83636291  0.12356428E+01    1.311000  0.85330302E+01
   17.84996807  0.12352159E+01    1.312000  0.85469310E+01
   17.86357323  0.12341493E+01    1.313000  0.85563855E+01
   17.87717839  0.12293869E+01    1.314000  0.85401369E+01
   17.89078355  0.12293186E+01    1.315000  0.85564309E+01
   17.90438871  0.12284582E+01    1.316000  0.85671986E+01
   17.91799387  0.12254369E+01    1.317000  0.85628436E+01
   17.93159902  0.12226959E+01    1.318000  0.85603685E+01
   17.94520418  0.12235168E+01    1.319000  0.85828056E+01
   17.95880934  0.12213643E+01    1.320000  0.85843656E+01
   17.97241450  0.12211220E+01    1.321000  0.85993191E+01
   17.98601966  0.12222628E+01    1.322000  0.86240249E+01
   17.99962482  0.12228221E+01    1.323000  0.86446509E+01
   18.01322998  0.12239711E+01    1.324000  0.86694697E+01
   18.02683513  0.12234229E+01    1.325000  0.86822743E+01
   18.04044029  0.12191999E+01    1.326000  0.86689356E+01
   18.05404545  0.12133241E+01    1.327000  0.86437069E+01
   18.06765061  0.12073165E+01    1.328000  0.86173767E+01
   18.08125577  0.12004056E+01    1.329000  0.85844233E+01
   18.09486093  0.11949232E+01    1.330000  0.85615166E+01
   18.10846609  0.11893050E+01    1.331000  0.85374851E+01
   18.12207124  0.11931799E+01    1.332000  0.85815771E+01
   18.13567640  0.11964743E+01    1.333000  0.86215911E+01
   18.14928156  0.12025963E+01    1.334000  0.86821094E+01
   18.16288672  0.12067212E+01    1.335000  0.87283491E+01
   18.17649188  0.12095717E+01    1.336000  0.87654655E+01
   18.19009704  0.12083914E+01    1.337000  0.87733951E+01
   18.20370220  0.12110873E+01    1.338000  0.88094887E+01
   18.21730735  0.12119142E+01    1.339000  0.88320345E+01
   18.23091251  0.12085823E+01    1.340000  0.88242382E+01
   18.24451767  0.12067835E+01    1.341000  0.88275653E+01
   18.25812283  0.12027433E+01    1.342000  0.88144175E+01
   18.27172799  0.12005375E+01    1.343000  0.88146281E+01
   18.28533315  0.11993660E+01    1.344000  0.88223860E+01
   18.29893831  0.11959201E+01    1.345000  0.88133515E+01
   18.31254346  0.11968789E+01    1.346000  0.88367432E+01
   18.32614862  0.11969917E+01    1.347000  0.88539037E+01
   18.33975378  0.11929221E+01    1.348000  0.88400732E+01
   18.35335894  0.11918371E+01    1.349000  0.88482903E+01
   18.36696410  0.11897747E+01    1.350000  0.88492075E+01
   18.38056926  0.11860004E+01    1.351000  0.88373134E+01
   18.39417442  0.11829355E+01    1.352000  0.88306109E+01
   18.40777957  0.11807102E+01    1.353000  0.88301049E+01
   18.42138473  0.11788322E+01    1.354000  0.88321393E+01
   18.43498989  0.11787299E+01    1.355000  0.88474510E+01
   18.44859505  0.11777481E+01    1.356000  0.88561466E+01
   18.46220021  0.11782373E+01    1.357000  0.88758975E+01
   18.47580537  0.11750217E+01    1.358000  0.88677015E+01
   18.48941053  0.11762770E+01    1.359000  0.88932198E+01
   18.50301568  0.11765152E+01    1.360000  0.89110688E+01
   18.51662084  0.11771402E+01    1.361000  0.89318590E+01
   18.53022600  0.11756407E+01    1.362000  0.89365178E+01
   18.54383116  0.11693132E+01    1.363000  0.89043695E+01
   18.55743632  0.11744465E+01    1.364000  0.89594798E+01
   18.57104148  0.11774234E+01    1.365000  0.89982499E+01
   18.58464664  0.11767601E+01    1.366000  0.90092320E+01
   18.59825179  0.11738662E+01    1.367000  0.90030887E+01
   18.61185695  0.11727427E+01    1.368000  0.90104688E+01
   18.62546211  0.11730048E+01    1.369000  0.90284825E+01
   18.63906727  0.11756921E+01    1.370000  0.90652031E+01
   18.65267243  0.11823765E+01    1.371000  0.91328717E+01
   18.66627759  0.11795053E+01    1.372000  0.91267831E+01
   18.67988275  0.11781678E+01    1.373000  0.91325041E+01
   18.69348790  0.11800717E+01    1.374000  0.91633591E+01
   18.70709306  0.14733942E+01    1.375000  0.11461131E+02
   18.72069822  0.11749595E+01    1.376000  0.91557160E+01
   18.73430338  0.11748477E+01    1.377000  0.91708699E+01
   18.74790854  0.11741713E+01    1.378000  0.91816067E+01
   18.76151370  0.11687658E+01    1.379000  0.91552794E+01
   18.77511886  0.11676390E+01    1.380000  0.91623806E+01
   18.78872402  0.11643989E+01    1.381000  0.91528385E+01
   18.80232917  0.11606165E+01    1.382000  0.91389381E+01
   18.81593433  0.11582784E+01    1.383000  0.91363264E+01
   18.82953949  0.11561457E+01    1.384000  0.91352739E+01
   18.84314465  0.11539384E+01    1.385000  0.91335738E+01
   18.85674981  0.11509386E+01    1.386000  0.91255293E+01
   18.87035497  0.11501201E+01    1.387000  0.91347272E+01
   18.88396013  0.11481295E+01    1.388000  0.91345784E+01
   18.89756528  0.11473374E+01    1.389000  0.91439265E+01
   18.91117044  0.11466461E+01    1.390000  0.91540572E+01
   18.92477560  0.11475666E+01    1.391000  0.91770594E+01
   18.93838076  0.11495049E+01    1.392000  0.92082398E+01
   18.95198592  0.11493396E+01    1.393000  0.92225925E+01
   18.96559108  0.11484723E+01    1.394000  0.92312987E+01
   18.97919624  0.11488330E+01    1.395000  0.92498690E+01
   18.99280139  0.11499257E+01    1.396000  0.92743523E+01
   19.00640655  0.11502655E+01    1.397000  0.92927832E+01
   19.02001171  0.11516779E+01    1.398000  0.93199026E+01
   19.03361687  0.11550139E+01    1.399000  0.93626537E+01
   19.04722203  0.11530296E+01    1.400000  0.93622967E+01
   19.06082719  0.11495061E+01    1.401000  0.93493663E+01
   19.07443235  0.11485175E+01    1.402000  0.93569918E+01
   19.08803750  0.11479786E+01    1.403000  0.93682606E+01
   19.10164266  0.11451506E+01    1.404000  0.93608025E+01
   19.11524782  0.11448518E+01    1.405000  0.93739761E+01
   19.12885298  0.11461741E+01    1.406000  0.94004378E+01
   19.14245814  0.11432407E+01    1.407000  0.93919731E+01
   19.15606330  0.11440783E+01    1.408000  0.94144599E+01
   19.16966846  0.11425669E+01    1.409000  0.94176080E+01
   19.18327361  0.11402050E+01    1.410000  0.94136927E+01
   19.19687877  0.11404902E+01    1.411000  0.94316040E+01
   19.21048393  0.11409282E+01    1.412000  0.94507895E+01
   19.22408909  0.11382482E+01    1.413000  0.94441155E+01
   19.23769425  0.11368700E+01    1.414000  0.94481881E+01
   19.25129941  0.11387821E+01    1.415000  0.94796123E+01
   19.26490457  0.11394193E+01    1.416000  0.95004586E+01
   19.27850972  0.11382611E+01    1.417000  0.95063281E+01
   19.29211488  0.11380847E+01    1.418000  0.95203786E+01
   19.30572004  0.11356867E+01    1.419000  0.95158097E+01
   19.31932520  0.11352378E+01    1.420000  0.95275338E+01
   19.33293036  0.11409553E+01    1.421000  0.95910811E+01
   19.34653552  0.11354899E+01    1.422000  0.95606266E+01
   19.36014068  0.11342796E+01    1.423000  0.95659085E+01
   19.37374583  0.11352019E+01    1.424000  0.95891708E+01
   19.38735099  0.11355498E+01    1.425000  0.96075989E+01
   19.40095615  0.11342869E+01    1.426000  0.96123862E+01
   19.41456131  0.11850833E+01    1.427000  0.10059019E+02
   19.42816647  0.11309304E+01    1.428000  0.96147945E+01
   19.44177163  0.11318381E+01    1.429000  0.96379505E+01
   19.45537679  0.11331298E+01    1.430000  0.96644055E+01
   19.46898194  0.11328512E+01    1.431000  0.96774822E+01
   19.48258710  0.11457918E+01    1.432000  0.98036571E+01
   19.49619226  0.11350964E+01    1.433000  0.97276279E+01
   19.50979742  0.11342525E+01    1.434000  0.97358678E+01
   19.52340258  0.11324134E+01    1.435000  0.97355280E+01
   19.53700774  0.11312989E+01    1.436000  0.97413778E+01
   19.55061290  0.11311343E+01    1.437000  0.97553903E+01
   19.56421805  0.11300993E+01    1.438000  0.97618789E+01
   19.57782321  0.11305819E+01    1.439000  0.97814693E+01
   19.59142837  0.11290860E+01    1.440000  0.97839283E+01
   19.99958313  0.11015586E+01    1.470000  0.99961637E+01
   24.99947891  0.86984981E+00    1.837500  0.12253929E+02
   29.99937469  0.69629864E+00    2.205000  0.13299479E+02
   34.99927048  0.57305899E+00    2.572500  0.13818226E+02
   39.99916626  0.48661264E+00    2.940000  0.14173050E+02
   44.99906204  0.41993425E+00    3.307500  0.14336044E+02
   49.99895782  0.36582110E+00    3.675000  0.14322491E+02
   54.99885361  0.32341758E+00    4.042500  0.14283566E+02
   59.99874939  0.29006025E+00    4.410000  0.14264384E+02
   64.99864517  0.26370176E+00    4.777500  0.14290040E+02
   69.99854095  0.24266534E+00    5.145000  0.14366516E+02
   74.99843674  0.22565473E+00    5.512500  0.14490609E+02
   79.99833252  0.21191624E+00    5.880000  0.14670683E+02
   84.99822830  0.20113525E+00    6.247500  0.14932589E+02
   89.99812408  0.19295668E+00    6.615000  0.15292661E+02
   94.99801987  0.18681152E+00    6.982500  0.15742087E+02
   99.99791565  0.18268975E+00    7.350000  0.16310552E+02
  104.99781143  0.18076907E+00    7.717500  0.17045241E+02
  109.99770721  0.18077664E+00    8.085000  0.17952160E+02
  114.99760300  0.18311344E+00    8.452500  0.19102136E+02
  119.99749878  0.18829190E+00    8.820000  0.20586224E+02
  124.99739456  0.19661202E+00    9.187500  0.22481460E+02
  129.99729034  0.20975241E+00    9.555000  0.25035444E+02
  134.99718613  0.22915734E+00    9.922500  0.28500291E+02
