       eV          sigma            Ry          om               in 10^-16                                                                       
   10.94845805  0.00000000E+00    0.804728  0.00000000E+00
   10.95215267  0.34543894E-01    0.805000  0.12787594E+00
   10.96575782  0.73857691E-01    0.806000  0.27391302E+00
   10.97936298  0.10538340E+00    0.807000  0.39154987E+00
   10.99296814  0.13250746E+00    0.808000  0.49323248E+00
   11.00657330  0.15599553E+00    0.809000  0.58172604E+00
   11.02017846  0.17575381E+00    0.810000  0.65660573E+00
   11.03378362  0.19202755E+00    0.811000  0.71871309E+00
   11.04738878  0.20525021E+00    0.812000  0.76960220E+00
   11.06099394  0.21587974E+00    0.813000  0.81093081E+00
   11.07459909  0.22435918E+00    0.814000  0.84431318E+00
   11.08820425  0.23107403E+00    0.815000  0.87115862E+00
   11.10180941  0.23634890E+00    0.816000  0.89265701E+00
   11.11541457  0.24044814E+00    0.817000  0.90977921E+00
   11.12901973  0.24358941E+00    0.818000  0.92332608E+00
   11.14262489  0.24594754E+00    0.819000  0.93394201E+00
   11.15623005  0.24766546E+00    0.820000  0.94215462E+00
   11.16983520  0.24885848E+00    0.821000  0.94839028E+00
   11.18344036  0.24962075E+00    0.822000  0.95299773E+00
   11.19704552  0.25002896E+00    0.823000  0.95626146E+00
   11.21065068  0.25014587E+00    0.824000  0.95841462E+00
   11.22425584  0.25002160E+00    0.825000  0.95964367E+00
   11.23786100  0.24969999E+00    0.826000  0.96011229E+00
   11.25146616  0.24921504E+00    0.827000  0.95994729E+00
   11.26507131  0.24859577E+00    0.828000  0.95925742E+00
   11.27867647  0.24786341E+00    0.829000  0.95812193E+00
   11.29228163  0.24703977E+00    0.830000  0.95662299E+00
   11.30588679  0.24614150E+00    0.831000  0.95482333E+00
   11.31949195  0.24518035E+00    0.832000  0.95276703E+00
   11.33309711  0.24416766E+00    0.833000  0.95049701E+00
   11.34670227  0.24311294E+00    0.834000  0.94804928E+00
   11.36030742  0.24202434E+00    0.835000  0.94545478E+00
   11.37391258  0.24090936E+00    0.836000  0.94274224E+00
   11.38751774  0.23977138E+00    0.837000  0.93992431E+00
   11.40112290  0.23861764E+00    0.838000  0.93702898E+00
   11.41472806  0.23745166E+00    0.839000  0.93406973E+00
   11.42833322  0.23627699E+00    0.840000  0.93106036E+00
   11.44193838  0.23509690E+00    0.841000  0.92801355E+00
   11.45554353  0.23391437E+00    0.842000  0.92494102E+00
   11.46914869  0.23273243E+00    0.843000  0.92185469E+00
   11.48275385  0.23155321E+00    0.844000  0.91876303E+00
   11.49635901  0.23037996E+00    0.845000  0.91567903E+00
   11.50996417  0.22921446E+00    0.846000  0.91260988E+00
   11.52356933  0.22805975E+00    0.847000  0.90956783E+00
   11.53717449  0.22691933E+00    0.848000  0.90656716E+00
   11.55077964  0.22579499E+00    0.849000  0.90361527E+00
   11.56438480  0.22469424E+00    0.850000  0.90074257E+00
   11.57798996  0.22362135E+00    0.851000  0.89796678E+00
   11.59159512  0.22259187E+00    0.852000  0.89535095E+00
   11.60520028  0.22165621E+00    0.853000  0.89309910E+00
   11.61880544  0.22103869E+00    0.854000  0.89211850E+00
   11.63241060  0.22048449E+00    0.855000  0.89138550E+00
   11.64601575  0.22021487E+00    0.856000  0.89179736E+00
   11.65962091  0.22105903E+00    0.857000  0.89672360E+00
   11.67322607  0.22149039E+00    0.858000  0.89998401E+00
   11.68683123  0.22188921E+00    0.859000  0.90311787E+00
   11.70043639  0.22217628E+00    0.860000  0.90580158E+00
   11.71404155  0.22228859E+00    0.861000  0.90777550E+00
   11.72764671  0.22214269E+00    0.862000  0.90869475E+00
   11.74125186  0.22166733E+00    0.863000  0.90826207E+00
   11.75485702  0.22075803E+00    0.864000  0.90604189E+00
   11.76846218  0.21926518E+00    0.865000  0.90141031E+00
   11.78206734  0.21677657E+00    0.866000  0.89265796E+00
   11.79567250  0.21537170E+00    0.867000  0.88834179E+00
   11.80927766  0.21229057E+00    0.868000  0.87708094E+00
   11.82288282  0.21018148E+00    0.869000  0.86980067E+00
   11.83648797  0.20753828E+00    0.870000  0.86027771E+00
   11.85009313  0.20506874E+00    0.871000  0.85143969E+00
   11.86369829  0.20308912E+00    0.872000  0.84460545E+00
   11.87730345  0.20907703E+00    0.873000  0.87093387E+00
   11.89090861  0.20892754E+00    0.874000  0.87173608E+00
   11.90451377  0.20819131E+00    0.875000  0.87008412E+00
   11.91811893  0.20751486E+00    0.876000  0.86867235E+00
   11.93172408  0.20692281E+00    0.877000  0.86760524E+00
   11.94532924  0.20643505E+00    0.878000  0.86696808E+00
   11.95893440  0.20603564E+00    0.879000  0.86669586E+00
   11.97253956  0.20554530E+00    0.880000  0.86603507E+00
   11.98614472  0.20529305E+00    0.881000  0.86637239E+00
   11.99974988  0.20499322E+00    0.882000  0.86650516E+00
   12.01335504  0.20411798E+00    0.883000  0.86419764E+00
   12.02696020  0.19881696E+00    0.884000  0.84311010E+00
   12.04056535  0.19843084E+00    0.885000  0.84282603E+00
   12.05417051  0.19690960E+00    0.886000  0.83770759E+00
   12.06777567  0.19550032E+00    0.887000  0.83304548E+00
   12.08138083  0.19391956E+00    0.888000  0.82763228E+00
   12.09498599  0.19213049E+00    0.889000  0.82130706E+00
   12.10859115  0.18970052E+00    0.890000  0.81221336E+00
   12.12219631  0.18576575E+00    0.891000  0.79663338E+00
   12.13580146  0.18247605E+00    0.892000  0.78377042E+00
   12.14940662  0.19427066E+00    0.893000  0.83575557E+00
   12.16301178  0.19301069E+00    0.894000  0.83165151E+00
   12.17661694  0.19241589E+00    0.895000  0.83040095E+00
   12.19022210  0.19219126E+00    0.896000  0.83074232E+00
   12.20382726  0.19195391E+00    0.897000  0.83102554E+00
   12.21743242  0.19171755E+00    0.898000  0.83130981E+00
   12.23103757  0.19147151E+00    0.899000  0.83154881E+00
   12.24464273  0.19115323E+00    0.900000  0.83147024E+00
   12.25824789  0.19094157E+00    0.901000  0.83185183E+00
   12.27185305  0.19075368E+00    0.902000  0.83233427E+00
   12.28545821  0.19058470E+00    0.903000  0.83289674E+00
   12.29906337  0.19040796E+00    0.904000  0.83342300E+00
   12.31266853  0.19013860E+00    0.905000  0.83354078E+00
   12.32627368  0.18949167E+00    0.906000  0.83199708E+00
   12.33987884  0.18783391E+00    0.907000  0.82599945E+00
   12.35348400  0.18764059E+00    0.908000  0.82642909E+00
   12.36708916  0.19150684E+00    0.909000  0.84476338E+00
   12.38069432  0.19719911E+00    0.910000  0.87121773E+00
   12.39429948  0.19311394E+00    0.911000  0.85448670E+00
   12.40790464  0.18717200E+00    0.912000  0.82947148E+00
   12.42150979  0.18606010E+00    0.913000  0.82581291E+00
   12.43511495  0.18571336E+00    0.914000  0.82554057E+00
   12.44872011  0.18552795E+00    0.915000  0.82598170E+00
   12.46232527  0.18538178E+00    0.916000  0.82659528E+00
   12.47593043  0.18525256E+00    0.917000  0.82728257E+00
   12.48953559  0.18511963E+00    0.918000  0.82795149E+00
   12.50314075  0.18498854E+00    0.919000  0.82862683E+00
   12.51674590  0.18485979E+00    0.920000  0.82931089E+00
   12.53035106  0.18473538E+00    0.921000  0.83001271E+00
   12.54395622  0.18461901E+00    0.922000  0.83074900E+00
   12.55756138  0.18451705E+00    0.923000  0.83154865E+00
   12.57116654  0.18443237E+00    0.924000  0.83242489E+00
   12.58477170  0.18437594E+00    0.925000  0.83342768E+00
   12.59837686  0.18436366E+00    0.926000  0.83462958E+00
   12.61198201  0.18442262E+00    0.927000  0.83615427E+00
   12.62558717  0.18460535E+00    0.928000  0.83824180E+00
   12.63919233  0.18496515E+00    0.929000  0.84113706E+00
   12.65279749  0.18582183E+00    0.930000  0.84630017E+00
   12.66640265  0.18753419E+00    0.931000  0.85537791E+00
   12.68000781  0.18823930E+00    0.932000  0.85987786E+00
   12.69361297  0.18038309E+00    0.933000  0.82522092E+00
   12.70721812  0.17838887E+00    0.934000  0.81731437E+00
   12.72082328  0.17845030E+00    0.935000  0.81881290E+00
   12.73442844  0.17855352E+00    0.936000  0.82050429E+00
   12.74803360  0.17854050E+00    0.937000  0.82166212E+00
   12.76163876  0.17842306E+00    0.938000  0.82233852E+00
   12.77524392  0.17822413E+00    0.939000  0.82263721E+00
   12.78884908  0.17796139E+00    0.940000  0.82263819E+00
   12.80245423  0.17767379E+00    0.941000  0.82252054E+00
   12.81605939  0.17753707E+00    0.942000  0.82309843E+00
   12.82966455  0.17693536E+00    0.943000  0.82151552E+00
   12.84326971  0.16804120E+00    0.944000  0.78136576E+00
   12.85687487  0.16956654E+00    0.945000  0.78961486E+00
   12.87048003  0.17137601E+00    0.946000  0.79920975E+00
   12.88408519  0.17224085E+00    0.947000  0.80441763E+00
   12.89769034  0.17285610E+00    0.948000  0.80846997E+00
   12.91129550  0.17500682E+00    0.949000  0.81972274E+00
   12.92490066  0.17614626E+00    0.950000  0.82626118E+00
   12.93850582  0.17690199E+00    0.951000  0.83101263E+00
   12.95211098  0.17653850E+00    0.952000  0.83050910E+00
   12.96571614  0.17527030E+00    0.953000  0.82573836E+00
   12.97932130  0.17464770E+00    0.954000  0.82399630E+00
   12.99292646  0.17427020E+00    0.955000  0.82340377E+00
   13.00653161  0.17454975E+00    0.956000  0.82591508E+00
   13.02013677  0.17439237E+00    0.957000  0.82635978E+00
   13.03374193  0.17354314E+00    0.958000  0.82351931E+00
   13.04734709  0.17243078E+00    0.959000  0.81941680E+00
   13.06095225  0.17292734E+00    0.960000  0.82295593E+00
   13.07455741  0.17312242E+00    0.961000  0.82506503E+00
   13.08816257  0.17274786E+00    0.962000  0.82445814E+00
   13.10176772  0.17271124E+00    0.963000  0.82546132E+00
   13.11537288  0.17264964E+00    0.964000  0.82634439E+00
   13.12897804  0.17256849E+00    0.965000  0.82713295E+00
   13.14258320  0.17256488E+00    0.966000  0.82829254E+00
   13.15618836  0.17244343E+00    0.967000  0.82888569E+00
   13.16979352  0.17233860E+00    0.968000  0.82955720E+00
   13.18339868  0.17225179E+00    0.969000  0.83031414E+00
   13.19700383  0.17175278E+00    0.970000  0.82908013E+00
   13.21060899  0.17155142E+00    0.971000  0.82927812E+00
   13.22421415  0.17228767E+00    0.972000  0.83401220E+00
   13.23781931  0.17204062E+00    0.973000  0.83398961E+00
   13.25142447  0.17127012E+00    0.974000  0.83142264E+00
   13.26502963  0.17093635E+00    0.975000  0.83096816E+00
   13.27863479  0.16982158E+00    0.976000  0.82670717E+00
   13.30584510  0.16790327E+00    0.978000  0.81965892E+00
   13.31945026  0.16790132E+00    0.979000  0.82079452E+00
   13.33305542  0.16784990E+00    0.980000  0.82168793E+00
   13.34666058  0.16550515E+00    0.981000  0.81133829E+00
   13.36026574  0.16676907E+00    0.982000  0.81867169E+00
   13.37387090  0.16667325E+00    0.983000  0.81933802E+00
   13.38747605  0.16690339E+00    0.984000  0.82160769E+00
   13.40108121  0.16671287E+00    0.985000  0.82180684E+00
   13.41468637  0.16551475E+00    0.986000  0.81702954E+00
   13.42829153  0.16594033E+00    0.987000  0.82026209E+00
   13.44189669  0.16554227E+00    0.988000  0.81942348E+00
   13.45550185  0.16589840E+00    0.989000  0.82231773E+00
   13.46910701  0.16506507E+00    0.990000  0.81931294E+00
   13.48271216  0.16477076E+00    0.991000  0.81897583E+00
   13.49631732  0.16453582E+00    0.992000  0.81893029E+00
   13.50992248  0.16436414E+00    0.993000  0.81919678E+00
   13.52352764  0.16407288E+00    0.994000  0.81886415E+00
   13.53713280  0.16418508E+00    0.995000  0.82054390E+00
   13.55073796  0.16430822E+00    0.996000  0.82227990E+00
   13.56434312  0.16466034E+00    0.997000  0.82516514E+00
   13.57794827  0.16470978E+00    0.998000  0.82653622E+00
   13.59155343  0.16495147E+00    0.999000  0.82887406E+00
   13.60515859  0.16509044E+00    1.000000  0.83069831E+00
   13.61876375  0.16593817E+00    1.001000  0.83609567E+00
   13.63236891  0.16724933E+00    1.002000  0.84384272E+00
   13.64597407  0.16834845E+00    1.003000  0.85053644E+00
   13.65957923  0.17014533E+00    1.004000  0.86077511E+00
   13.67318438  0.16715788E+00    1.005000  0.84680147E+00
   13.70039470  0.16458785E+00    1.007000  0.83602704E+00
   13.71399986  0.16558521E+00    1.008000  0.84222247E+00
   13.75481534  0.16449217E+00    1.011000  0.84002855E+00
   13.76842049  0.16466048E+00    1.012000  0.84201107E+00
   13.78202565  0.16286259E+00    1.013000  0.83392808E+00
   13.79563081  0.16408202E+00    1.014000  0.84129118E+00
   13.80923597  0.16300942E+00    1.015000  0.83690342E+00
   13.82284113  0.16280960E+00    1.016000  0.83698794E+00
   13.83644629  0.16229106E+00    1.017000  0.83542905E+00
   13.85005145  0.16262926E+00    1.018000  0.83827917E+00
   13.86365660  0.16249553E+00    1.019000  0.83869809E+00
   13.87726176  0.16216160E+00    1.020000  0.83808055E+00
   13.89086692  0.16128340E+00    1.021000  0.83464183E+00
   13.90447208  0.16063366E+00    1.022000  0.83237497E+00
   13.91807724  0.16010657E+00    1.023000  0.83073562E+00
   13.93168240  0.15971325E+00    1.024000  0.82978410E+00
   13.94528756  0.15939411E+00    1.025000  0.82921313E+00
   13.95889272  0.15926426E+00    1.026000  0.82962383E+00
   13.97249787  0.15861303E+00    1.027000  0.82731328E+00
   13.98610303  0.15839977E+00    1.028000  0.82728127E+00
   13.99970819  0.15814159E+00    1.029000  0.82701143E+00
   14.01331335  0.15779375E+00    1.030000  0.82626856E+00
   14.02691851  0.15721224E+00    1.031000  0.82429576E+00
   14.04052367  0.15670727E+00    1.032000  0.82271684E+00
   14.05412883  0.15640320E+00    1.033000  0.82218721E+00
   14.06773398  0.15594269E+00    1.034000  0.82082993E+00
   14.08133914  0.15576840E+00    1.035000  0.82097486E+00
   14.09494430  0.15557466E+00    1.036000  0.82101482E+00
   14.10854946  0.15539066E+00    1.037000  0.82110360E+00
   14.12215462  0.15572667E+00    1.038000  0.82394121E+00
   14.13575978  0.15590069E+00    1.039000  0.82592519E+00
   14.14936494  0.15562975E+00    1.040000  0.82555128E+00
   14.16297009  0.15542340E+00    1.041000  0.82551666E+00
   14.17657525  0.15523411E+00    1.042000  0.82556999E+00
   14.19018041  0.15508521E+00    1.043000  0.82583584E+00
   14.20378557  0.15493648E+00    1.044000  0.82610052E+00
   14.21739073  0.15508251E+00    1.045000  0.82793683E+00
   14.23099589  0.15467536E+00    1.046000  0.82681811E+00
   14.24460105  0.15422320E+00    1.047000  0.82545293E+00
   14.25820620  0.15450797E+00    1.048000  0.82803090E+00
   14.27181136  0.15522196E+00    1.049000  0.83291591E+00
   14.28541652  0.15525681E+00    1.050000  0.83416178E+00
   14.29902168  0.15432581E+00    1.051000  0.83021224E+00
   14.31262684  0.15464919E+00    1.052000  0.83300666E+00
   14.32623200  0.15421702E+00    1.053000  0.83173059E+00
   14.33983716  0.15347505E+00    1.054000  0.82877568E+00
   14.35344231  0.15345033E+00    1.055000  0.82968878E+00
   14.36704747  0.15442089E+00    1.056000  0.83598963E+00
   14.38065263  0.15449448E+00    1.057000  0.83744172E+00
   14.39425779  0.15422753E+00    1.058000  0.83704658E+00
   14.40786295  0.15370444E+00    1.059000  0.83525587E+00
   14.42146811  0.15463152E+00    1.060000  0.84134839E+00
   14.43507327  0.15493344E+00    1.061000  0.84404783E+00
   14.44867842  0.15496722E+00    1.062000  0.84528877E+00
   14.46228358  0.15527224E+00    1.063000  0.84801153E+00
   14.47588874  0.15553754E+00    1.064000  0.85052126E+00
   14.48949390  0.15579803E+00    1.065000  0.85300822E+00
   14.50309906  0.15596750E+00    1.066000  0.85499984E+00
   14.51670422  0.15652222E+00    1.067000  0.85910825E+00
   14.53030938  0.15752336E+00    1.068000  0.86567761E+00
   14.54391453  0.15893921E+00    1.069000  0.87454246E+00
   14.55751969  0.16239231E+00    1.070000  0.89465027E+00
   14.57112485  0.16171508E+00    1.071000  0.89202218E+00
   14.58473001  0.15721753E+00    1.072000  0.86828590E+00
   14.59833517  0.15539097E+00    1.073000  0.85925794E+00
   14.61194033  0.15437366E+00    1.074000  0.85468544E+00
   14.62554549  0.15495927E+00    1.075000  0.85898450E+00
   14.63915064  0.15491267E+00    1.076000  0.85978269E+00
   14.65275580  0.15444154E+00    1.077000  0.85822120E+00
   14.66636096  0.15366092E+00    1.078000  0.85493134E+00
   14.67996612  0.15282511E+00    1.079000  0.85132340E+00
   14.69357128  0.15129555E+00    1.080000  0.84383471E+00
   14.70717644  0.15112980E+00    1.081000  0.84394100E+00
   14.72078160  0.15081899E+00    1.082000  0.84323401E+00
   14.73438675  0.15071456E+00    1.083000  0.84367806E+00
   14.74799191  0.15002225E+00    1.084000  0.84082577E+00
   14.76159707  0.14959704E+00    1.085000  0.83946287E+00
   14.77520223  0.14871301E+00    1.086000  0.83551642E+00
   14.78880739  0.14860418E+00    1.087000  0.83591846E+00
   14.80241255  0.14838468E+00    1.088000  0.83569578E+00
   14.81601771  0.14833644E+00    1.089000  0.83643579E+00
   14.82962286  0.14801663E+00    1.090000  0.83564191E+00
   14.84322802  0.14771092E+00    1.091000  0.83492342E+00
   14.85683318  0.14730896E+00    1.092000  0.83365608E+00
   14.87043834  0.14616256E+00    1.093000  0.82816517E+00
   14.88404350  0.14642589E+00    1.094000  0.83065585E+00
   14.89764866  0.14640747E+00    1.095000  0.83154990E+00
   14.91125382  0.14631922E+00    1.096000  0.83204659E+00
   14.92485898  0.14671926E+00    1.097000  0.83532210E+00
   14.93846413  0.14616441E+00    1.098000  0.83316001E+00
   14.95206929  0.14593052E+00    1.099000  0.83282210E+00
   14.96567445  0.14544313E+00    1.100000  0.83103251E+00
   14.97927961  0.14553115E+00    1.101000  0.83252798E+00
   14.99288477  0.14549848E+00    1.102000  0.83333344E+00
   15.00648993  0.14527666E+00    1.103000  0.83305375E+00
   15.02009509  0.14495293E+00    1.104000  0.83218602E+00
   15.03370024  0.14492115E+00    1.105000  0.83299199E+00
   15.04730540  0.14525281E+00    1.106000  0.83588897E+00
   15.06091056  0.14445201E+00    1.107000  0.83226579E+00
   15.07451572  0.14422479E+00    1.108000  0.83194028E+00
   15.08812088  0.14472926E+00    1.109000  0.83583731E+00
   15.10172604  0.14452165E+00    1.110000  0.83562403E+00
   15.11533120  0.14450834E+00    1.111000  0.83653260E+00
   15.12893635  0.14476814E+00    1.112000  0.83902388E+00
   15.14254151  0.14479716E+00    1.113000  0.84017966E+00
   15.15614667  0.14486466E+00    1.114000  0.84155930E+00
   15.16975183  0.14481415E+00    1.115000  0.84225357E+00
   15.18335699  0.14468896E+00    1.116000  0.84251222E+00
   15.19696215  0.14440616E+00    1.117000  0.84185037E+00
   15.21056731  0.14446982E+00    1.118000  0.84320681E+00
   15.22417246  0.14430627E+00    1.119000  0.84323643E+00
   15.23777762  0.14414396E+00    1.120000  0.84327108E+00
   15.25138278  0.14409155E+00    1.121000  0.84394724E+00
   15.26498794  0.14396409E+00    1.122000  0.84418254E+00
   15.27859310  0.14355545E+00    1.123000  0.84276543E+00
   15.29219826  0.14364809E+00    1.124000  0.84428900E+00
   15.30580342  0.14352800E+00    1.125000  0.84456207E+00
   15.31940857  0.14338397E+00    1.126000  0.84469247E+00
   15.33301373  0.14293115E+00    1.127000  0.84299966E+00
   15.34661889  0.14296862E+00    1.128000  0.84419574E+00
   15.36022405  0.14290239E+00    1.129000  0.84477928E+00
   15.37382921  0.14267796E+00    1.130000  0.84442565E+00
   15.38743437  0.14257019E+00    1.131000  0.84476015E+00
   15.40103953  0.14219807E+00    1.132000  0.84352506E+00
   15.41464468  0.14205125E+00    1.133000  0.84362298E+00
   15.42824984  0.14175728E+00    1.134000  0.84284395E+00
   15.44185500  0.14159633E+00    1.135000  0.84285269E+00
   15.45546016  0.14124191E+00    1.136000  0.84170629E+00
   15.46906532  0.14128229E+00    1.137000  0.84291052E+00
   15.48267048  0.14077992E+00    1.138000  0.84087344E+00
   15.50988079  0.13983644E+00    1.140000  0.83714550E+00
   15.52348595  0.13990264E+00    1.141000  0.83849599E+00
   15.53709111  0.13942840E+00    1.142000  0.83660455E+00
   15.55069627  0.13902795E+00    1.143000  0.83514994E+00
   15.56430143  0.13857239E+00    1.144000  0.83335849E+00
   15.57790659  0.13804558E+00    1.145000  0.83113178E+00
   15.59151175  0.13801007E+00    1.146000  0.83185926E+00
   15.60511690  0.13788256E+00    1.147000  0.83203110E+00
   15.61872206  0.13790238E+00    1.148000  0.83309123E+00
   15.63232722  0.13732122E+00    1.149000  0.83051688E+00
   15.64593238  0.13675725E+00    1.150000  0.82803873E+00
   15.65953754  0.13666246E+00    1.151000  0.82839685E+00
   15.67314270  0.13648837E+00    1.152000  0.82827243E+00
   15.68674786  0.13589615E+00    1.153000  0.82560540E+00
   15.70035301  0.13542769E+00    1.154000  0.82368304E+00
   15.71395817  0.13474400E+00    1.155000  0.82044375E+00
   15.72756333  0.13400828E+00    1.156000  0.81687798E+00
   15.74116849  0.13358111E+00    1.157000  0.81518515E+00
   15.75477365  0.13360074E+00    1.158000  0.81621610E+00
   15.76837881  0.13257031E+00    1.159000  0.81082499E+00
   15.78198397  0.13187845E+00    1.160000  0.80749290E+00
   15.79558912  0.13185015E+00    1.161000  0.80821887E+00
   15.80919428  0.13037014E+00    1.162000  0.80003580E+00
   15.82279944  0.13009204E+00    1.163000  0.79921645E+00
   15.83640460  0.12844720E+00    1.164000  0.78998744E+00
   15.85000976  0.12585039E+00    1.165000  0.77487461E+00
   15.86361492  0.12452512E+00    1.166000  0.76756407E+00
   15.87722008  0.12535808E+00    1.167000  0.77355336E+00
   15.89082524  0.12506975E+00    1.168000  0.77262718E+00
   15.90443039  0.12552839E+00    1.169000  0.77631656E+00
   15.91803555  0.12506801E+00    1.170000  0.77432240E+00
   15.93164071  0.12468044E+00    1.171000  0.77277318E+00
   15.94524587  0.12400605E+00    1.172000  0.76943904E+00
   15.95885103  0.12348465E+00    1.173000  0.76704602E+00
   15.97245619  0.12293278E+00    1.174000  0.76445644E+00
   15.98606135  0.12283304E+00    1.175000  0.76467395E+00
   15.99966650  0.12219500E+00    1.176000  0.76153534E+00
   16.01327166  0.12172980E+00    1.177000  0.75946635E+00
   16.02687682  0.12110433E+00    1.178000  0.75639004E+00
   16.04048198  0.12070236E+00    1.179000  0.75470267E+00
   16.05408714  0.12011070E+00    1.180000  0.75182241E+00
   16.06769230  0.11996820E+00    1.181000  0.75174866E+00
   16.08129746  0.11966738E+00    1.182000  0.75067982E+00
   16.09490261  0.11944139E+00    1.183000  0.75007675E+00
   16.10850777  0.11875817E+00    1.184000  0.74659618E+00
   16.12211293  0.11848657E+00    1.185000  0.74569684E+00
   16.13571809  0.11837126E+00    1.186000  0.74577846E+00
   16.14932325  0.11811352E+00    1.187000  0.74496013E+00
   16.16292841  0.11753312E+00    1.188000  0.74210110E+00
   16.17653357  0.11766384E+00    1.189000  0.74372894E+00
   16.19013872  0.11703757E+00    1.190000  0.74056864E+00
   16.20374388  0.11627450E+00    1.191000  0.73653323E+00
   16.21734904  0.11585704E+00    1.192000  0.73467900E+00
   16.23095420  0.11581393E+00    1.193000  0.73519552E+00
   16.24455936  0.11492397E+00    1.194000  0.73032979E+00
   16.25816452  0.11483769E+00    1.195000  0.73056471E+00
   16.27176968  0.11444080E+00    1.196000  0.72882031E+00
   16.28537483  0.11414940E+00    1.197000  0.72774301E+00
   16.29897999  0.11356360E+00    1.198000  0.72478289E+00
   16.31258515  0.11329365E+00    1.199000  0.72383269E+00
   16.32619031  0.11257440E+00    1.200000  0.72000517E+00
   16.33979547  0.11292683E+00    1.201000  0.72302945E+00
   16.35340063  0.11256832E+00    1.202000  0.72150179E+00
   16.36700579  0.11308398E+00    1.203000  0.72557812E+00
   16.39421610  0.11454927E+00    1.205000  0.73654232E+00
   16.40782126  0.11523713E+00    1.206000  0.74175114E+00
   16.42142642  0.11606952E+00    1.207000  0.74790069E+00
   16.43503158  0.11692261E+00    1.208000  0.75419501E+00
   16.44863674  0.11760528E+00    1.209000  0.75940062E+00
   16.46224190  0.11807893E+00    1.210000  0.76326438E+00
   16.47584705  0.11878985E+00    1.211000  0.76866993E+00
   16.48945221  0.11901509E+00    1.212000  0.77093914E+00
   16.50305737  0.11930923E+00    1.213000  0.77365819E+00
   16.51666253  0.11959904E+00    1.214000  0.77635316E+00
   16.53026769  0.11958529E+00    1.215000  0.77707947E+00
   16.54387285  0.12002424E+00    1.216000  0.78075043E+00
   16.55747801  0.11991718E+00    1.217000  0.78087187E+00
   16.57108316  0.12004539E+00    1.218000  0.78252549E+00
   16.58468832  0.12004634E+00    1.219000  0.78335040E+00
   16.59829348  0.11993872E+00    1.220000  0.78346616E+00
   16.61189864  0.11967991E+00    1.221000  0.78259181E+00
   16.62550380  0.11959228E+00    1.222000  0.78283438E+00
   16.63910896  0.11955441E+00    1.223000  0.78340193E+00
   16.65271412  0.11920644E+00    1.224000  0.78193475E+00
   16.67992443  0.11898124E+00    1.226000  0.78208050E+00
   16.69352959  0.11873457E+00    1.227000  0.78126890E+00
   16.70713475  0.11844977E+00    1.228000  0.78020278E+00
   16.72073991  0.11793871E+00    1.229000  0.77764092E+00
   16.73434507  0.11778618E+00    1.230000  0.77743855E+00
   16.74795023  0.11721872E+00    1.231000  0.77449250E+00
   16.76155538  0.11793069E+00    1.232000  0.78000098E+00
   16.77516054  0.11722744E+00    1.233000  0.77614914E+00
   16.78876570  0.11700513E+00    1.234000  0.77547528E+00
   16.80237086  0.11676021E+00    1.235000  0.77464836E+00
   16.81597602  0.11636931E+00    1.236000  0.77284855E+00
   16.82958118  0.11685533E+00    1.237000  0.77687336E+00
   16.84318634  0.11675823E+00    1.238000  0.77702416E+00
   16.85679150  0.11679217E+00    1.239000  0.77804652E+00
   16.87039665  0.11724699E+00    1.240000  0.78187610E+00
   16.88400181  0.11724404E+00    1.241000  0.78265610E+00
   16.89760697  0.11703441E+00    1.242000  0.78205493E+00
   16.91121213  0.11682970E+00    1.243000  0.78148378E+00
   16.92481729  0.11655191E+00    1.244000  0.78042053E+00
   16.93842245  0.11650836E+00    1.245000  0.78092353E+00
   16.95202761  0.11617390E+00    1.246000  0.77947403E+00
   16.96563276  0.11609108E+00    1.247000  0.77971013E+00
   16.97923792  0.11602645E+00    1.248000  0.78006740E+00
   16.99284308  0.11583906E+00    1.249000  0.77959757E+00
   17.00644824  0.11562058E+00    1.250000  0.77891578E+00
   17.02005340  0.11541848E+00    1.251000  0.77834139E+00
   17.03365856  0.11515944E+00    1.252000  0.77737993E+00
   17.04726372  0.11511792E+00    1.253000  0.77788479E+00
   17.06086887  0.11515838E+00    1.254000  0.77894359E+00
   17.07447403  0.11513112E+00    1.255000  0.77954445E+00
   17.08807919  0.11505789E+00    1.256000  0.77983329E+00
   17.10168435  0.11502246E+00    1.257000  0.78037765E+00
   17.11528951  0.11504293E+00    1.258000  0.78130114E+00
   17.12889467  0.11463992E+00    1.259000  0.77934604E+00
   17.14249983  0.11426194E+00    1.260000  0.77755573E+00
   17.15610498  0.11406526E+00    1.261000  0.77699523E+00
   17.16971014  0.11376880E+00    1.262000  0.77575172E+00
   17.18331530  0.11379225E+00    1.263000  0.77668770E+00
   17.19692046  0.11348641E+00    1.264000  0.77537423E+00
   17.21052562  0.11308676E+00    1.265000  0.77341497E+00
   17.22413078  0.11351803E+00    1.266000  0.77713869E+00
   17.23773594  0.11326188E+00    1.267000  0.77615758E+00
   17.25134109  0.11312117E+00    1.268000  0.77596479E+00
   17.26494625  0.11275672E+00    1.269000  0.77423387E+00
   17.27855141  0.11251812E+00    1.270000  0.77336291E+00
   17.29215657  0.11258474E+00    1.271000  0.77458867E+00
   17.30576173  0.11227189E+00    1.272000  0.77320197E+00
   17.31936689  0.11157752E+00    1.273000  0.76918092E+00
   17.33297205  0.11071545E+00    1.274000  0.76399316E+00
   17.34657720  0.11009291E+00    1.275000  0.76044818E+00
   17.36018236  0.10701770E+00    1.276000  0.73993654E+00
   17.37378752  0.99957959E-01    1.277000  0.69180618E+00
   17.38739268  0.95336071E-01    1.278000  0.66046844E+00
   17.40099784  0.10505208E+00    1.279000  0.72849537E+00
   17.41460300  0.10885357E+00    1.280000  0.75559967E+00
   17.42820816  0.11001894E+00    1.281000  0.76443932E+00
   17.44181331  0.11040086E+00    1.282000  0.76784598E+00
   17.45541847  0.11056387E+00    1.283000  0.76973379E+00
   17.46902363  0.11056060E+00    1.284000  0.77046506E+00
   17.48262879  0.11031701E+00    1.285000  0.76951998E+00
   17.49623395  0.11022510E+00    1.286000  0.76963056E+00
   17.50983911  0.10960893E+00    1.287000  0.76607582E+00
   17.52344427  0.10803164E+00    1.288000  0.75578868E+00
   17.53704942  0.10943203E+00    1.289000  0.76633212E+00
   17.55065458  0.10942459E+00    1.290000  0.76702632E+00
   17.56425974  0.10921918E+00    1.291000  0.76633136E+00
   17.57786490  0.10926266E+00    1.292000  0.76738164E+00
   17.59147006  0.10911420E+00    1.293000  0.76708312E+00
   17.60507522  0.10912533E+00    1.294000  0.76790565E+00
   17.61868038  0.10895849E+00    1.295000  0.76747472E+00
   17.63228553  0.10885012E+00    1.296000  0.76745378E+00
   17.64589069  0.10903523E+00    1.297000  0.76950254E+00
   17.65949585  0.10896782E+00    1.298000  0.76977000E+00
   17.67310101  0.10916493E+00    1.299000  0.77190692E+00
   17.68670617  0.10902688E+00    1.300000  0.77167438E+00
   17.70031133  0.10900997E+00    1.301000  0.77229812E+00
   17.71391649  0.10891485E+00    1.302000  0.77236711E+00
   17.72752164  0.10895298E+00    1.303000  0.77338054E+00
   17.74112680  0.10900608E+00    1.304000  0.77450092E+00
   17.75473196  0.10889055E+00    1.305000  0.77442274E+00
   17.76833712  0.10898005E+00    1.306000  0.77580254E+00
   17.78194228  0.10887464E+00    1.307000  0.77579465E+00
   17.79554744  0.10876107E+00    1.308000  0.77572717E+00
   17.80915260  0.10864401E+00    1.309000  0.77563323E+00
   17.82275776  0.10862212E+00    1.310000  0.77621780E+00
   17.83636291  0.10857248E+00    1.311000  0.77660352E+00
   17.84996807  0.10834847E+00    1.312000  0.77574020E+00
   17.86357323  0.10816506E+00    1.313000  0.77516474E+00
   17.87717839  0.10802171E+00    1.314000  0.77487418E+00
   17.89078355  0.10788411E+00    1.315000  0.77462286E+00
   17.90438871  0.10777224E+00    1.316000  0.77455466E+00
   17.91799387  0.10773996E+00    1.317000  0.77505748E+00
   17.93159902  0.10751924E+00    1.318000  0.77420300E+00
   17.94520418  0.10741457E+00    1.319000  0.77418188E+00
   17.95880934  0.10730698E+00    1.320000  0.77413826E+00
   17.97241450  0.10706785E+00    1.321000  0.77314335E+00
   17.98601966  0.10687286E+00    1.322000  0.77246420E+00
   17.99962482  0.10693523E+00    1.323000  0.77364437E+00
   18.01322998  0.10678985E+00    1.324000  0.77332090E+00
   18.02683513  0.10654599E+00    1.325000  0.77228167E+00
   18.04044029  0.10664423E+00    1.326000  0.77372104E+00
   18.05404545  0.10651561E+00    1.327000  0.77351436E+00
   18.06765061  0.10634279E+00    1.328000  0.77298461E+00
   18.08125577  0.10643040E+00    1.329000  0.77434729E+00
   18.09486093  0.10612609E+00    1.330000  0.77285709E+00
   18.10846609  0.10600486E+00    1.331000  0.77269723E+00
   18.12207124  0.10608436E+00    1.332000  0.77400024E+00
   18.13567640  0.10569029E+00    1.333000  0.77184585E+00
   18.14928156  0.10566957E+00    1.334000  0.77241525E+00
   18.16288672  0.10541168E+00    1.335000  0.77124905E+00
   18.17649188  0.10530981E+00    1.336000  0.77122200E+00
   18.19009704  0.10527336E+00    1.337000  0.77167300E+00
   18.20370220  0.10497801E+00    1.338000  0.77022399E+00
   18.21730735  0.10489812E+00    1.339000  0.77035330E+00
   18.23091251  0.10471425E+00    1.340000  0.76971717E+00
   18.24451767  0.10417583E+00    1.341000  0.76646994E+00
   18.25812283  0.10402724E+00    1.342000  0.76608618E+00
   18.27172799  0.10352985E+00    1.343000  0.76312935E+00
   18.28533315  0.10302225E+00    1.344000  0.76009037E+00
   18.29893831  0.10292722E+00    1.345000  0.76009123E+00
   18.31254346  0.10303578E+00    1.346000  0.76159569E+00
   18.32614862  0.10288077E+00    1.347000  0.76115159E+00
   18.33975378  0.10239918E+00    1.348000  0.75828692E+00
   18.35335894  0.10229614E+00    1.349000  0.75822163E+00
   18.36696410  0.10212592E+00    1.350000  0.75765645E+00
   18.38056926  0.10220311E+00    1.351000  0.75892615E+00
   18.39417442  0.10189916E+00    1.352000  0.75736412E+00
   18.40777957  0.10208663E+00    1.353000  0.75945370E+00
   18.42138473  0.10220388E+00    1.354000  0.76102303E+00
   18.43498989  0.10219510E+00    1.355000  0.76165462E+00
   18.44859505  0.10234334E+00    1.356000  0.76345746E+00
   18.46220021  0.10202645E+00    1.357000  0.76178937E+00
   18.47580537  0.10209018E+00    1.358000  0.76296148E+00
   18.48941053  0.10170725E+00    1.359000  0.76079339E+00
   18.50301568  0.10179888E+00    1.360000  0.76217310E+00
   18.51662084  0.10175739E+00    1.361000  0.76255641E+00
   18.53022600  0.10164985E+00    1.362000  0.76244382E+00
   18.54383116  0.10137059E+00    1.363000  0.76104053E+00
   18.55743632  0.10135828E+00    1.364000  0.76163938E+00
   18.57104148  0.10127179E+00    1.365000  0.76168019E+00
   18.58464664  0.10113935E+00    1.366000  0.76137390E+00
   18.59825179  0.10086569E+00    1.367000  0.76000172E+00
   18.61185695  0.10077670E+00    1.368000  0.76001849E+00
   18.62546211  0.10068848E+00    1.369000  0.76003986E+00
   18.63906727  0.10091318E+00    1.370000  0.76242427E+00
   18.65267243  0.10050070E+00    1.371000  0.75999329E+00
   18.66627759  0.10002119E+00    1.372000  0.75704940E+00
   18.67988275  0.98786787E-01    1.373000  0.74838007E+00
   18.69348790  0.99679868E-01    1.374000  0.75582563E+00
   18.70709306  0.10013620E+00    1.375000  0.75996875E+00
   18.72069822  0.99904784E-01    1.376000  0.75889380E+00
   18.73430338  0.99179385E-01    1.377000  0.75405997E+00
   18.74790854  0.99198528E-01    1.378000  0.75488207E+00
   18.76151370  0.99317685E-01    1.379000  0.75646620E+00
   18.77511886  0.99030421E-01    1.380000  0.75495362E+00
   18.78872402  0.98882501E-01    1.381000  0.75450036E+00
   18.80232917  0.98816332E-01    1.382000  0.75466942E+00
   18.81593433  0.98568787E-01    1.383000  0.75345115E+00
   18.82953949  0.98572321E-01    1.384000  0.75415045E+00
   18.84314465  0.98339322E-01    1.385000  0.75303853E+00
   18.85674981  0.98392841E-01    1.386000  0.75411941E+00
   18.87035497  0.98087791E-01    1.387000  0.75245037E+00
   18.88396013  0.98003884E-01    1.388000  0.75247511E+00
   18.89756528  0.97899198E-01    1.389000  0.75233902E+00
   18.91117044  0.97861705E-01    1.390000  0.75271833E+00
   18.92477560  0.97939338E-01    1.391000  0.75398342E+00
   18.93838076  0.97851749E-01    1.392000  0.75397649E+00
   18.95198592  0.97588643E-01    1.393000  0.75261475E+00
   18.96559108  0.97725543E-01    1.394000  0.75433705E+00
   18.97919624  0.97730977E-01    1.395000  0.75504554E+00
   18.99280139  0.97641167E-01    1.396000  0.75501762E+00
   19.00640655  0.97733639E-01    1.397000  0.75639923E+00
   19.02001171  0.97502241E-01    1.398000  0.75527333E+00
   19.03361687  0.97367961E-01    1.399000  0.75489724E+00
   19.04722203  0.97476501E-01    1.400000  0.75640356E+00
   19.06082719  0.97451309E-01    1.401000  0.75687271E+00
   19.07443235  0.97663162E-01    1.402000  0.75918419E+00
   19.08803750  0.97731613E-01    1.403000  0.76038284E+00
   19.10164266  0.97472465E-01    1.404000  0.75903137E+00
   19.11524782  0.97173231E-01    1.405000  0.75736393E+00
   19.12885298  0.97265400E-01    1.406000  0.75874566E+00
   19.14245814  0.97114165E-01    1.407000  0.75822825E+00
   19.15606330  0.96907431E-01    1.408000  0.75727508E+00
   19.16966846  0.96687295E-01    1.409000  0.75621427E+00
   19.18327361  0.96850098E-01    1.410000  0.75814813E+00
   19.19687877  0.96806575E-01    1.411000  0.75846767E+00
   19.21048393  0.96459671E-01    1.412000  0.75640759E+00
   19.22408909  0.96538301E-01    1.413000  0.75768260E+00
   19.23769425  0.96671725E-01    1.414000  0.75938910E+00
   19.25129941  0.96293383E-01    1.415000  0.75707383E+00
   19.26490457  0.96177472E-01    1.416000  0.75681847E+00
   19.27850972  0.95792570E-01    1.417000  0.75444301E+00
   19.29211488  0.95762016E-01    1.418000  0.75485549E+00
   19.30572004  0.95472241E-01    1.419000  0.75322244E+00
   19.31932520  0.95413314E-01    1.420000  0.75340828E+00
   19.33293036  0.94996995E-01    1.421000  0.75076881E+00
   19.34653552  0.94895310E-01    1.422000  0.75061239E+00
   19.36014068  0.94788361E-01    1.423000  0.75041291E+00
   19.37374583  0.94670531E-01    1.424000  0.75012576E+00
   19.38735099  0.94545707E-01    1.425000  0.74978153E+00
   19.40095615  0.94395164E-01    1.426000  0.74923146E+00
   19.41456131  0.94202926E-01    1.427000  0.74834812E+00
   19.42816647  0.94165985E-01    1.428000  0.74869689E+00
   19.44177163  0.94085552E-01    1.429000  0.74869906E+00
   19.45537679  0.94045879E-01    1.430000  0.74902477E+00
   19.46898194  0.94135286E-01    1.431000  0.75037887E+00
   19.48258710  0.94091026E-01    1.432000  0.75066778E+00
   19.49619226  0.94090570E-01    1.433000  0.75130586E+00
   19.50979742  0.94049835E-01    1.434000  0.75162203E+00
   19.52340258  0.93861128E-01    1.435000  0.75075408E+00
   19.53700774  0.93750844E-01    1.436000  0.75051137E+00
   19.55061290  0.93494675E-01    1.437000  0.74909829E+00
   19.56421805  0.93523302E-01    1.438000  0.74996550E+00
   19.57782321  0.93331892E-01    1.439000  0.74906712E+00
   19.59142837  0.92905177E-01    1.440000  0.74627601E+00
   19.99958313  0.89319859E-01    1.470000  0.73575172E+00
   24.99947891  0.64914898E-01    1.837500  0.69742561E+00
   29.99937469  0.49464243E-01    2.205000  0.65540680E+00
   34.99927048  0.38367367E-01    2.572500  0.60453675E+00
   39.99916626  0.31240554E-01    2.940000  0.57054488E+00
   44.99906204  0.25506652E-01    3.307500  0.52975731E+00
   49.99895782  0.21641507E-01    3.675000  0.50372339E+00
   54.99885361  0.19153817E-01    4.042500  0.49382796E+00
   59.99874939  0.16978844E-01    4.410000  0.48030848E+00
   64.99864517  0.15064843E-01    4.777500  0.46392284E+00
   69.99854095  0.13273125E-01    5.145000  0.44201480E+00
   74.99843674  0.11696604E-01    5.512500  0.41883092E+00
   79.99833252  0.10325722E-01    5.880000  0.39562314E+00
   84.99822830  0.91688054E-02    6.247500  0.37427754E+00
   89.99812408  0.80909139E-02    6.615000  0.35055644E+00
   94.99801987  0.71827599E-02    6.982500  0.32921172E+00
   99.99791565  0.63887469E-02    7.350000  0.30883214E+00
  104.99781143  0.57027278E-02    7.717500  0.28996341E+00
  109.99770721  0.51045498E-02    8.085000  0.27234234E+00
  114.99760300  0.45782510E-02    8.452500  0.25573782E+00
  119.99749878  0.41196474E-02    8.820000  0.24044613E+00
  124.99739456  0.37174392E-02    9.187500  0.22628843E+00
  129.99729034  0.33614159E-02    9.555000  0.21304166E+00
  134.99718613  0.30490967E-02    9.922500  0.20088965E+00
