       eV          sigma            Ry          om               in 10^-16                                                                       
   12.97054923  0.00000000E+00    0.953355  0.00000000E+00
   12.97932130  0.12019175E+01    0.954000  0.27341785E+00
   12.99292646  0.31392164E+01    0.955000  0.72126041E+00
   13.00653161  0.64120896E+01    0.956000  0.14878068E+01
   13.02013677  0.63793957E+01    0.957000  0.14947237E+01
   13.03374193  0.77023657E+01    0.958000  0.18222126E+01
   13.04734709  0.79757996E+01    0.959000  0.19050333E+01
   13.06095225  0.62467309E+01    0.960000  0.15062436E+01
   13.07455741  0.65651662E+01    0.961000  0.15979516E+01
   13.08816257  0.65309302E+01    0.962000  0.16044660E+01
   13.10176772  0.63159380E+01    0.963000  0.15660071E+01
   13.11537288  0.55704104E+01    0.964000  0.13938208E+01
   13.12897804  0.53984000E+01    0.965000  0.13630533E+01
   13.14258320  0.52583963E+01    0.966000  0.13396579E+01
   13.15618836  0.50657062E+01    0.967000  0.13020835E+01
   13.16979352  0.49666223E+01    0.968000  0.12879062E+01
   13.18339868  0.48682503E+01    0.969000  0.12734646E+01
   13.19700383  0.44366905E+01    0.970000  0.11706611E+01
   13.21060899  0.43372022E+01    0.971000  0.11542704E+01
   13.22421415  0.44110174E+01    0.972000  0.11839430E+01
   13.23781931  0.42640390E+01    0.973000  0.11541870E+01
   13.25142447  0.38657899E+01    0.974000  0.10551777E+01
   13.26502963  0.38660515E+01    0.975000  0.10640382E+01
   13.27863479  0.41984944E+01    0.976000  0.11650800E+01
   13.30584510  0.42118405E+01    0.978000  0.11879339E+01
   13.31945026  0.42556844E+01    0.979000  0.12099748E+01
   13.33305542  0.43530910E+01    0.980000  0.12475657E+01
   13.34666058  0.42594117E+01    0.981000  0.12304012E+01
   13.36026574  0.41436874E+01    0.982000  0.12063926E+01
   13.37387090  0.42413914E+01    0.983000  0.12444805E+01
   13.38747605  0.42827275E+01    0.984000  0.12663454E+01
   13.40108121  0.43334962E+01    0.985000  0.12912088E+01
   13.41468637  0.43398810E+01    0.986000  0.13029775E+01
   13.42829153  0.46821299E+01    0.987000  0.14163764E+01
   13.44189669  0.46853373E+01    0.988000  0.14279983E+01
   13.45550185  0.46974979E+01    0.989000  0.14423839E+01
   13.46910701  0.47089059E+01    0.990000  0.14565920E+01
   13.48271216  0.47493930E+01    0.991000  0.14799130E+01
   13.49631732  0.48884843E+01    0.992000  0.15343674E+01
   13.50992248  0.45466617E+01    0.993000  0.14374146E+01
   13.52352764  0.44309771E+01    0.994000  0.14109146E+01
   13.53713280  0.42572290E+01    0.995000  0.13652680E+01
   13.55073796  0.40670232E+01    0.996000  0.13135161E+01
   13.56434312  0.40946776E+01    0.997000  0.13317564E+01
   13.57794827  0.45761836E+01    0.998000  0.14987653E+01
   13.59155343  0.45993701E+01    0.999000  0.15168154E+01
   13.60515859  0.45475254E+01    1.000000  0.15100560E+01
   13.61876375  0.45814823E+01    1.001000  0.15317473E+01
   13.63236891  0.45072964E+01    1.002000  0.15171913E+01
   13.64597407  0.41351195E+01    1.003000  0.14013144E+01
   13.65957923  0.35432390E+01    1.004000  0.12087924E+01
   13.67318438  0.30217892E+01    1.005000  0.10377671E+01
   13.70039470  0.33747573E+01    1.007000  0.11743306E+01
   13.71399986  0.25813420E+01    1.008000  0.90411044E+00
   13.75481534  0.26256460E+01    1.011000  0.93753528E+00
   13.76842049  0.28100005E+01    1.012000  0.10097507E+01
   13.78202565  0.31025738E+01    1.013000  0.11219379E+01
   13.79563081  0.32595290E+01    1.014000  0.11861055E+01
   13.80923597  0.32787705E+01    1.015000  0.12005612E+01
   13.82284113  0.33832744E+01    1.016000  0.12465181E+01
   13.83644629  0.34352944E+01    1.017000  0.12734939E+01
   13.85005145  0.34787048E+01    1.018000  0.12974950E+01
   13.86365660  0.36044277E+01    1.019000  0.13525817E+01
   13.87726176  0.35434363E+01    1.020000  0.13377500E+01
   13.89086692  0.34944931E+01    1.021000  0.13272169E+01
   13.90447208  0.36299315E+01    1.022000  0.13869090E+01
   13.91807724  0.37654482E+01    1.023000  0.14472470E+01
   13.93168240  0.37988382E+01    1.024000  0.14687167E+01
   13.94528756  0.36437431E+01    1.025000  0.14170371E+01
   13.95889272  0.34083367E+01    1.026000  0.13332370E+01
   13.97249787  0.31937334E+01    1.027000  0.12565514E+01
   13.98610303  0.36913139E+01    1.028000  0.14607127E+01
   13.99970819  0.36960931E+01    1.029000  0.14710066E+01
   14.01331335  0.33246161E+01    1.030000  0.13307208E+01
   14.02691851  0.32765982E+01    1.031000  0.13189500E+01
   14.04052367  0.35429244E+01    1.032000  0.14342105E+01
   14.05412883  0.35370714E+01    1.033000  0.14398823E+01
   14.06773398  0.34686236E+01    1.034000  0.14199039E+01
   14.08133914  0.33194210E+01    1.035000  0.13663732E+01
   14.09494430  0.31611766E+01    1.036000  0.13084217E+01
   14.10854946  0.31014073E+01    1.037000  0.12907337E+01
   14.12215462  0.31106936E+01    1.038000  0.13016703E+01
   14.13575978  0.30082749E+01    1.039000  0.12656522E+01
   14.14936494  0.30673451E+01    1.040000  0.12974777E+01
   14.16297009  0.30692648E+01    1.041000  0.13052674E+01
   14.17657525  0.29370277E+01    1.042000  0.12557079E+01
   14.19018041  0.29362200E+01    1.043000  0.12620378E+01
   14.20378557  0.29764568E+01    1.044000  0.12860989E+01
   14.21739073  0.28958083E+01    1.045000  0.12578348E+01
   14.23099589  0.27739971E+01    1.046000  0.12112308E+01
   14.24460105  0.26780690E+01    1.047000  0.11754333E+01
   14.25820620  0.26137581E+01    1.048000  0.11531487E+01
   14.27181136  0.26059903E+01    1.049000  0.11556461E+01
   14.28541652  0.24669327E+01    1.050000  0.10995883E+01
   14.29902168  0.23169542E+01    1.051000  0.10380056E+01
   14.31262684  0.22433096E+01    1.052000  0.10101124E+01
   14.32623200  0.20824506E+01    1.053000  0.94241542E+00
   14.33983716  0.20376243E+01    1.054000  0.92676159E+00
   14.35344231  0.21931783E+01    1.055000  0.10024973E+01
   14.36704747  0.21079707E+01    1.056000  0.96834136E+00
   14.38065263  0.22004024E+01    1.057000  0.10158042E+01
   14.39425779  0.20682360E+01    1.058000  0.95949220E+00
   14.40786295  0.20813547E+01    1.059000  0.97030999E+00
   14.42146811  0.21906209E+01    1.060000  0.10262291E+01
   14.43507327  0.23031096E+01    1.061000  0.10841620E+01
   14.44867842  0.23884286E+01    1.062000  0.11297548E+01
   14.46228358  0.25435291E+01    1.063000  0.12089016E+01
   14.47588874  0.24890561E+01    1.064000  0.11886700E+01
   14.48949390  0.24772463E+01    1.065000  0.11886619E+01
   14.50309906  0.25747101E+01    1.066000  0.12412815E+01
   14.51670422  0.25102332E+01    1.067000  0.12159036E+01
   14.53030938  0.25132726E+01    1.068000  0.12230895E+01
   14.54391453  0.26215886E+01    1.069000  0.12817616E+01
   14.55751969  0.26271912E+01    1.070000  0.12904735E+01
   14.57112485  0.26123481E+01    1.071000  0.12891215E+01
   14.58473001  0.26543275E+01    1.072000  0.13158715E+01
   14.59833517  0.27322754E+01    1.073000  0.13607254E+01
   14.61194033  0.26416389E+01    1.074000  0.13215922E+01
   14.62554549  0.25671904E+01    1.075000  0.12901824E+01
   14.63915064  0.25448241E+01    1.076000  0.12847273E+01
   14.65275580  0.25697121E+01    1.077000  0.13031337E+01
   14.66636096  0.25213363E+01    1.078000  0.12843337E+01
   14.67996612  0.24319430E+01    1.079000  0.12443268E+01
   14.69357128  0.23519638E+01    1.080000  0.12087516E+01
   14.70717644  0.23610968E+01    1.081000  0.12188131E+01
   14.72078160  0.22809147E+01    1.082000  0.11826080E+01
   14.73438675  0.23904118E+01    1.083000  0.12448144E+01
   14.74799191  0.23661573E+01    1.084000  0.12375630E+01
   14.76159707  0.22897200E+01    1.085000  0.12027897E+01
   14.77520223  0.22952111E+01    1.086000  0.12108921E+01
   14.78880739  0.22254627E+01    1.087000  0.11791541E+01
   14.80241255  0.22255835E+01    1.088000  0.11842777E+01
   14.81601771  0.22643896E+01    1.089000  0.12100751E+01
   14.82962286  0.21685748E+01    1.090000  0.11638023E+01
   14.84322802  0.21488605E+01    1.091000  0.11581075E+01
   14.85683318  0.20930826E+01    1.092000  0.11328050E+01
   14.87043834  0.20447887E+01    1.093000  0.11113163E+01
   14.88404350  0.20224351E+01    1.094000  0.11037652E+01
   14.89764866  0.20339523E+01    1.095000  0.11146748E+01
   14.91125382  0.20057763E+01    1.096000  0.11037933E+01
   14.92485898  0.21654714E+01    1.097000  0.11965977E+01
   14.93846413  0.20314678E+01    1.098000  0.11271682E+01
   14.95206929  0.19501703E+01    1.099000  0.10864935E+01
   14.96567445  0.18963499E+01    1.100000  0.10608198E+01
   14.97927961  0.18461849E+01    1.101000  0.10369546E+01
   14.99288477  0.18220314E+01    1.102000  0.10275304E+01
   15.00648993  0.18021319E+01    1.103000  0.10204051E+01
   15.02009509  0.18189902E+01    1.104000  0.10340859E+01
   15.03370024  0.17717330E+01    1.105000  0.10112483E+01
   15.04730540  0.17492433E+01    1.106000  0.10023886E+01
   15.06091056  0.17115999E+01    1.107000  0.98470856E+00
   15.07451572  0.16863315E+01    1.108000  0.97400495E+00
   15.08812088  0.16751257E+01    1.109000  0.97134087E+00
   15.10172604  0.16446631E+01    1.110000  0.95741575E+00
   15.11533120  0.16178231E+01    1.111000  0.94546920E+00
   15.12893635  0.15230323E+01    1.112000  0.89353515E+00
   15.14254151  0.15351130E+01    1.113000  0.90411255E+00
   15.15614667  0.15110898E+01    1.114000  0.89339930E+00
   15.16975183  0.15557221E+01    1.115000  0.92332395E+00
   15.18335699  0.16118827E+01    1.116000  0.96031984E+00
   15.19696215  0.16160417E+01    1.117000  0.96647156E+00
   15.21056731  0.15876291E+01    1.118000  0.95308874E+00
   15.22417246  0.16381541E+01    1.119000  0.98714420E+00
   15.23777762  0.16465247E+01    1.120000  0.99593151E+00
   15.25138278  0.16321629E+01    1.121000  0.99095505E+00
   15.26498794  0.15523122E+01    1.122000  0.94600334E+00
   15.27859310  0.15300057E+01    1.123000  0.93588772E+00
   15.29219826  0.15714835E+01    1.124000  0.96483183E+00
   15.30580342  0.15860503E+01    1.125000  0.97738103E+00
   15.31940857  0.16239697E+01    1.126000  0.10044403E+01
   15.33301373  0.16924561E+01    1.127000  0.10506474E+01
   15.34661889  0.16507438E+01    1.128000  0.10285059E+01
   15.36022405  0.16638735E+01    1.129000  0.10404691E+01
   15.37382921  0.16946818E+01    1.130000  0.10635871E+01
   15.38743437  0.17308857E+01    1.131000  0.10902438E+01
   15.40103953  0.17414399E+01    1.132000  0.11008506E+01
   15.41464468  0.17241381E+01    1.133000  0.10938329E+01
   15.42824984  0.17169284E+01    1.134000  0.10931622E+01
   15.44185500  0.17216519E+01    1.135000  0.11000836E+01
   15.45546016  0.16891901E+01    1.136000  0.10831817E+01
   15.46906532  0.16400061E+01    1.137000  0.10553712E+01
   15.48267048  0.16075855E+01    1.138000  0.10381627E+01
   15.50988079  0.15644850E+01    1.140000  0.10174422E+01
   15.52348595  0.15482496E+01    1.141000  0.10104035E+01
   15.53709111  0.15389122E+01    1.142000  0.10078084E+01
   15.55069627  0.15239857E+01    1.143000  0.10014979E+01
   15.56430143  0.14918300E+01    1.144000  0.98375811E+00
   15.57790659  0.14740976E+01    1.145000  0.97541601E+00
   15.59151175  0.14441392E+01    1.146000  0.95887551E+00
   15.60511690  0.14665419E+01    1.147000  0.97708443E+00
   15.61872206  0.15208113E+01    1.148000  0.10166989E+01
   15.63232722  0.14883223E+01    1.149000  0.99836273E+00
   15.64593238  0.15008051E+01    1.150000  0.10101481E+01
   15.65953754  0.14521632E+01    1.151000  0.98071003E+00
   15.67314270  0.14778646E+01    1.152000  0.10014271E+01
   15.68674786  0.14417766E+01    1.153000  0.98025091E+00
   15.70035301  0.14175742E+01    1.154000  0.96701869E+00
   15.71395817  0.13620462E+01    1.155000  0.93223593E+00
   15.72756333  0.14183278E+01    1.156000  0.97398160E+00
   15.74116849  0.13909552E+01    1.157000  0.95834670E+00
   15.75477365  0.13443629E+01    1.158000  0.92930161E+00
   15.76837881  0.13361080E+01    1.159000  0.92663287E+00
   15.78198397  0.13691567E+01    1.160000  0.95266583E+00
   15.79558912  0.12659528E+01    1.161000  0.88373406E+00
   15.80919428  0.12701795E+01    1.162000  0.88957221E+00
   15.82279944  0.12229168E+01    1.163000  0.85925189E+00
   15.83640460  0.12093517E+01    1.164000  0.85247009E+00
   15.85000976  0.11842156E+01    1.165000  0.83744387E+00
   15.86361492  0.11670386E+01    1.166000  0.82794992E+00
   15.87722008  0.11418113E+01    1.167000  0.81264830E+00
   15.89082524  0.11371134E+01    1.168000  0.81188988E+00
   15.90443039  0.11040305E+01    1.169000  0.79077885E+00
   15.91803555  0.11083845E+01    1.170000  0.79641728E+00
   15.93164071  0.11029772E+01    1.171000  0.79503941E+00
   15.94524587  0.11348585E+01    1.172000  0.82059982E+00
   15.95885103  0.11174307E+01    1.173000  0.81053841E+00
   15.97245619  0.10909058E+01    1.174000  0.79377838E+00
   15.98606135  0.11458319E+01    1.175000  0.83634933E+00
   15.99966650  0.11006890E+01    1.176000  0.80590158E+00
   16.01327166  0.11158219E+01    1.177000  0.81951827E+00
   16.02687682  0.10612303E+01    1.178000  0.78183591E+00
   16.04048198  0.10183704E+01    1.179000  0.75257508E+00
   16.05408714  0.10380635E+01    1.180000  0.76948820E+00
   16.06769230  0.10296779E+01    1.181000  0.76561306E+00
   16.08129746  0.10287674E+01    1.182000  0.76727488E+00
   16.09490261  0.10248611E+01    1.183000  0.76669140E+00
   16.10850777  0.10533169E+01    1.184000  0.79037355E+00
   16.12211293  0.10389937E+01    1.185000  0.78198796E+00
   16.13571809  0.10257206E+01    1.186000  0.77432994E+00
   16.14932325  0.97647816E+00    1.187000  0.73937613E+00
   16.16292841  0.97526584E+00    1.188000  0.74067535E+00
   16.17653357  0.10412131E+01    1.189000  0.79312677E+00
   16.19013872  0.10061519E+01    1.190000  0.76870683E+00
   16.20374388  0.10419071E+01    1.191000  0.79839276E+00
   16.21734904  0.99696753E+00    1.192000  0.76622293E+00
   16.23095420  0.93272116E+00    1.193000  0.71896660E+00
   16.24455936  0.93263632E+00    1.194000  0.72102146E+00
   16.25816452  0.95132194E+00    1.195000  0.73763005E+00
   16.27176968  0.10024210E+01    1.196000  0.77952985E+00
   16.28537483  0.99463435E+00    1.197000  0.77573576E+00
   16.29897999  0.94132516E+00    1.198000  0.73629883E+00
   16.31258515  0.94824625E+00    1.199000  0.74386821E+00
   16.32619031  0.96830260E+00    1.200000  0.76180310E+00
   16.33979547  0.94801928E+00    1.201000  0.74800061E+00
   16.35340063  0.97055917E+00    1.202000  0.76799137E+00
   16.36700579  0.93858748E+00    1.203000  0.74482635E+00
   16.39421610  0.94161424E+00    1.205000  0.75150960E+00
   16.40782126  0.93269174E+00    1.206000  0.74650886E+00
   16.42142642  0.90768864E+00    1.207000  0.72856039E+00
   16.43503158  0.95947654E+00    1.208000  0.77230946E+00
   16.44863674  0.92540314E+00    1.209000  0.74698664E+00
   16.46224190  0.93200787E+00    1.210000  0.75443681E+00
   16.47584705  0.91599165E+00    1.211000  0.74355450E+00
   16.48945221  0.89170607E+00    1.212000  0.72586793E+00
   16.50305737  0.84659414E+00    1.213000  0.69107049E+00
   16.51666253  0.90129210E+00    1.214000  0.73776915E+00
   16.53026769  0.90127635E+00    1.215000  0.73980522E+00
   16.54387285  0.87971134E+00    1.216000  0.72410370E+00
   16.55747801  0.89249682E+00    1.217000  0.73665662E+00
   16.57108316  0.92288034E+00    1.218000  0.76383290E+00
   16.58468832  0.93058715E+00    1.219000  0.77232713E+00
   16.59829348  0.93643462E+00    1.220000  0.77930904E+00
   16.61189864  0.92373861E+00    1.221000  0.77084334E+00
   16.62550380  0.90928430E+00    1.222000  0.76084864E+00
   16.63910896  0.89918555E+00    1.223000  0.75444266E+00
   16.65271412  0.90602899E+00    1.224000  0.76224427E+00
   16.67992443  0.91449676E+00    1.226000  0.77352626E+00
   16.69352959  0.91491094E+00    1.227000  0.77595655E+00
   16.70713475  0.88395819E+00    1.228000  0.75171441E+00
   16.72073991  0.89224701E+00    1.229000  0.76079162E+00
   16.73434507  0.86762711E+00    1.230000  0.74177145E+00
   16.74795023  0.84622930E+00    1.231000  0.72540137E+00
   16.76155538  0.86312369E+00    1.232000  0.74184574E+00
   16.77516054  0.82410534E+00    1.233000  0.71018339E+00
   16.78876570  0.80815919E+00    1.234000  0.69827886E+00
   16.80237086  0.80374192E+00    1.235000  0.69628941E+00
   16.81597602  0.82193241E+00    1.236000  0.71391658E+00
   16.82958118  0.81239504E+00    1.237000  0.70747948E+00
   16.84318634  0.80085905E+00    1.238000  0.69925396E+00
   16.85679150  0.77121969E+00    1.239000  0.67512824E+00
   16.87039665  0.78610699E+00    1.240000  0.68994777E+00
   16.88400181  0.78375579E+00    1.241000  0.68966596E+00
   16.89760697  0.75743937E+00    1.242000  0.66823079E+00
   16.91121213  0.75415771E+00    1.243000  0.66705013E+00
   16.92481729  0.76469534E+00    1.244000  0.67810909E+00
   16.93842245  0.75149208E+00    1.245000  0.66810927E+00
   16.95202761  0.73930026E+00    1.246000  0.65895094E+00
   16.96563276  0.73506156E+00    1.247000  0.65684400E+00
   16.97923792  0.71167925E+00    1.248000  0.63756772E+00
   16.99284308  0.70614924E+00    1.249000  0.63421894E+00
   17.00644824  0.71886094E+00    1.250000  0.64727005E+00
   17.02005340  0.70588256E+00    1.251000  0.63718893E+00
   17.03365856  0.70016285E+00    1.252000  0.63361759E+00
   17.04726372  0.69066717E+00    1.253000  0.62659457E+00
   17.06086887  0.66503335E+00    1.254000  0.60485066E+00
   17.07447403  0.66022377E+00    1.255000  0.60197728E+00
   17.08807919  0.65594484E+00    1.256000  0.59956707E+00
   17.10168435  0.64804281E+00    1.257000  0.59381747E+00
   17.11528951  0.63290215E+00    1.258000  0.58138255E+00
   17.12889467  0.65185734E+00    1.259000  0.60027668E+00
   17.14249983  0.62895277E+00    1.260000  0.58061438E+00
   17.15610498  0.61849006E+00    1.261000  0.57236186E+00
   17.16971014  0.60904168E+00    1.262000  0.56500275E+00
   17.18331530  0.61713618E+00    1.263000  0.57391495E+00
   17.19692046  0.60239147E+00    1.264000  0.56157236E+00
   17.21052562  0.60484256E+00    1.265000  0.56523241E+00
   17.22413078  0.60522141E+00    1.266000  0.56696236E+00
   17.23773594  0.59583179E+00    1.267000  0.55952087E+00
   17.25134109  0.58936609E+00    1.268000  0.55478906E+00
   17.26494625  0.58686812E+00    1.269000  0.55377183E+00
   17.27855141  0.58266802E+00    1.270000  0.55113323E+00
   17.29215657  0.57889632E+00    1.271000  0.54888172E+00
   17.30576173  0.57406588E+00    1.272000  0.54560681E+00
   17.31936689  0.56931029E+00    1.273000  0.54238124E+00
   17.33297205  0.58047380E+00    1.274000  0.55433635E+00
   17.34657720  0.57004128E+00    1.275000  0.54566952E+00
   17.36018236  0.56996469E+00    1.276000  0.54689196E+00
   17.37378752  0.56363933E+00    1.277000  0.54210403E+00
   17.38739268  0.55877015E+00    1.278000  0.53869120E+00
   17.40099784  0.56324151E+00    1.279000  0.54428236E+00
   17.41460300  0.54911850E+00    1.280000  0.53188310E+00
   17.42820816  0.54239698E+00    1.281000  0.52660564E+00
   17.44181331  0.54875528E+00    1.282000  0.53402636E+00
   17.45541847  0.57843625E+00    1.283000  0.56422570E+00
   17.46902363  0.55984523E+00    1.284000  0.54736416E+00
   17.48262879  0.54358400E+00    1.285000  0.53270123E+00
   17.49623395  0.54565486E+00    1.286000  0.53597112E+00
   17.50983911  0.55858307E+00    1.287000  0.54993978E+00
   17.52344427  0.54270217E+00    1.288000  0.53553839E+00
   17.53704942  0.53464118E+00    1.289000  0.52879926E+00
   17.55065458  0.53933056E+00    1.290000  0.53466352E+00
   17.56425974  0.55654949E+00    1.291000  0.55299870E+00
   17.57786490  0.52554319E+00    1.292000  0.52338499E+00
   17.59147006  0.52477823E+00    1.293000  0.52381620E+00
   17.60507522  0.54411999E+00    1.294000  0.54435951E+00
   17.61868038  0.53723595E+00    1.295000  0.53869379E+00
   17.63228553  0.53478243E+00    1.296000  0.53744938E+00
   17.64589069  0.52319932E+00    1.297000  0.52699795E+00
   17.65949585  0.52075026E+00    1.298000  0.52571498E+00
   17.67310101  0.50421509E+00    1.299000  0.51016845E+00
   17.68670617  0.51432613E+00    1.300000  0.52156814E+00
   17.70031133  0.50385204E+00    1.301000  0.51209203E+00
   17.71391649  0.52796423E+00    1.302000  0.53779882E+00
   17.72752164  0.52050003E+00    1.303000  0.53137888E+00
   17.74112680  0.52329809E+00    1.304000  0.53542509E+00
   17.75473196  0.52421687E+00    1.305000  0.53755692E+00
   17.76833712  0.52385888E+00    1.306000  0.53838076E+00
   17.78194228  0.51914696E+00    1.307000  0.53471845E+00
   17.79554744  0.50938760E+00    1.308000  0.52582440E+00
   17.80915260  0.49592289E+00    1.309000  0.51305265E+00
   17.82275776  0.50881366E+00    1.310000  0.52754541E+00
   17.83636291  0.52076286E+00    1.311000  0.54111842E+00
   17.84996807  0.49922595E+00    1.312000  0.51987462E+00
   17.86357323  0.48891966E+00    1.313000  0.51025355E+00
   17.87717839  0.49668873E+00    1.314000  0.51949080E+00
   17.89078355  0.50093674E+00    1.315000  0.52507265E+00
   17.90438871  0.47671237E+00    1.316000  0.50076487E+00
   17.91799387  0.47388264E+00    1.317000  0.49886969E+00
   17.93159902  0.46607381E+00    1.318000  0.49170869E+00
   17.94520418  0.47799059E+00    1.319000  0.50536757E+00
   17.95880934  0.46903463E+00    1.320000  0.49696496E+00
   17.97241450  0.47029039E+00    1.321000  0.49936466E+00
   17.98601966  0.45246463E+00    1.322000  0.48146551E+00
   17.99962482  0.46474417E+00    1.323000  0.49558866E+00
   18.01322998  0.46237208E+00    1.324000  0.49411029E+00
   18.02683513  0.45890632E+00    1.325000  0.49144991E+00
   18.04044029  0.45639090E+00    1.326000  0.48979367E+00
   18.05404545  0.45767213E+00    1.327000  0.49220914E+00
   18.06765061  0.46502350E+00    1.328000  0.50117245E+00
   18.08125577  0.46372444E+00    1.329000  0.50082663E+00
   18.09486093  0.46233715E+00    1.330000  0.50037942E+00
   18.10846609  0.46606989E+00    1.331000  0.50547886E+00
   18.12207124  0.44870466E+00    1.332000  0.48766539E+00
   18.13567640  0.44739074E+00    1.333000  0.48725448E+00
   18.14928156  0.45028467E+00    1.334000  0.49142994E+00
   18.16288672  0.45064344E+00    1.335000  0.49284599E+00
   18.17649188  0.44900614E+00    1.336000  0.49207612E+00
   18.19009704  0.46487388E+00    1.337000  0.51052279E+00
   18.20370220  0.43515080E+00    1.338000  0.47887028E+00
   18.21730735  0.44005637E+00    1.339000  0.48526914E+00
   18.23091251  0.44130167E+00    1.340000  0.48764564E+00
   18.24451767  0.43581242E+00    1.341000  0.48257070E+00
   18.25812283  0.43302098E+00    1.342000  0.48046419E+00
   18.27172799  0.42991771E+00    1.343000  0.47799829E+00
   18.28533315  0.43008304E+00    1.344000  0.47915987E+00
   18.29893831  0.43163107E+00    1.345000  0.48186581E+00
   18.31254346  0.43336065E+00    1.346000  0.48478189E+00
   18.32614862  0.43115134E+00    1.347000  0.48329060E+00
   18.33975378  0.42133476E+00    1.348000  0.47324477E+00
   18.35335894  0.41233539E+00    1.349000  0.46407404E+00
   18.36696410  0.41673241E+00    1.350000  0.46997019E+00
   18.38056926  0.40101433E+00    1.351000  0.45315578E+00
   18.39417442  0.39681525E+00    1.352000  0.44931284E+00
   18.40777957  0.40763889E+00    1.353000  0.46249514E+00
   18.42138473  0.39763158E+00    1.354000  0.45204511E+00
   18.43498989  0.39666728E+00    1.355000  0.45185064E+00
   18.44859505  0.40011962E+00    1.356000  0.45669289E+00
   18.46220021  0.39979982E+00    1.357000  0.45723678E+00
   18.47580537  0.39883423E+00    1.358000  0.45703918E+00
   18.48941053  0.39750779E+00    1.359000  0.45642285E+00
   18.50301568  0.37780582E+00    1.360000  0.43465974E+00
   18.51662084  0.37854163E+00    1.361000  0.43636685E+00
   18.53022600  0.36874753E+00    1.362000  0.42591493E+00
   18.54383116  0.36750371E+00    1.363000  0.42531376E+00
   18.55743632  0.36457326E+00    1.364000  0.42275116E+00
   18.57104148  0.36033537E+00    1.365000  0.41865618E+00
   18.58464664  0.35712965E+00    1.366000  0.41574351E+00
   18.59825179  0.36648907E+00    1.367000  0.42747222E+00
   18.61185695  0.35638551E+00    1.368000  0.41649765E+00
   18.62546211  0.35263587E+00    1.369000  0.41291723E+00
   18.63906727  0.34889853E+00    1.370000  0.40933420E+00
   18.65267243  0.35595225E+00    1.371000  0.41841898E+00
   18.66627759  0.35207483E+00    1.372000  0.41466151E+00
   18.67988275  0.35338199E+00    1.373000  0.41700441E+00
   18.69348790  0.34676506E+00    1.374000  0.40998452E+00
   18.70709306  0.34910711E+00    1.375000  0.41354721E+00
   18.72069822  0.34450934E+00    1.376000  0.40888396E+00
   18.73430338  0.34767293E+00    1.377000  0.41342910E+00
   18.74790854  0.33959172E+00    1.378000  0.40459150E+00
   18.76151370  0.33597760E+00    1.379000  0.40104943E+00
   18.77511886  0.32851510E+00    1.380000  0.39288844E+00
   18.78872402  0.33117829E+00    1.381000  0.39682639E+00
   18.80232917  0.33148779E+00    1.382000  0.39795085E+00
   18.81593433  0.33091035E+00    1.383000  0.39800992E+00
   18.82953949  0.33213917E+00    1.384000  0.40024300E+00
   18.84314465  0.32945461E+00    1.385000  0.39775696E+00
   18.85674981  0.34656795E+00    1.386000  0.41920612E+00
   18.87035497  0.33409998E+00    1.387000  0.40488449E+00
   18.88396013  0.32390876E+00    1.388000  0.39327047E+00
   18.89756528  0.32105657E+00    1.389000  0.39053740E+00
   18.91117044  0.31715495E+00    1.390000  0.38651244E+00
   18.92477560  0.31382182E+00    1.391000  0.38316384E+00
   18.93838076  0.31105453E+00    1.392000  0.38049224E+00
   18.95198592  0.31118646E+00    1.393000  0.38136107E+00
   18.96559108  0.31382195E+00    1.394000  0.38530433E+00
   18.97919624  0.30784778E+00    1.395000  0.37866922E+00
   18.99280139  0.31474317E+00    1.396000  0.38786645E+00
   19.00640655  0.31519037E+00    1.397000  0.38913410E+00
   19.02001171  0.31742932E+00    1.398000  0.39261996E+00
   19.03361687  0.30394103E+00    1.399000  0.37662762E+00
   19.04722203  0.30812348E+00    1.400000  0.38251078E+00
   19.06082719  0.30916271E+00    1.401000  0.38450376E+00
   19.07443235  0.30490103E+00    1.402000  0.37989669E+00
   19.08803750  0.31329755E+00    1.403000  0.39107073E+00
   19.10164266  0.30650765E+00    1.404000  0.38329211E+00
   19.11524782  0.30814828E+00    1.405000  0.38604429E+00
   19.12885298  0.30091758E+00    1.406000  0.37766986E+00
   19.14245814  0.29892084E+00    1.407000  0.37584340E+00
   19.15606330  0.30714762E+00    1.408000  0.38688548E+00
   19.16966846  0.30343458E+00    1.409000  0.38289834E+00
   19.18327361  0.29837622E+00    1.410000  0.37719362E+00
   19.19687877  0.29912375E+00    1.411000  0.37881864E+00
   19.21048393  0.30322020E+00    1.412000  0.38469583E+00
   19.22408909  0.29817796E+00    1.413000  0.37897661E+00
   19.23769425  0.29349396E+00    1.414000  0.37369060E+00
   19.25129941  0.29219512E+00    1.415000  0.37270113E+00
   19.26490457  0.30293442E+00    1.416000  0.38708803E+00
   19.27850972  0.28727348E+00    1.417000  0.36772965E+00
   19.29211488  0.28095259E+00    1.418000  0.36027720E+00
   19.30572004  0.27951944E+00    1.419000  0.35907487E+00
   19.31932520  0.27952279E+00    1.420000  0.35971464E+00
   19.33293036  0.26904606E+00    1.421000  0.34684390E+00
   19.34653552  0.27113756E+00    1.422000  0.35015659E+00
   19.36014068  0.27524994E+00    1.423000  0.35609321E+00
   19.37374583  0.27759339E+00    1.424000  0.35975603E+00
   19.38735099  0.27518930E+00    1.425000  0.35726599E+00
   19.40095615  0.27187845E+00    1.426000  0.35358575E+00
   19.41456131  0.87831814E+00    1.427000  0.11442748E+01
   19.42816647  0.26838327E+00    1.428000  0.35026045E+00
   19.44177163  0.27017836E+00    1.429000  0.35321741E+00
   19.45537679  0.27257243E+00    1.430000  0.35696696E+00
   19.46898194  0.27475622E+00    1.431000  0.36045153E+00
   19.48258710  0.26266101E+00    1.432000  0.34518101E+00
   19.49619226  0.26246966E+00    1.433000  0.34552623E+00
   19.50979742  0.26078026E+00    1.434000  0.34389510E+00
   19.52340258  0.25397510E+00    1.435000  0.33549841E+00
   19.53700774  0.26348326E+00    1.436000  0.34865759E+00
   19.55061290  0.26744645E+00    1.437000  0.35450995E+00
   19.56421805  0.26602535E+00    1.438000  0.35323100E+00
   19.57782321  0.26156353E+00    1.439000  0.34790120E+00
   19.59142837  0.25507185E+00    1.440000  0.33984661E+00
   19.99958313  0.37900909E+00    1.470000  0.53082434E+00
   24.99947891  0.71087651E-01    1.837500  0.15895428E+00
   29.99937469  0.33420372E-01    2.205000  0.10265088E+00
   34.99927048  0.18852445E-01    2.572500  0.73656130E-01
   39.99916626  0.12641777E-01    2.940000  0.59953049E-01
   44.99906204  0.80805084E-02    3.307500  0.45072494E-01
   49.99895782  0.52235840E-02    3.675000  0.33500944E-01
   54.99885361  0.34417292E-02    4.042500  0.24948668E-01
   59.99874939  0.23235017E-02    4.410000  0.18784001E-01
   64.99864517  0.16294914E-02    4.777500  0.14534776E-01
   69.99854095  0.11468748E-02    5.145000  0.11188105E-01
   74.99843674  0.82484724E-03    5.512500  0.87357688E-02
   79.99833252  0.59287998E-03    5.880000  0.67743923E-02
   84.99822830  0.43912824E-03    6.247500  0.53844673E-02
   89.99812408  0.32984360E-03    6.615000  0.43200255E-02
   94.99801987  0.24870789E-03    6.982500  0.34651643E-02
   99.99791565  0.19169707E-03    7.350000  0.28310094E-02
  104.99781143  0.14953306E-03    7.717500  0.23332564E-02
  109.99770721  0.11806975E-03    8.085000  0.19409592E-02
  114.99760300  0.94034488E-04    8.452500  0.16244047E-02
  119.99749878  0.75647785E-04    8.820000  0.13699842E-02
  124.99739456  0.61405348E-04    9.187500  0.11633557E-02
  129.99729034  0.50350386E-04    9.555000  0.99598023E-03
  134.99718613  0.41478244E-04    9.922500  0.85513452E-03
