       eV          sigma            Ry          om               in 10^-16                                                                       
   13.26777923  0.00000000E+00    0.975202  0.00000000E+00
   13.27863479  0.55559687E+00    0.976000  0.58121645E+00
   13.30584510  0.14118446E+01    0.978000  0.15090442E+01
   13.31945026  0.13372999E+01    0.979000  0.14445684E+01
   13.33305542  0.10438339E+01    0.980000  0.11394280E+01
   13.34666058  0.10288750E+01    0.981000  0.11347944E+01
   13.36026574  0.11093315E+01    0.982000  0.12361434E+01
   13.37387090  0.12301427E+01    0.983000  0.13847480E+01
   13.38747605  0.13594925E+01    0.984000  0.15458079E+01
   13.40108121  0.15387276E+01    0.985000  0.17670975E+01
   13.41468637  0.16764171E+01    0.986000  0.19442779E+01
   13.42829153  0.17356480E+01    0.987000  0.20327020E+01
   13.44189669  0.18650491E+01    0.988000  0.22054499E+01
   13.45550185  0.14674210E+01    0.989000  0.17519286E+01
   13.46910701  0.15170153E+01    0.990000  0.18283822E+01
   13.48271216  0.15468127E+01    0.991000  0.18818782E+01
   13.49631732  0.15920558E+01    0.992000  0.19550185E+01
   13.50992248  0.16105255E+01    0.993000  0.19960059E+01
   13.52352764  0.15655215E+01    0.994000  0.19580254E+01
   13.53713280  0.16954751E+01    0.995000  0.21398331E+01
   13.55073796  0.17325615E+01    0.996000  0.22063333E+01
   13.56434312  0.18641316E+01    0.997000  0.23950711E+01
   13.57794827  0.18104377E+01    0.998000  0.23466634E+01
   13.59155343  0.18214994E+01    0.999000  0.23817064E+01
   13.60515859  0.18106253E+01    1.000000  0.23880692E+01
   13.61876375  0.17807509E+01    1.001000  0.23689091E+01
   13.63236891  0.17711346E+01    1.002000  0.23762491E+01
   13.64597407  0.15478166E+01    1.003000  0.20942277E+01
   13.65957923  0.14658583E+01    1.004000  0.19999989E+01
   13.67318438  0.14871750E+01    1.005000  0.20459878E+01
   13.70039470  0.18302225E+01    1.007000  0.25595453E+01
   13.71399986  0.16974800E+01    1.008000  0.23932016E+01
   13.75481534  0.15071409E+01    1.011000  0.21762459E+01
   13.76842049  0.15524775E+01    1.012000  0.22593571E+01
   13.78202565  0.16399900E+01    1.013000  0.24053578E+01
   13.79563081  0.13482084E+01    1.014000  0.19927296E+01
   13.80923597  0.12855291E+01    1.015000  0.19146986E+01
   13.82284113  0.12551226E+01    1.016000  0.18836773E+01
   13.83644629  0.11971812E+01    1.017000  0.18103277E+01
   13.85005145  0.11902828E+01    1.018000  0.18134262E+01
   13.86365660  0.12464470E+01    1.019000  0.19131621E+01
   13.87726176  0.12394391E+01    1.020000  0.19164944E+01
   13.89086692  0.11680906E+01    1.021000  0.18194488E+01
   13.90447208  0.10977149E+01    1.022000  0.17223075E+01
   13.91807724  0.12036026E+01    1.023000  0.19021260E+01
   13.93168240  0.12587138E+01    1.024000  0.20035293E+01
   13.94528756  0.11527878E+01    1.025000  0.18480277E+01
   13.95889272  0.11648292E+01    1.026000  0.18805718E+01
   13.97249787  0.12650723E+01    1.027000  0.20567905E+01
   13.98610303  0.11729035E+01    1.028000  0.19202722E+01
   13.99970819  0.11654807E+01    1.029000  0.19213676E+01
   14.01331335  0.11334114E+01    1.030000  0.18813829E+01
   14.02691851  0.10877725E+01    1.031000  0.18179902E+01
   14.04052367  0.11253658E+01    1.032000  0.18936118E+01
   14.05412883  0.11650750E+01    1.033000  0.19736725E+01
   14.06773398  0.11718928E+01    1.034000  0.19985429E+01
   14.08133914  0.12417192E+01    1.035000  0.21317393E+01
   14.09494430  0.12802718E+01    1.036000  0.22124778E+01
   14.10854946  0.11856560E+01    1.037000  0.20624466E+01
   14.12215462  0.11887922E+01    1.038000  0.20814150E+01
   14.13575978  0.12649556E+01    1.039000  0.22291456E+01
   14.14936494  0.12752928E+01    1.040000  0.22618585E+01
   14.16297009  0.13026726E+01    1.041000  0.23252267E+01
   14.17657525  0.11867355E+01    1.042000  0.21317725E+01
   14.19018041  0.12423526E+01    1.043000  0.22458011E+01
   14.20378557  0.12224629E+01    1.044000  0.22237422E+01
   14.21739073  0.11228188E+01    1.045000  0.20552460E+01
   14.23099589  0.11705618E+01    1.046000  0.21559423E+01
   14.24460105  0.11955323E+01    1.047000  0.22155226E+01
   14.25820620  0.11757191E+01    1.048000  0.21921698E+01
   14.27181136  0.11899726E+01    1.049000  0.22322723E+01
   14.28541652  0.11504934E+01    1.050000  0.21712909E+01
   14.29902168  0.10900434E+01    1.051000  0.20695959E+01
   14.31262684  0.11175275E+01    1.052000  0.21344812E+01
   14.32623200  0.11428612E+01    1.053000  0.21958595E+01
   14.33983716  0.11282468E+01    1.054000  0.21806045E+01
   14.35344231  0.11531475E+01    1.055000  0.22418390E+01
   14.36704747  0.11824657E+01    1.056000  0.23122776E+01
   14.38065263  0.11510546E+01    1.057000  0.22639381E+01
   14.39425779  0.11645955E+01    1.058000  0.23038089E+01
   14.40786295  0.11478749E+01    1.059000  0.22837800E+01
   14.42146811  0.11583451E+01    1.060000  0.23177780E+01
   14.43507327  0.11497028E+01    1.061000  0.23135540E+01
   14.44867842  0.10774385E+01    1.062000  0.21803833E+01
   14.46228358  0.10205004E+01    1.063000  0.20767593E+01
   14.47588874  0.96331652E+00    1.064000  0.19713378E+01
   14.48949390  0.95283558E+00    1.065000  0.19607204E+01
   14.50309906  0.94525307E+00    1.066000  0.19558620E+01
   14.51670422  0.95691307E+00    1.067000  0.19908654E+01
   14.53030938  0.10012264E+01    1.068000  0.20944406E+01
   14.54391453  0.86746818E+00    1.069000  0.18244956E+01
   14.55751969  0.84912361E+00    1.070000  0.17955645E+01
   14.57112485  0.84025823E+00    1.071000  0.17863689E+01
   14.58473001  0.87954541E+00    1.072000  0.18798903E+01
   14.59833517  0.86280403E+00    1.073000  0.18539157E+01
   14.61194033  0.85817549E+00    1.074000  0.18537252E+01
   14.62554549  0.81506438E+00    1.075000  0.17698667E+01
   14.63915064  0.82785118E+00    1.076000  0.18070427E+01
   14.65275580  0.80328108E+00    1.077000  0.17625417E+01
   14.66636096  0.77339727E+00    1.078000  0.17057625E+01
   14.67996612  0.82502733E+00    1.079000  0.18290130E+01
   14.69357128  0.83106145E+00    1.080000  0.18518368E+01
   14.70717644  0.83765720E+00    1.081000  0.18760556E+01
   14.72078160  0.85684458E+00    1.082000  0.19287683E+01
   14.73438675  0.80659324E+00    1.083000  0.18248204E+01
   14.74799191  0.83629037E+00    1.084000  0.19015127E+01
   14.76159707  0.84718763E+00    1.085000  0.19359203E+01
   14.77520223  0.85285980E+00    1.086000  0.19585763E+01
   14.78880739  0.83019251E+00    1.087000  0.19159581E+01
   14.80241255  0.82274603E+00    1.088000  0.19081249E+01
   14.81601771  0.81466133E+00    1.089000  0.18986350E+01
   14.82962286  0.82575161E+00    1.090000  0.19338681E+01
   14.84322802  0.85519010E+00    1.091000  0.20125325E+01
   14.85683318  0.85934807E+00    1.092000  0.20320857E+01
   14.87043834  0.82859261E+00    1.093000  0.19687774E+01
   14.88404350  0.79481966E+00    1.094000  0.18975659E+01
   14.89764866  0.79507049E+00    1.095000  0.19072023E+01
   14.91125382  0.78322233E+00    1.096000  0.18876840E+01
   14.92485898  0.79436968E+00    1.097000  0.19235804E+01
   14.93846413  0.78402551E+00    1.098000  0.19074438E+01
   14.95206929  0.75421474E+00    1.099000  0.18434908E+01
   14.96567445  0.75818961E+00    1.100000  0.18618247E+01
   14.97927961  0.75950877E+00    1.101000  0.18736974E+01
   14.99288477  0.74763386E+00    1.102000  0.18529005E+01
   15.00648993  0.73886313E+00    1.103000  0.18395622E+01
   15.02009509  0.70823487E+00    1.104000  0.17713569E+01
   15.03370024  0.70366010E+00    1.105000  0.17679135E+01
   15.04730540  0.70220900E+00    1.106000  0.17722497E+01
   15.06091056  0.68390598E+00    1.107000  0.17338301E+01
   15.07451572  0.67656113E+00    1.108000  0.17229000E+01
   15.08812088  0.68615374E+00    1.109000  0.17551276E+01
   15.10172604  0.66620448E+00    1.110000  0.17116717E+01
   15.11533120  0.66374257E+00    1.111000  0.17128911E+01
   15.12893635  0.66619746E+00    1.112000  0.17267990E+01
   15.14254151  0.66594627E+00    1.113000  0.17337177E+01
   15.15614667  0.66532009E+00    1.114000  0.17396502E+01
   15.16975183  0.65014080E+00    1.115000  0.17073502E+01
   15.18335699  0.63731609E+00    1.116000  0.16809153E+01
   15.19696215  0.63233562E+00    1.117000  0.16749671E+01
   15.21056731  0.61320244E+00    1.118000  0.16312563E+01
   15.22417246  0.60192367E+00    1.119000  0.16080943E+01
   15.23777762  0.59591159E+00    1.120000  0.15988062E+01
   15.25138278  0.58516366E+00    1.121000  0.15766215E+01
   15.26498794  0.58507254E+00    1.122000  0.15830265E+01
   15.27859310  0.57991946E+00    1.123000  0.15756758E+01
   15.29219826  0.56661365E+00    1.124000  0.15459638E+01
   15.30580342  0.55249412E+00    1.125000  0.15137199E+01
   15.31940857  0.54651875E+00    1.126000  0.15035609E+01
   15.33301373  0.51719182E+00    1.127000  0.14287567E+01
   15.34661889  0.53442610E+00    1.128000  0.14824417E+01
   15.36022405  0.53214340E+00    1.129000  0.14821586E+01
   15.37382921  0.52293000E+00    1.130000  0.14624410E+01
   15.38743437  0.50239772E+00    1.131000  0.14107306E+01
   15.40103953  0.48594756E+00    1.132000  0.13700624E+01
   15.41464468  0.47553411E+00    1.133000  0.13461085E+01
   15.42824984  0.47490384E+00    1.134000  0.13497226E+01
   15.44185500  0.46855117E+00    1.135000  0.13369937E+01
   15.45546016  0.45338290E+00    1.136000  0.12988652E+01
   15.46906532  0.44583217E+00    1.137000  0.12823014E+01
   15.48267048  0.43180291E+00    1.138000  0.12468588E+01
   15.50988079  0.41391228E+00    1.140000  0.12046083E+01
   15.52348595  0.41076570E+00    1.141000  0.12001200E+01
   15.53709111  0.39608882E+00    1.142000  0.11617414E+01
   15.55069627  0.40247605E+00    1.143000  0.11850503E+01
   15.56430143  0.40104629E+00    1.144000  0.11853992E+01
   15.57790659  0.40065821E+00    1.145000  0.11888064E+01
   15.59151175  0.40345140E+00    1.146000  0.12016802E+01
   15.60511690  0.39080799E+00    1.147000  0.11684641E+01
   15.61872206  0.40109965E+00    1.148000  0.12037941E+01
   15.63232722  0.40670162E+00    1.149000  0.12252299E+01
   15.64593238  0.40948148E+00    1.150000  0.12382591E+01
   15.65953754  0.40560370E+00    1.151000  0.12311433E+01
   15.67314270  0.41306114E+00    1.152000  0.12584744E+01
   15.68674786  0.40618904E+00    1.153000  0.12421543E+01
   15.70035301  0.39910632E+00    1.154000  0.12250315E+01
   15.71395817  0.41854845E+00    1.155000  0.12894655E+01
   15.72756333  0.41975671E+00    1.156000  0.12979593E+01
   15.74116849  0.41191435E+00    1.157000  0.12783916E+01
   15.75477365  0.40960592E+00    1.158000  0.12758833E+01
   15.76837881  0.41273051E+00    1.159000  0.12903076E+01
   15.78198397  0.40728871E+00    1.160000  0.12779247E+01
   15.79558912  0.39626518E+00    1.161000  0.12478412E+01
   15.80919428  0.39400901E+00    1.162000  0.12452152E+01
   15.82279944  0.40972774E+00    1.163000  0.12995496E+01
   15.83640460  0.40384642E+00    1.164000  0.12854861E+01
   15.85000976  0.39344069E+00    1.165000  0.12568358E+01
   15.86361492  0.38232777E+00    1.166000  0.12256818E+01
   15.87722008  0.38957567E+00    1.167000  0.12533457E+01
   15.89082524  0.38939732E+00    1.168000  0.12571982E+01
   15.90443039  0.39088905E+00    1.169000  0.12664576E+01
   15.91803555  0.38347661E+00    1.170000  0.12468007E+01
   15.93164071  0.38881852E+00    1.171000  0.12685886E+01
   15.94524587  0.38607207E+00    1.172000  0.12640163E+01
   15.95885103  0.39695931E+00    1.173000  0.13041738E+01
   15.97245619  0.37330728E+00    1.174000  0.12307106E+01
   15.98606135  0.37289292E+00    1.175000  0.12335832E+01
   15.99966650  0.36923428E+00    1.176000  0.12256770E+01
   16.01327166  0.37063137E+00    1.177000  0.12345276E+01
   16.02687682  0.36210363E+00    1.178000  0.12102388E+01
   16.04048198  0.36071474E+00    1.179000  0.12096970E+01
   16.05408714  0.34955388E+00    1.180000  0.11762412E+01
   16.06769230  0.34128003E+00    1.181000  0.11522792E+01
   16.08129746  0.34497360E+00    1.182000  0.11686713E+01
   16.09490261  0.33892840E+00    1.183000  0.11520445E+01
   16.10850777  0.33824629E+00    1.184000  0.11535708E+01
   16.12211293  0.33190114E+00    1.185000  0.11357037E+01
   16.13571809  0.32602171E+00    1.186000  0.11192913E+01
   16.14932325  0.31967604E+00    1.187000  0.11011392E+01
   16.16292841  0.30952470E+00    1.188000  0.10696908E+01
   16.17653357  0.30917720E+00    1.189000  0.10720043E+01
   16.19013872  0.29739248E+00    1.190000  0.10345238E+01
   16.20374388  0.29106787E+00    1.191000  0.10158313E+01
   16.21734904  0.28932340E+00    1.192000  0.10130318E+01
   16.23095420  0.27395770E+00    1.193000  0.96234469E+00
   16.24455936  0.27786173E+00    1.194000  0.97921701E+00
   16.25816452  0.27533438E+00    1.195000  0.97344007E+00
   16.27176968  0.27265822E+00    1.196000  0.96707784E+00
   16.28537483  0.26942366E+00    1.197000  0.95866789E+00
   16.29897999  0.26176758E+00    1.198000  0.93440141E+00
   16.31258515  0.26209815E+00    1.199000  0.93856066E+00
   16.32619031  0.25896914E+00    1.200000  0.93029953E+00
   16.33979547  0.25046346E+00    1.201000  0.90259145E+00
   16.35340063  0.25568337E+00    1.202000  0.92430870E+00
   16.36700579  0.25043695E+00    1.203000  0.90818933E+00
   16.39421610  0.23949408E+00    1.205000  0.87395056E+00
   16.40782126  0.23852736E+00    1.206000  0.87313419E+00
   16.42142642  0.22701689E+00    1.207000  0.83358039E+00
   16.43503158  0.22537719E+00    1.208000  0.83012143E+00
   16.44863674  0.22311392E+00    1.209000  0.82432138E+00
   16.46224190  0.23099755E+00    1.210000  0.85607417E+00
   16.47584705  0.23135055E+00    1.211000  0.86001213E+00
   16.48945221  0.22928616E+00    1.212000  0.85494435E+00
   16.50305737  0.22589983E+00    1.213000  0.84488546E+00
   16.51666253  0.22471236E+00    1.214000  0.84299852E+00
   16.53026769  0.23089488E+00    1.215000  0.86881657E+00
   16.54387285  0.23063249E+00    1.216000  0.87045085E+00
   16.55747801  0.23531650E+00    1.217000  0.89080402E+00
   16.57108316  0.22848486E+00    1.218000  0.86753963E+00
   16.58468832  0.22682374E+00    1.219000  0.86381080E+00
   16.59829348  0.22112458E+00    1.220000  0.84462027E+00
   16.61189864  0.22106177E+00    1.221000  0.84689314E+00
   16.62550380  0.22194808E+00    1.222000  0.85281153E+00
   16.63910896  0.22951803E+00    1.223000  0.88450714E+00
   16.65271412  0.23104571E+00    1.224000  0.89302078E+00
   16.67992443  0.22614123E+00    1.226000  0.87920542E+00
   16.69352959  0.22581951E+00    1.227000  0.88052152E+00
   16.70713475  0.22109500E+00    1.228000  0.86461277E+00
   16.72073991  0.21518990E+00    1.229000  0.84396636E+00
   16.73434507  0.20512628E+00    1.230000  0.80682890E+00
   16.74795023  0.19951115E+00    1.231000  0.78701059E+00
   16.76155538  0.19094204E+00    1.232000  0.75537852E+00
   16.77516054  0.19272624E+00    1.233000  0.76462766E+00
   16.78876570  0.19651607E+00    1.234000  0.78189733E+00
   16.80237086  0.19300893E+00    1.235000  0.77013706E+00
   16.81597602  0.19745924E+00    1.236000  0.79013902E+00
   16.82958118  0.19108325E+00    1.237000  0.76679737E+00
   16.84318634  0.18997092E+00    1.238000  0.76449309E+00
   16.85679150  0.18788743E+00    1.239000  0.75824431E+00
   16.87039665  0.18930966E+00    1.240000  0.76613578E+00
   16.88400181  0.18598011E+00    1.241000  0.75477514E+00
   16.89760697  0.18754150E+00    1.242000  0.76324359E+00
   16.91121213  0.19017366E+00    1.243000  0.77611750E+00
   16.92481729  0.18829613E+00    1.244000  0.77059548E+00
   16.93842245  0.18727547E+00    1.245000  0.76854722E+00
   16.95202761  0.19004580E+00    1.246000  0.78207642E+00
   16.96563276  0.18993547E+00    1.247000  0.78378140E+00
   16.97923792  0.18370538E+00    1.248000  0.76016068E+00
   16.99284308  0.18259135E+00    1.249000  0.75762641E+00
   17.00644824  0.18140069E+00    1.250000  0.75474799E+00
   17.02005340  0.17934074E+00    1.251000  0.74821579E+00
   17.03365856  0.17981667E+00    1.252000  0.75224537E+00
   17.04726372  0.17849796E+00    1.253000  0.74875764E+00
   17.06086887  0.18144114E+00    1.254000  0.76316606E+00
   17.07447403  0.18211403E+00    1.255000  0.76806642E+00
   17.08807919  0.18244193E+00    1.256000  0.77152315E+00
   17.10168435  0.18589703E+00    1.257000  0.78824740E+00
   17.11528951  0.18633666E+00    1.258000  0.79222963E+00
   17.12889467  0.18840463E+00    1.259000  0.80316342E+00
   17.14249983  0.19363787E+00    1.260000  0.82767364E+00
   17.15610498  0.19153273E+00    1.261000  0.82085269E+00
   17.16971014  0.19004645E+00    1.262000  0.81664323E+00
   17.18331530  0.19258872E+00    1.263000  0.82975666E+00
   17.19692046  0.19846041E+00    1.264000  0.85731038E+00
   17.21052562  0.19046140E+00    1.265000  0.82492122E+00
   17.22413078  0.18323413E+00    1.266000  0.79570146E+00
   17.23773594  0.18426427E+00    1.267000  0.80226940E+00
   17.25134109  0.18293811E+00    1.268000  0.79857492E+00
   17.26494625  0.17772973E+00    1.269000  0.77785913E+00
   17.27855141  0.17162108E+00    1.270000  0.75307462E+00
   17.29215657  0.17302930E+00    1.271000  0.76122068E+00
   17.30576173  0.17007981E+00    1.272000  0.75017808E+00
   17.31936689  0.16890758E+00    1.273000  0.74692767E+00
   17.33297205  0.16631013E+00    1.274000  0.73733189E+00
   17.34657720  0.16149823E+00    1.275000  0.71783420E+00
   17.36018236  0.16364888E+00    1.276000  0.72925369E+00
   17.37378752  0.15840066E+00    1.277000  0.70766708E+00
   17.38739268  0.15904828E+00    1.278000  0.71236828E+00
   17.40099784  0.15628395E+00    1.279000  0.70176345E+00
   17.41460300  0.15419357E+00    1.280000  0.69412973E+00
   17.42820816  0.15248100E+00    1.281000  0.68815354E+00
   17.44181331  0.15180293E+00    1.282000  0.68681890E+00
   17.45541847  0.14944723E+00    1.283000  0.67785955E+00
   17.46902363  0.14823562E+00    1.284000  0.67404891E+00
   17.48262879  0.14284914E+00    1.285000  0.65117958E+00
   17.49623395  0.14165087E+00    1.286000  0.64732742E+00
   17.50983911  0.14516979E+00    1.287000  0.66505857E+00
   17.52344427  0.14124727E+00    1.288000  0.64869411E+00
   17.53704942  0.13602722E+00    1.289000  0.62626666E+00
   17.55065458  0.13431528E+00    1.290000  0.61991170E+00
   17.56425974  0.13314465E+00    1.291000  0.61602227E+00
   17.57786490  0.13097190E+00    1.292000  0.60745833E+00
   17.59147006  0.13275413E+00    1.293000  0.61723350E+00
   17.60507522  0.12819461E+00    1.294000  0.59749141E+00
   17.61868038  0.12962638E+00    1.295000  0.60563808E+00
   17.63228553  0.12445799E+00    1.296000  0.58290516E+00
   17.64589069  0.12494090E+00    1.297000  0.58658709E+00
   17.65949585  0.12290080E+00    1.298000  0.57840600E+00
   17.67310101  0.12689310E+00    1.299000  0.59863729E+00
   17.68670617  0.12738197E+00    1.300000  0.60239153E+00
   17.70031133  0.12563889E+00    1.301000  0.59557662E+00
   17.71391649  0.12558858E+00    1.302000  0.59676572E+00
   17.72752164  0.12227151E+00    1.303000  0.58239366E+00
   17.74112680  0.12046184E+00    1.304000  0.57514328E+00
   17.75473196  0.11828212E+00    1.305000  0.56608075E+00
   17.76833712  0.11898226E+00    1.306000  0.57078399E+00
   17.78194228  0.11694582E+00    1.307000  0.56234407E+00
   17.79554744  0.11793559E+00    1.308000  0.56844404E+00
   17.80915260  0.11503416E+00    1.309000  0.55576686E+00
   17.82275776  0.11791314E+00    1.310000  0.57101646E+00
   17.83636291  0.11685591E+00    1.311000  0.56722492E+00
   17.84996807  0.11868049E+00    1.312000  0.57743057E+00
   17.86357323  0.11864603E+00    1.313000  0.57861157E+00
   17.87717839  0.11873259E+00    1.314000  0.58038334E+00
   17.89078355  0.11554207E+00    1.315000  0.56610094E+00
   17.90438871  0.11558300E+00    1.316000  0.56761532E+00
   17.91799387  0.11591146E+00    1.317000  0.57054592E+00
   17.93159902  0.11818036E+00    1.318000  0.58305739E+00
   17.94520418  0.11857338E+00    1.319000  0.58634419E+00
   17.95880934  0.11711969E+00    1.320000  0.58048701E+00
   17.97241450  0.11676360E+00    1.321000  0.58004937E+00
   17.98601966  0.11426784E+00    1.322000  0.56894998E+00
   17.99962482  0.11518531E+00    1.323000  0.57482745E+00
   18.01322998  0.11358183E+00    1.324000  0.56811646E+00
   18.02683513  0.11034173E+00    1.325000  0.55316427E+00
   18.04044029  0.10880109E+00    1.326000  0.54667750E+00
   18.05404545  0.10472041E+00    1.327000  0.52736423E+00
   18.06765061  0.10562577E+00    1.328000  0.53312421E+00
   18.08125577  0.10432044E+00    1.329000  0.52772167E+00
   18.09486093  0.10477551E+00    1.330000  0.53121470E+00
   18.10846609  0.10074802E+00    1.331000  0.51194038E+00
   18.12207124  0.98194881E-01    1.332000  0.50008307E+00
   18.13567640  0.98663727E-01    1.333000  0.50359230E+00
   18.14928156  0.99054336E-01    1.334000  0.50671197E+00
   18.16288672  0.98472926E-01    1.335000  0.50485711E+00
   18.17649188  0.98647025E-01    1.336000  0.50687101E+00
   18.19009704  0.10035433E+00    1.337000  0.51678425E+00
   18.20370220  0.10153309E+00    1.338000  0.52400852E+00
   18.21730735  0.10270675E+00    1.339000  0.53123319E+00
   18.23091251  0.10186732E+00    1.340000  0.52804932E+00
   18.24451767  0.10105701E+00    1.341000  0.52499763E+00
   18.25812283  0.10180665E+00    1.342000  0.53004931E+00
   18.27172799  0.10501077E+00    1.343000  0.54792501E+00
   18.28533315  0.10538471E+00    1.344000  0.55107404E+00
   18.29893831  0.10336173E+00    1.345000  0.54167046E+00
   18.31254346  0.10200484E+00    1.346000  0.53571913E+00
   18.32614862  0.10065152E+00    1.347000  0.52975571E+00
   18.33975378  0.10084084E+00    1.348000  0.53189842E+00
   18.35335894  0.10249504E+00    1.349000  0.54178876E+00
   18.36696410  0.10275436E+00    1.350000  0.54432757E+00
   18.38056926  0.10198935E+00    1.351000  0.54143430E+00
   18.39417442  0.10347368E+00    1.352000  0.55049041E+00
   18.40777957  0.10173311E+00    1.353000  0.54238684E+00
   18.42138473  0.10162757E+00    1.354000  0.54297931E+00
   18.43498989  0.99507601E-01    1.355000  0.53278379E+00
   18.44859505  0.10013802E+00    1.356000  0.53729747E+00
   18.46220021  0.99667794E-01    1.357000  0.53590734E+00
   18.47580537  0.99594420E-01    1.358000  0.53664490E+00
   18.48941053  0.98362454E-01    1.359000  0.53112478E+00
   18.50301568  0.10001189E+00    1.360000  0.54116800E+00
   18.51662084  0.10027702E+00    1.361000  0.54374251E+00
   18.53022600  0.93057192E-01    1.362000  0.50565146E+00
   18.54383116  0.91191730E-01    1.363000  0.49655154E+00
   18.55743632  0.90868459E-01    1.364000  0.49582419E+00
   18.57104148  0.85781151E-01    1.365000  0.46904034E+00
   18.58464664  0.87892825E-01    1.366000  0.48158578E+00
   18.59825179  0.88514842E-01    1.367000  0.48600011E+00
   18.61185695  0.87890087E-01    1.368000  0.48356887E+00
   18.62546211  0.87427443E-01    1.369000  0.48201720E+00
   18.63906727  0.86341881E-01    1.370000  0.47701358E+00
   18.65267243  0.85777634E-01    1.371000  0.47487131E+00
   18.66627759  0.86583013E-01    1.372000  0.48031414E+00
   18.67988275  0.86283350E-01    1.373000  0.47963256E+00
   18.69348790  0.85787486E-01    1.374000  0.47785129E+00
   18.70709306  0.33481555E+01    1.375000  0.18687870E+02
   18.72069822  0.82235323E-01    1.376000  0.45993466E+00
   18.73430338  0.81183002E-01    1.377000  0.45497193E+00
   18.74790854  0.79534798E-01    1.378000  0.44663901E+00
   18.76151370  0.79799951E-01    1.379000  0.44903510E+00
   18.77511886  0.77738543E-01    1.380000  0.43831919E+00
   18.78872402  0.74563352E-01    1.381000  0.42126383E+00
   18.80232917  0.74382755E-01    1.382000  0.42108901E+00
   18.81593433  0.89651035E-01    1.383000  0.50854350E+00
   18.82953949  0.72960735E-01    1.384000  0.41469749E+00
   18.84314465  0.70221952E-01    1.385000  0.39992888E+00
   18.85674981  0.68601015E-01    1.386000  0.39147709E+00
   18.87035497  0.66218406E-01    1.387000  0.37863325E+00
   18.88396013  0.68173078E-01    1.388000  0.39058488E+00
   18.89756528  0.67776307E-01    1.389000  0.38908207E+00
   18.91117044  0.68116685E-01    1.390000  0.39181035E+00
   18.92477560  0.66800532E-01    1.391000  0.38499910E+00
   18.93838076  0.65411155E-01    1.392000  0.37773507E+00
   18.95198592  0.65849576E-01    1.393000  0.38101537E+00
   18.96559108  0.65648585E-01    1.394000  0.38059863E+00
   18.97919624  0.66600164E-01    1.395000  0.38687247E+00
   18.99280139  0.66430078E-01    1.396000  0.38663957E+00
   19.00640655  0.66202304E-01    1.397000  0.38606639E+00
   19.02001171  0.65786335E-01    1.398000  0.38438841E+00
   19.03361687  0.65421021E-01    1.399000  0.38299753E+00
   19.04722203  0.65885362E-01    1.400000  0.38646486E+00
   19.06082719  0.65717621E-01    1.401000  0.38622795E+00
   19.07443235  0.66145748E-01    1.402000  0.38949597E+00
   19.08803750  0.66326142E-01    1.403000  0.39131214E+00
   19.10164266  0.66706197E-01    1.404000  0.39431264E+00
   19.11524782  0.65295003E-01    1.405000  0.38671302E+00
   19.12885298  0.64308281E-01    1.406000  0.38160010E+00
   19.14245814  0.64579469E-01    1.407000  0.38394338E+00
   19.15606330  0.64680956E-01    1.408000  0.38528198E+00
   19.16966846  0.63307343E-01    1.409000  0.37781946E+00
   19.18327361  0.62917373E-01    1.410000  0.37620729E+00
   19.19687877  0.62560531E-01    1.411000  0.37478472E+00
   19.21048393  0.60882602E-01    1.412000  0.36542471E+00
   19.22408909  0.61408956E-01    1.413000  0.36928199E+00
   19.23769425  0.61954532E-01    1.414000  0.37326704E+00
   19.25129941  0.60825638E-01    1.415000  0.36715702E+00
   19.26490457  0.59964962E-01    1.416000  0.36264341E+00
   19.27850972  0.58667099E-01    1.417000  0.35546134E+00
   19.29211488  0.60169166E-01    1.418000  0.36524624E+00
   19.30572004  0.60997511E-01    1.419000  0.37096792E+00
   19.31932520  0.59862067E-01    1.420000  0.36474295E+00
   19.33293036  0.59023173E-01    1.421000  0.36030244E+00
   19.34653552  0.59319562E-01    1.422000  0.36278601E+00
   19.36014068  0.59772261E-01    1.423000  0.36623405E+00
   19.37374583  0.59459796E-01    1.424000  0.36499541E+00
   19.38735099  0.58885069E-01    1.425000  0.36213678E+00
   19.40095615  0.58493653E-01    1.426000  0.36039451E+00
   19.41456131  0.91545588E-01    1.427000  0.56507662E+00
   19.42816647  0.58198966E-01    1.428000  0.35990196E+00
   19.44177163  0.58589299E-01    1.429000  0.36298176E+00
   19.45537679  0.58909238E-01    1.430000  0.36563352E+00
   19.46898194  0.58343027E-01    1.431000  0.36278239E+00
   19.48258710  0.57894444E-01    1.432000  0.36065114E+00
   19.49619226  0.58377119E-01    1.433000  0.36432152E+00
   19.50979742  0.56951913E-01    1.434000  0.35607443E+00
   19.52340258  0.16141581E+00    1.435000  0.10110378E+01
   19.53700774  0.55470272E-01    1.436000  0.34807198E+00
   19.55061290  0.55553529E-01    1.437000  0.34922589E+00
   19.56421805  0.54787288E-01    1.438000  0.34503184E+00
   19.57782321  0.52679297E-01    1.439000  0.33235523E+00
   19.59142837  0.53519785E-01    1.440000  0.33826625E+00
   19.99958313  0.19037990E+00    1.470000  0.12681978E+01
   24.99947891  0.12017990E-01    1.837500  0.13026030E+00
   29.99937469  0.54730189E-02    2.205000  0.82183648E-01
   34.99927048  0.28382019E-02    2.572500  0.54475071E-01
   39.99916626  0.18210082E-02    2.940000  0.42558574E-01
   44.99906204  0.11287050E-02    3.307500  0.31093852E-01
   49.99895782  0.74707362E-03    3.675000  0.23701377E-01
   54.99885361  0.52211908E-03    4.042500  0.18745638E-01
   59.99874939  0.37909397E-03    4.410000  0.15194224E-01
   64.99864517  0.27768234E-03    4.777500  0.12289591E-01
   69.99854095  0.21282013E-03    5.145000  0.10307965E-01
   74.99843674  0.16652234E-03    5.512500  0.87611521E-02
   79.99833252  0.13335629E-03    5.880000  0.75732828E-02
   84.99822830  0.10963542E-03    6.247500  0.66841658E-02
   89.99812408  0.89925013E-04    6.615000  0.58581274E-02
   94.99801987  0.75374771E-04    6.982500  0.52251262E-02
   99.99791565  0.63710090E-04    7.350000  0.46826484E-02
  104.99781143  0.54279734E-04    7.717500  0.42162701E-02
  109.99770721  0.46369763E-04    8.085000  0.37955534E-02
  114.99760300  0.40256515E-04    8.452500  0.34633256E-02
  119.99749878  0.35355697E-04    8.820000  0.31893950E-02
  124.99739456  0.30695049E-04    9.187500  0.28971881E-02
  129.99729034  0.27050118E-04    9.555000  0.26661554E-02
  134.99718613  0.23737513E-04    9.922500  0.24388137E-02
