       eV          sigma            Ry          om               in 10^-16                                                                       
   12.98346461  0.00000000E+00    0.954305  0.00000000E+00
   12.99292646  0.13175982E+01    0.955000  0.68974591E-01
   13.00653161  0.40024072E+01    0.956000  0.33690786E+00
   13.02013677  0.10942932E+02    0.957000  0.12694226E+01
   13.03374193  0.19816229E+02    0.958000  0.29294621E+01
   13.04734709  0.25550333E+02    0.959000  0.45903483E+01
   13.06095225  0.26489764E+02    0.960000  0.56022306E+01
   13.07455741  0.42181513E+02    0.961000  0.10263361E+02
   13.08816257  0.39162417E+02    0.962000  0.10775217E+02
   13.10176772  0.38628400E+02    0.963000  0.11857735E+02
   13.11537288  0.38149879E+02    0.964000  0.12925062E+02
   13.12897804  0.37424645E+02    0.965000  0.13870491E+02
   13.14258320  0.36709236E+02    0.966000  0.14773709E+02
   13.15618836  0.40406823E+02    0.967000  0.17547862E+02
   13.16979352  0.43675214E+02    0.968000  0.20357334E+02
   13.18339868  0.43451020E+02    0.969000  0.21635776E+02
   13.19700383  0.43197893E+02    0.970000  0.22884620E+02
   13.21060899  0.42822165E+02    0.971000  0.24048499E+02
   13.22421415  0.42511374E+02    0.972000  0.25226996E+02
   13.23781931  0.41852330E+02    0.973000  0.26167966E+02
   13.25142447  0.37007782E+02    0.974000  0.24316804E+02
   13.26502963  0.36234641E+02    0.975000  0.24962055E+02
   13.27863479  0.38606608E+02    0.976000  0.27824859E+02
   13.30584510  0.37523368E+02    0.978000  0.29432693E+02
   13.31945026  0.34944259E+02    0.979000  0.28521875E+02
   13.33305542  0.35734324E+02    0.980000  0.30304072E+02
   13.34666058  0.34733685E+02    0.981000  0.30560981E+02
   13.36026574  0.32899004E+02    0.982000  0.29993803E+02
   13.37387090  0.33163584E+02    0.983000  0.31290536E+02
   13.38747605  0.31901677E+02    0.984000  0.31115253E+02
   13.40108121  0.29978804E+02    0.985000  0.30193935E+02
   13.41468637  0.29208880E+02    0.986000  0.30348133E+02
   13.42829153  0.29643820E+02    0.987000  0.31743529E+02
   13.44189669  0.29594434E+02    0.988000  0.32632564E+02
   13.45550185  0.29729170E+02    0.989000  0.33727339E+02
   13.46910701  0.29344337E+02    0.990000  0.34224710E+02
   13.48271216  0.28892858E+02    0.991000  0.34617734E+02
   13.49631732  0.28488963E+02    0.992000  0.35040545E+02
   13.50992248  0.28281831E+02    0.993000  0.35685921E+02
   13.52352764  0.27510940E+02    0.994000  0.35588820E+02
   13.53713280  0.26842414E+02    0.995000  0.35578328E+02
   13.55073796  0.26500619E+02    0.996000  0.35968746E+02
   13.56434312  0.25937727E+02    0.997000  0.36030279E+02
   13.57794827  0.25507500E+02    0.998000  0.36244490E+02
   13.59155343  0.24526902E+02    0.999000  0.35631756E+02
   13.60515859  0.23360840E+02    1.000000  0.34681264E+02
   13.61876375  0.22794441E+02    1.001000  0.34565886E+02
   13.63236891  0.22735755E+02    1.002000  0.35200517E+02
   13.64597407  0.22324197E+02    1.003000  0.35273850E+02
   13.65957923  0.21360235E+02    1.004000  0.34430565E+02
   13.67318438  0.22334349E+02    1.005000  0.36711587E+02
   13.70039470  0.23028182E+02    1.007000  0.39317923E+02
   13.71399986  0.26422798E+02    1.008000  0.45954805E+02
   13.75481534  0.24760971E+02    1.011000  0.45428784E+02
   13.76842049  0.23178922E+02    1.012000  0.43263938E+02
   13.78202565  0.21212980E+02    1.013000  0.40269625E+02
   13.79563081  0.20541943E+02    1.014000  0.39649562E+02
   13.80923597  0.20059253E+02    1.015000  0.39356324E+02
   13.82284113  0.19281039E+02    1.016000  0.38443134E+02
   13.83644629  0.18795443E+02    1.017000  0.38073151E+02
   13.85005145  0.18180198E+02    1.018000  0.37405506E+02
   13.86365660  0.17698080E+02    1.019000  0.36976843E+02
   13.87726176  0.16404535E+02    1.020000  0.34796337E+02
   13.89086692  0.15764392E+02    1.021000  0.33940246E+02
   13.90447208  0.15537496E+02    1.022000  0.33946266E+02
   13.91807724  0.15429319E+02    1.023000  0.34201001E+02
   13.93168240  0.15159647E+02    1.024000  0.34085734E+02
   13.94528756  0.14623606E+02    1.025000  0.33345905E+02
   13.95889272  0.13904877E+02    1.026000  0.32149561E+02
   13.97249787  0.13698311E+02    1.027000  0.32107942E+02
   13.98610303  0.12826971E+02    1.028000  0.30473830E+02
   13.99970819  0.12808576E+02    1.029000  0.30837794E+02
   14.01331335  0.13079699E+02    1.030000  0.31906842E+02
   14.02691851  0.13224913E+02    1.031000  0.32681996E+02
   14.04052367  0.13208095E+02    1.032000  0.33060817E+02
   14.05412883  0.12814857E+02    1.033000  0.32484380E+02
   14.06773398  0.12460297E+02    1.034000  0.31982187E+02
   14.08133914  0.11954787E+02    1.035000  0.31065172E+02
   14.09494430  0.11629262E+02    1.036000  0.30589409E+02
   14.10854946  0.11297525E+02    1.037000  0.30076387E+02
   14.12215462  0.11199812E+02    1.038000  0.30172717E+02
   14.13575978  0.10680605E+02    1.039000  0.29113890E+02
   14.14936494  0.10604411E+02    1.040000  0.29243710E+02
   14.16297009  0.10282201E+02    1.041000  0.28682411E+02
   14.17657525  0.10122626E+02    1.042000  0.28559450E+02
   14.19018041  0.97268032E+01    1.043000  0.27752278E+02
   14.20378557  0.93978765E+01    1.044000  0.27112904E+02
   14.21739073  0.89217108E+01    1.045000  0.26023121E+02
   14.23099589  0.87515801E+01    1.046000  0.25805420E+02
   14.24460105  0.86516425E+01    1.047000  0.25786099E+02
   14.25820620  0.84244271E+01    1.048000  0.25377016E+02
   14.27181136  0.82513750E+01    1.049000  0.25118350E+02
   14.28541652  0.80912992E+01    1.050000  0.24888583E+02
   14.29902168  0.79611901E+01    1.051000  0.24741757E+02
   14.31262684  0.79923682E+01    1.052000  0.25093030E+02
   14.32623200  0.78605864E+01    1.053000  0.24929468E+02
   14.33983716  0.79683084E+01    1.054000  0.25524715E+02
   14.35344231  0.75217287E+01    1.055000  0.24333594E+02
   14.36704747  0.76864414E+01    1.056000  0.25111098E+02
   14.38065263  0.77389781E+01    1.057000  0.25529045E+02
   14.39425779  0.79598745E+01    1.058000  0.26511073E+02
   14.40786295  0.83878676E+01    1.059000  0.28203508E+02
   14.42146811  0.88152457E+01    1.060000  0.29921099E+02
   14.43507327  0.90541408E+01    1.061000  0.31020139E+02
   14.44867842  0.92711198E+01    1.062000  0.32058602E+02
   14.46228358  0.91220588E+01    1.063000  0.31833497E+02
   14.47588874  0.87087144E+01    1.064000  0.30668215E+02
   14.48949390  0.82797442E+01    1.065000  0.29421097E+02
   14.50309906  0.79782903E+01    1.066000  0.28603846E+02
   14.51670422  0.77237166E+01    1.067000  0.27936973E+02
   14.53030938  0.75282372E+01    1.068000  0.27469522E+02
   14.54391453  0.75332331E+01    1.069000  0.27727516E+02
   14.55751969  0.77232281E+01    1.070000  0.28672641E+02
   14.57112485  0.73809144E+01    1.071000  0.27636711E+02
   14.58473001  0.72058999E+01    1.072000  0.27210742E+02
   14.59833517  0.73840630E+01    1.073000  0.28118534E+02
   14.61194033  0.71597193E+01    1.074000  0.27492109E+02
   14.62554549  0.67937059E+01    1.075000  0.26302907E+02
   14.63915064  0.67894922E+01    1.076000  0.26502686E+02
   14.65275580  0.66328233E+01    1.077000  0.26102238E+02
   14.66636096  0.64625396E+01    1.078000  0.25637805E+02
   14.67996612  0.63294827E+01    1.079000  0.25311402E+02
   14.69357128  0.61247505E+01    1.080000  0.24687620E+02
   14.70717644  0.60751222E+01    1.081000  0.24680935E+02
   14.72078160  0.58349004E+01    1.082000  0.23890715E+02
   14.73438675  0.56436414E+01    1.083000  0.23287238E+02
   14.74799191  0.55451612E+01    1.084000  0.23057370E+02
   14.76159707  0.54108299E+01    1.085000  0.22671020E+02
   14.77520223  0.52570148E+01    1.086000  0.22193863E+02
   14.78880739  0.53136089E+01    1.087000  0.22601909E+02
   14.80241255  0.53504396E+01    1.088000  0.22928863E+02
   14.81601771  0.53203012E+01    1.089000  0.22969040E+02
   14.82962286  0.52081133E+01    1.090000  0.22650459E+02
   14.84322802  0.51358029E+01    1.091000  0.22499436E+02
   14.85683318  0.50627446E+01    1.092000  0.22340510E+02
   14.87043834  0.49420928E+01    1.093000  0.21965401E+02
   14.88404350  0.48986240E+01    1.094000  0.21928113E+02
   14.89764866  0.47708969E+01    1.095000  0.21508204E+02
   14.91125382  0.46749155E+01    1.096000  0.21224291E+02
   14.92485898  0.44936905E+01    1.097000  0.20544546E+02
   14.93846413  0.44511162E+01    1.098000  0.20491570E+02
   14.95206929  0.44608300E+01    1.099000  0.20678267E+02
   14.96567445  0.44388742E+01    1.100000  0.20717769E+02
   14.97927961  0.43596697E+01    1.101000  0.20486852E+02
   14.99288477  0.42726781E+01    1.102000  0.20214052E+02
   15.00648993  0.41885972E+01    1.103000  0.19949578E+02
   15.02009509  0.41521884E+01    1.104000  0.19908323E+02
   15.03370024  0.40909177E+01    1.105000  0.19744755E+02
   15.04730540  0.40750455E+01    1.106000  0.19797847E+02
   15.06091056  0.40572483E+01    1.107000  0.19840515E+02
   15.07451572  0.40566848E+01    1.108000  0.19966874E+02
   15.08812088  0.40437078E+01    1.109000  0.20031703E+02
   15.10172604  0.40335317E+01    1.110000  0.20109670E+02
   15.11533120  0.40566005E+01    1.111000  0.20353794E+02
   15.12893635  0.40636455E+01    1.112000  0.20518478E+02
   15.14254151  0.40606717E+01    1.113000  0.20632704E+02
   15.15614667  0.40336938E+01    1.114000  0.20624009E+02
   15.16975183  0.40372718E+01    1.115000  0.20770800E+02
   15.18335699  0.39608266E+01    1.116000  0.20503571E+02
   15.19696215  0.39365569E+01    1.117000  0.20503228E+02
   15.21056731  0.39227259E+01    1.118000  0.20556041E+02
   15.22417246  0.39581277E+01    1.119000  0.20867533E+02
   15.23777762  0.39375824E+01    1.120000  0.20884540E+02
   15.25138278  0.39181671E+01    1.121000  0.20906269E+02
   15.26498794  0.40027514E+01    1.122000  0.21484986E+02
   15.27859310  0.39974944E+01    1.123000  0.21583999E+02
   15.29219826  0.40285953E+01    1.124000  0.21880145E+02
   15.30580342  0.41274512E+01    1.125000  0.22548419E+02
   15.31940857  0.41305911E+01    1.126000  0.22697039E+02
   15.33301373  0.41299535E+01    1.127000  0.22824982E+02
   15.34661889  0.40257858E+01    1.128000  0.22377410E+02
   15.36022405  0.40276025E+01    1.129000  0.22515697E+02
   15.37382921  0.39484281E+01    1.130000  0.22198754E+02
   15.38743437  0.39725003E+01    1.131000  0.22460527E+02
   15.40103953  0.39114827E+01    1.132000  0.22240026E+02
   15.41464468  0.38346167E+01    1.133000  0.21925026E+02
   15.42824984  0.37380139E+01    1.134000  0.21491656E+02
   15.44185500  0.36853779E+01    1.135000  0.21306323E+02
   15.45546016  0.34871817E+01    1.136000  0.20271477E+02
   15.46906532  0.34167350E+01    1.137000  0.19970707E+02
   15.48267048  0.33614424E+01    1.138000  0.19754510E+02
   15.50988079  0.32498694E+01    1.140000  0.19305689E+02
   15.52348595  0.31653787E+01    1.141000  0.18904523E+02
   15.53709111  0.31474674E+01    1.142000  0.18897728E+02
   15.55069627  0.31011031E+01    1.143000  0.18718052E+02
   15.56430143  0.30710369E+01    1.144000  0.18634318E+02
   15.57790659  0.30930430E+01    1.145000  0.18866290E+02
   15.59151175  0.30895105E+01    1.146000  0.18943075E+02
   15.60511690  0.30513747E+01    1.147000  0.18806366E+02
   15.61872206  0.29616855E+01    1.148000  0.18347853E+02
   15.63232722  0.29417413E+01    1.149000  0.18317926E+02
   15.64593238  0.29307868E+01    1.150000  0.18342993E+02
   15.65953754  0.28698403E+01    1.151000  0.18052886E+02
   15.67314270  0.28538413E+01    1.152000  0.18043074E+02
   15.68674786  0.28885341E+01    1.153000  0.18354350E+02
   15.70035301  0.28266544E+01    1.154000  0.18051119E+02
   15.71395817  0.27637229E+01    1.155000  0.17737199E+02
   15.72756333  0.28034242E+01    1.156000  0.18081223E+02
   15.74116849  0.27715232E+01    1.157000  0.17963682E+02
   15.75477365  0.27640506E+01    1.158000  0.18003221E+02
   15.76837881  0.26946370E+01    1.159000  0.17636870E+02
   15.78198397  0.26617348E+01    1.160000  0.17506236E+02
   15.79558912  0.26452872E+01    1.161000  0.17482253E+02
   15.80919428  0.26140077E+01    1.162000  0.17358730E+02
   15.82279944  0.26335211E+01    1.163000  0.17572130E+02
   15.83640460  0.26059341E+01    1.164000  0.17470997E+02
   15.85000976  0.25598836E+01    1.165000  0.17243735E+02
   15.86361492  0.25412167E+01    1.166000  0.17198873E+02
   15.87722008  0.25466490E+01    1.167000  0.17316692E+02
   15.89082524  0.25808924E+01    1.168000  0.17631684E+02
   15.90443039  0.25190696E+01    1.169000  0.17289510E+02
   15.91803555  0.24649763E+01    1.170000  0.16996697E+02
   15.93164071  0.24268226E+01    1.171000  0.16810857E+02
   15.94524587  0.24540096E+01    1.172000  0.17077289E+02
   15.95885103  0.24819265E+01    1.173000  0.17350555E+02
   15.97245619  0.24389991E+01    1.174000  0.17128087E+02
   15.98606135  0.24952624E+01    1.175000  0.17602619E+02
   15.99966650  0.24272830E+01    1.176000  0.17200319E+02
   16.01327166  0.24198321E+01    1.177000  0.17224537E+02
   16.02687682  0.24165339E+01    1.178000  0.17277973E+02
   16.04048198  0.23916397E+01    1.179000  0.17176102E+02
   16.05408714  0.23637647E+01    1.180000  0.17051144E+02
   16.06769230  0.23559324E+01    1.181000  0.17069629E+02
   16.08129746  0.23534630E+01    1.182000  0.17126642E+02
   16.09490261  0.23397038E+01    1.183000  0.17100981E+02
   16.10850777  0.23542205E+01    1.184000  0.17282013E+02
   16.12211293  0.23473907E+01    1.185000  0.17306588E+02
   16.13571809  0.23356542E+01    1.186000  0.17294397E+02
   16.14932325  0.23048116E+01    1.187000  0.17139379E+02
   16.16292841  0.23253586E+01    1.188000  0.17366184E+02
   16.17653357  0.23039597E+01    1.189000  0.17279703E+02
   16.19013872  0.22705416E+01    1.190000  0.17101333E+02
   16.20374388  0.22689952E+01    1.191000  0.17161902E+02
   16.21734904  0.22888927E+01    1.192000  0.17385250E+02
   16.23095420  0.22723813E+01    1.193000  0.17332162E+02
   16.24455936  0.22554238E+01    1.194000  0.17274607E+02
   16.25816452  0.22422310E+01    1.195000  0.17244926E+02
   16.27176968  0.22234605E+01    1.196000  0.17171330E+02
   16.28537483  0.22391284E+01    1.197000  0.17363596E+02
   16.29897999  0.22474329E+01    1.198000  0.17499525E+02
   16.31258515  0.22908760E+01    1.199000  0.17910705E+02
   16.32619031  0.22492649E+01    1.200000  0.17656967E+02
   16.33979547  0.22111571E+01    1.201000  0.17428192E+02
   16.35340063  0.21818401E+01    1.202000  0.17266560E+02
   16.36700579  0.21633365E+01    1.203000  0.17188981E+02
   16.39421610  0.21714423E+01    1.205000  0.17391610E+02
   16.40782126  0.21635793E+01    1.206000  0.17397495E+02
   16.42142642  0.21189374E+01    1.207000  0.17105967E+02
   16.43503158  0.21240536E+01    1.208000  0.17214873E+02
   16.44863674  0.21137484E+01    1.209000  0.17198627E+02
   16.46224190  0.21082923E+01    1.210000  0.17221335E+02
   16.47584705  0.21380609E+01    1.211000  0.17532546E+02
   16.48945221  0.20886856E+01    1.212000  0.17194136E+02
   16.50305737  0.21294673E+01    1.213000  0.17597628E+02
   16.51666253  0.21126756E+01    1.214000  0.17526105E+02
   16.53026769  0.20811326E+01    1.215000  0.17330672E+02
   16.54387285  0.20598660E+01    1.216000  0.17219134E+02
   16.55747801  0.20860190E+01    1.217000  0.17504149E+02
   16.57108316  0.20541464E+01    1.218000  0.17302079E+02
   16.58468832  0.20311471E+01    1.219000  0.17173002E+02
   16.59829348  0.20305547E+01    1.220000  0.17232621E+02
   16.61189864  0.20264020E+01    1.221000  0.17261874E+02
   16.62550380  0.20262489E+01    1.222000  0.17325061E+02
   16.63910896  0.20237400E+01    1.223000  0.17368020E+02
   16.65271412  0.20312185E+01    1.224000  0.17496850E+02
   16.67992443  0.19649941E+01    1.226000  0.17051477E+02
   16.69352959  0.19560939E+01    1.227000  0.17036502E+02
   16.70713475  0.19123052E+01    1.228000  0.16715991E+02
   16.72073991  0.18922267E+01    1.229000  0.16600704E+02
   16.73434507  0.19093959E+01    1.230000  0.16812103E+02
   16.74795023  0.18882201E+01    1.231000  0.16685749E+02
   16.76155538  0.19133978E+01    1.232000  0.16969137E+02
   16.77516054  0.18934710E+01    1.233000  0.16852679E+02
   16.78876570  0.18862828E+01    1.234000  0.16848737E+02
   16.80237086  0.18817460E+01    1.235000  0.16868104E+02
   16.81597602  0.18639328E+01    1.236000  0.16767750E+02
   16.82958118  0.18591952E+01    1.237000  0.16784305E+02
   16.84318634  0.18964047E+01    1.238000  0.17180580E+02
   16.85679150  0.19004207E+01    1.239000  0.17277449E+02
   16.87039665  0.18905346E+01    1.240000  0.17247742E+02
   16.88400181  0.18781593E+01    1.241000  0.17194616E+02
   16.89760697  0.18644865E+01    1.242000  0.17128784E+02
   16.91121213  0.18650165E+01    1.243000  0.17193012E+02
   16.92481729  0.18525131E+01    1.244000  0.17136708E+02
   16.93842245  0.18521837E+01    1.245000  0.17192611E+02
   16.95202761  0.18489565E+01    1.246000  0.17221503E+02
   16.96563276  0.18620787E+01    1.247000  0.17402991E+02
   16.97923792  0.18637472E+01    1.248000  0.17477903E+02
   16.99284308  0.18367947E+01    1.249000  0.17283608E+02
   17.00644824  0.18207622E+01    1.250000  0.17190698E+02
   17.02005340  0.18118274E+01    1.251000  0.17164006E+02
   17.03365856  0.17686033E+01    1.252000  0.16810821E+02
   17.04726372  0.18131902E+01    1.253000  0.17292335E+02
   17.06086887  0.18056670E+01    1.254000  0.17278057E+02
   17.07447403  0.17967068E+01    1.255000  0.17249503E+02
   17.08807919  0.17767413E+01    1.256000  0.17114372E+02
   17.10168435  0.17618980E+01    1.257000  0.17027471E+02
   17.11528951  0.17601992E+01    1.258000  0.17067076E+02
   17.12889467  0.17654225E+01    1.259000  0.17173911E+02
   17.14249983  0.17629191E+01    1.260000  0.17205668E+02
   17.15610498  0.17750153E+01    1.261000  0.17380218E+02
   17.16971014  0.17654479E+01    1.262000  0.17342728E+02
   17.18331530  0.17332931E+01    1.263000  0.17082025E+02
   17.19692046  0.17447117E+01    1.264000  0.17250088E+02
   17.21052562  0.17457344E+01    1.265000  0.17315762E+02
   17.22413078  0.17488725E+01    1.266000  0.17402551E+02
   17.23773594  0.17221483E+01    1.267000  0.17191437E+02
   17.25134109  0.17006939E+01    1.268000  0.17031396E+02
   17.26494625  0.17270520E+01    1.269000  0.17350324E+02
   17.27855141  0.16912317E+01    1.270000  0.17044294E+02
   17.29215657  0.16995344E+01    1.271000  0.17182061E+02
   17.30576173  0.17023413E+01    1.272000  0.17264620E+02
   17.31936689  0.16917258E+01    1.273000  0.17210804E+02
   17.33297205  0.16947972E+01    1.274000  0.17295992E+02
   17.34657720  0.16837044E+01    1.275000  0.17236375E+02
   17.36018236  0.16685412E+01    1.276000  0.17134252E+02
   17.37378752  0.16373136E+01    1.277000  0.16865688E+02
   17.38739268  0.16548439E+01    1.278000  0.17098934E+02
   17.40099784  0.16792106E+01    1.279000  0.17404152E+02
   17.41460300  0.16620169E+01    1.280000  0.17278846E+02
   17.42820816  0.16536623E+01    1.281000  0.17244621E+02
   17.44181331  0.16868087E+01    1.282000  0.17643963E+02
   17.45541847  0.16509704E+01    1.283000  0.17321642E+02
   17.46902363  0.16493269E+01    1.284000  0.17356893E+02
   17.48262879  0.16319392E+01    1.285000  0.17225852E+02
   17.49623395  0.16252052E+01    1.286000  0.17206498E+02
   17.50983911  0.16318909E+01    1.287000  0.17329221E+02
   17.52344427  0.16336239E+01    1.288000  0.17399618E+02
   17.53704942  0.15994306E+01    1.289000  0.17086333E+02
   17.55065458  0.16028441E+01    1.290000  0.17173814E+02
   17.56425974  0.16044242E+01    1.291000  0.17241809E+02
   17.57786490  0.16213146E+01    1.292000  0.17474922E+02
   17.59147006  0.16124630E+01    1.293000  0.17430838E+02
   17.60507522  0.16147672E+01    1.294000  0.17507141E+02
   17.61868038  0.15974679E+01    1.295000  0.17370427E+02
   17.63228553  0.15938524E+01    1.296000  0.17381842E+02
   17.64589069  0.16201478E+01    1.297000  0.17720173E+02
   17.65949585  0.15862717E+01    1.298000  0.17400145E+02
   17.67310101  0.31963347E+01    1.299000  0.35162992E+02
   17.68670617  0.15728843E+01    1.300000  0.17353418E+02
   17.70031133  0.15596446E+01    1.301000  0.17256985E+02
   17.71391649  0.15523055E+01    1.302000  0.17225187E+02
   17.72752164  0.15410374E+01    1.303000  0.17149198E+02
   17.74112680  0.15412791E+01    1.304000  0.17200942E+02
   17.75473196  0.15445163E+01    1.305000  0.17286228E+02
   17.76833712  0.15576256E+01    1.306000  0.17482523E+02
   17.78194228  0.15393793E+01    1.307000  0.17326725E+02
   17.79554744  0.15338812E+01    1.308000  0.17313659E+02
   17.80915260  0.15181988E+01    1.309000  0.17184965E+02
   17.82275776  0.15147280E+01    1.310000  0.17193888E+02
   17.83636291  0.15086305E+01    1.311000  0.17172691E+02
   17.84996807  0.15185320E+01    1.312000  0.17333730E+02
   17.86357323  0.15115190E+01    1.313000  0.17301787E+02
   17.87717839  0.15112913E+01    1.314000  0.17347281E+02
   17.89078355  0.15099456E+01    1.315000  0.17379892E+02
   17.90438871  0.14928084E+01    1.316000  0.17230151E+02
   17.91799387  0.15076265E+01    1.317000  0.17449167E+02
   17.93159902  0.15010363E+01    1.318000  0.17420667E+02
   17.94520418  0.14999758E+01    1.319000  0.17456099E+02
   17.95880934  0.14971718E+01    1.320000  0.17471119E+02
   17.97241450  0.14968432E+01    1.321000  0.17514925E+02
   17.98601966  0.14992520E+01    1.322000  0.17590829E+02
   17.99962482  0.15077193E+01    1.323000  0.17738163E+02
   18.01322998  0.14833428E+01    1.324000  0.17498587E+02
   18.02683513  0.14791998E+01    1.325000  0.17496793E+02
   18.04044029  0.14761575E+01    1.326000  0.17507790E+02
   18.05404545  0.14796054E+01    1.327000  0.17595775E+02
   18.06765061  0.14801334E+01    1.328000  0.17649163E+02
   18.08125577  0.14710657E+01    1.329000  0.17587860E+02
   18.09486093  0.14639108E+01    1.330000  0.17548910E+02
   18.10846609  0.14649980E+01    1.331000  0.17608570E+02
   18.12207124  0.14669123E+01    1.332000  0.17678268E+02
   18.13567640  0.14617441E+01    1.333000  0.17662507E+02
   18.14928156  0.14613763E+01    1.334000  0.17704576E+02
   18.16288672  0.14616148E+01    1.335000  0.17753985E+02
   18.17649188  0.14671027E+01    1.336000  0.17867340E+02
   18.19009704  0.14652905E+01    1.337000  0.17891906E+02
   18.20370220  0.14721625E+01    1.338000  0.18022672E+02
   18.21730735  0.14760741E+01    1.339000  0.18117539E+02
   18.23091251  0.14732744E+01    1.340000  0.18130066E+02
   18.24451767  0.14770163E+01    1.341000  0.18223123E+02
   18.25812283  0.14725517E+01    1.342000  0.18214908E+02
   18.27172799  0.14830117E+01    1.343000  0.18391494E+02
   18.28533315  0.14913068E+01    1.344000  0.18541830E+02
   18.29893831  0.14949397E+01    1.345000  0.18634580E+02
   18.31254346  0.15043932E+01    1.346000  0.18800299E+02
   18.32614862  0.15089696E+01    1.347000  0.18905517E+02
   18.33975378  0.14981683E+01    1.348000  0.18817873E+02
   18.35335894  0.15023780E+01    1.349000  0.18918567E+02
   18.36696410  0.15025764E+01    1.350000  0.18968889E+02
   18.38056926  0.15067555E+01    1.351000  0.19069603E+02
   18.39417442  0.15077821E+01    1.352000  0.19130585E+02
   18.40777957  0.15114674E+01    1.353000  0.19225450E+02
   18.42138473  0.15118041E+01    1.354000  0.19277850E+02
   18.43498989  0.15000198E+01    1.355000  0.19175324E+02
   18.44859505  0.14984175E+01    1.356000  0.19202532E+02
   18.46220021  0.14970307E+01    1.357000  0.19232406E+02
   18.47580537  0.14980847E+01    1.358000  0.19293628E+02
   18.48941053  0.14751928E+01    1.359000  0.19045758E+02
   18.50301568  0.14873151E+01    1.360000  0.19249603E+02
   18.51662084  0.14732913E+01    1.361000  0.19114991E+02
   18.53022600  0.14738350E+01    1.362000  0.19168953E+02
   18.54383116  0.15091531E+01    1.363000  0.19676340E+02
   18.55743632  0.14653648E+01    1.364000  0.19152067E+02
   18.57104148  0.14578968E+01    1.365000  0.19100862E+02
   18.58464664  0.14520438E+01    1.366000  0.19070393E+02
   18.59825179  0.14527968E+01    1.367000  0.19126522E+02
   18.61185695  0.14409583E+01    1.368000  0.19016527E+02
   18.62546211  0.14407632E+01    1.369000  0.19059808E+02
   18.63906727  0.14339875E+01    1.370000  0.19015812E+02
   18.65267243  0.14413097E+01    1.371000  0.19158784E+02
   18.66627759  0.14497120E+01    1.372000  0.19316613E+02
   18.67988275  0.14121165E+01    1.373000  0.18860618E+02
   18.69348790  0.13996541E+01    1.374000  0.18738715E+02
   18.70709306  0.14348486E+02    1.375000  0.19255570E+03
   18.72069822  0.14006297E+01    1.376000  0.18840933E+02
   18.73430338  0.14052476E+01    1.377000  0.18947778E+02
   18.74790854  0.13865728E+01    1.378000  0.18740106E+02
   18.76151370  0.13745736E+01    1.379000  0.18621682E+02
   18.77511886  0.13941358E+01    1.380000  0.18931067E+02
   18.78872402  0.13872257E+01    1.381000  0.18881386E+02
   18.80232917  0.13776801E+01    1.382000  0.18795310E+02
   18.81593433  0.13737366E+01    1.383000  0.18785233E+02
   18.82953949  0.13730297E+01    1.384000  0.18819267E+02
   18.84314465  0.13674441E+01    1.385000  0.18786231E+02
   18.85674981  0.13576488E+01    1.386000  0.18694872E+02
   18.87035497  0.13587083E+01    1.387000  0.18752705E+02
   18.88396013  0.13568392E+01    1.388000  0.18770093E+02
   18.89756528  0.13552874E+01    1.389000  0.18791762E+02
   18.91117044  0.13565850E+01    1.390000  0.18852930E+02
   18.92477560  0.13582603E+01    1.391000  0.18919443E+02
   18.93838076  0.13532021E+01    1.392000  0.18892056E+02
   18.95198592  0.13516493E+01    1.393000  0.18913396E+02
   18.96559108  0.13455253E+01    1.394000  0.18870529E+02
   18.97919624  0.13450871E+01    1.395000  0.18907195E+02
   18.99280139  0.13419294E+01    1.396000  0.18905518E+02
   19.00640655  0.13455396E+01    1.397000  0.18999206E+02
   19.02001171  0.13355563E+01    1.398000  0.18900748E+02
   19.03361687  0.13370013E+01    1.399000  0.18963750E+02
   19.04722203  0.13431203E+01    1.400000  0.19093289E+02
   19.06082719  0.13366665E+01    1.401000  0.19044087E+02
   19.07443235  0.13356743E+01    1.402000  0.19072462E+02
   19.08803750  0.13154580E+01    1.403000  0.18825656E+02
   19.10164266  0.13301213E+01    1.404000  0.19077839E+02
   19.11524782  0.13330073E+01    1.405000  0.19161659E+02
   19.12885298  0.13246815E+01    1.406000  0.19084139E+02
   19.14245814  0.13156558E+01    1.407000  0.18995983E+02
   19.15606330  0.13029464E+01    1.408000  0.18853949E+02
   19.16966846  0.13515087E+01    1.409000  0.19599673E+02
   19.18327361  0.13160737E+01    1.410000  0.19127680E+02
   19.19687877  0.13058793E+01    1.411000  0.19021078E+02
   19.21048393  0.13043401E+01    1.412000  0.19040173E+02
   19.22408909  0.13009110E+01    1.413000  0.19031521E+02
   19.23769425  0.12936689E+01    1.414000  0.18966748E+02
   19.25129941  0.12951652E+01    1.415000  0.19029907E+02
   19.26490457  0.12957106E+01    1.416000  0.19079161E+02
   19.27850972  0.12956164E+01    1.417000  0.19119010E+02
   19.29211488  0.12984120E+01    1.418000  0.19201589E+02
   19.30572004  0.12978459E+01    1.419000  0.19234524E+02
   19.31932520  0.13014341E+01    1.420000  0.19329124E+02
   19.33293036  0.12907502E+01    1.421000  0.19211527E+02
   19.34653552  0.12965732E+01    1.422000  0.19339463E+02
   19.36014068  0.12973263E+01    1.423000  0.19391987E+02
   19.37374583  0.12934046E+01    1.424000  0.19374532E+02
   19.38735099  0.12925101E+01    1.425000  0.19402270E+02
   19.40095615  0.12905043E+01    1.426000  0.19413235E+02
   19.41456131  0.21741166E+01    1.427000  0.32774734E+02
   19.42816647  0.12926678E+01    1.428000  0.19528066E+02
   19.44177163  0.12882769E+01    1.429000  0.19502735E+02
   19.45537679  0.12900268E+01    1.430000  0.19570285E+02
   19.46898194  0.12928182E+01    1.431000  0.19653779E+02
   19.48258710  0.19007046E+01    1.432000  0.28955531E+02
   19.49619226  0.12901260E+01    1.433000  0.19694975E+02
   19.50979742  0.12812203E+01    1.434000  0.19599800E+02
   19.52340258  0.13183346E+01    1.435000  0.20209524E+02
   19.53700774  0.12890845E+01    1.436000  0.19802161E+02
   19.55061290  0.12896681E+01    1.437000  0.19852172E+02
   19.56421805  0.12779023E+01    1.438000  0.19711731E+02
   19.57782321  0.12848478E+01    1.439000  0.19859760E+02
   19.59142837  0.12799611E+01    1.440000  0.19824964E+02
   19.99958313  0.26572520E+01    1.470000  0.43694660E+02
   24.99947891  0.97305210E+00    1.837500  0.27381868E+02
   29.99937469  0.77345012E+00    2.205000  0.30811795E+02
   34.99927048  0.63604745E+00    2.572500  0.32777724E+02
   39.99916626  0.52201390E+00    2.940000  0.33006987E+02
   44.99906204  0.42857198E+00    3.307500  0.32111496E+02
   49.99895782  0.35581983E+00    3.675000  0.30822310E+02
   54.99885361  0.29995151E+00    4.042500  0.29491232E+02
   59.99874939  0.25616922E+00    4.410000  0.28182875E+02
   64.99864517  0.22110786E+00    4.777500  0.26911760E+02
   69.99854095  0.19254275E+00    5.145000  0.25687110E+02
   74.99843674  0.16911906E+00    5.512500  0.24540282E+02
   79.99833252  0.14963525E+00    5.880000  0.23463282E+02
   84.99822830  0.13330040E+00    6.247500  0.22461092E+02
   89.99812408  0.11948442E+00    6.615000  0.21530668E+02
   94.99801987  0.10772208E+00    6.982500  0.20671121E+02
   99.99791565  0.97608458E-01    7.350000  0.19872078E+02
  104.99781143  0.88870683E-01    7.717500  0.19132645E+02
  109.99770721  0.81274211E-01    8.085000  0.18447863E+02
  114.99760300  0.74627595E-01    8.452500  0.17812086E+02
  119.99749878  0.68780576E-01    8.820000  0.17221023E+02
  124.99739456  0.63614062E-01    9.187500  0.16671521E+02
  129.99729034  0.59027015E-01    9.555000  0.16159798E+02
  134.99718613  0.54935524E-01    9.922500  0.15682233E+02
