       eV          sigma            Ry          om               in 10^-16                                                                       
   13.26777923  0.00000000E+00    0.975202  0.00000000E+00
   13.27863479  0.10524945E+02    0.976000  0.48127275E+01
   13.30584510  0.15725635E+02    0.978000  0.79058525E+01
   13.31945026  0.20435172E+02    0.979000  0.10738082E+02
   13.33305542  0.24481490E+02    0.980000  0.13420865E+02
   13.34666058  0.29667521E+02    0.981000  0.16938332E+02
   13.36026574  0.31778343E+02    0.982000  0.18865930E+02
   13.37387090  0.35311843E+02    0.983000  0.21766451E+02
   13.38747605  0.41654776E+02    0.984000  0.26623255E+02
   13.40108121  0.48691265E+02    0.985000  0.32227507E+02
   13.41468637  0.55152690E+02    0.986000  0.37758000E+02
   13.42829153  0.57960342E+02    0.987000  0.40997812E+02
   13.44189669  0.60916773E+02    0.988000  0.44473902E+02
   13.45550185  0.66154024E+02    0.989000  0.49801440E+02
   13.46910701  0.67000104E+02    0.990000  0.51961557E+02
   13.48271216  0.67657143E+02    0.991000  0.54009237E+02
   13.49631732  0.68746794E+02    0.992000  0.56441970E+02
   13.50992248  0.69984475E+02    0.993000  0.59049148E+02
   13.52352764  0.71206884E+02    0.994000  0.61699367E+02
   13.53713280  0.72823602E+02    0.995000  0.64755792E+02
   13.55073796  0.75299065E+02    0.996000  0.68668857E+02
   13.56434312  0.77549674E+02    0.997000  0.72484309E+02
   13.57794827  0.10690288E+03    0.998000  0.10235056E+03
   13.59155343  0.10415043E+03    0.999000  0.10208307E+03
   13.60515859  0.10677638E+03    1.000000  0.10708435E+03
   13.61876375  0.11083618E+03    1.001000  0.11367561E+03
   13.63236891  0.10863208E+03    1.002000  0.11388469E+03
   13.64597407  0.11099937E+03    1.003000  0.11888990E+03
   13.65957923  0.11219137E+03    1.004000  0.12271719E+03
   13.67318438  0.11559382E+03    1.005000  0.12906676E+03
   13.70039470  0.12421471E+03    1.007000  0.14434025E+03
   13.71399986  0.12587398E+03    1.008000  0.14912997E+03
   13.75481534  0.14821316E+03    1.011000  0.18570488E+03
   13.76842049  0.14710701E+03    1.012000  0.18766325E+03
   13.78202565  0.14699133E+03    1.013000  0.19085737E+03
   13.79563081  0.15324907E+03    1.014000  0.20246655E+03
   13.80923597  0.15439201E+03    1.015000  0.20748650E+03
   13.82284113  0.15474019E+03    1.016000  0.21147228E+03
   13.83644629  0.15738013E+03    1.017000  0.21865797E+03
   13.85005145  0.15944252E+03    1.018000  0.22514814E+03
   13.86365660  0.16161716E+03    1.019000  0.23189315E+03
   13.87726176  0.16340317E+03    1.020000  0.23817058E+03
   13.89086692  0.16562189E+03    1.021000  0.24516974E+03
   13.90447208  0.18055520E+03    1.022000  0.27138023E+03
   13.91807724  0.18116817E+03    1.023000  0.27642022E+03
   13.93168240  0.18240825E+03    1.024000  0.28245916E+03
   13.94528756  0.18346582E+03    1.025000  0.28826771E+03
   13.95889272  0.18434493E+03    1.026000  0.29383990E+03
   13.97249787  0.18522040E+03    1.027000  0.29944616E+03
   13.98610303  0.18674645E+03    1.028000  0.30615882E+03
   13.99970819  0.18643064E+03    1.029000  0.30987938E+03
   14.01331335  0.18808979E+03    1.030000  0.31691321E+03
   14.02691851  0.18606518E+03    1.031000  0.31773194E+03
   14.04052367  0.18487944E+03    1.032000  0.31991016E+03
   14.05412883  0.18455390E+03    1.033000  0.32354250E+03
   14.06773398  0.18462554E+03    1.034000  0.32786538E+03
   14.08133914  0.18487385E+03    1.035000  0.33250925E+03
   14.09494430  0.18602351E+03    1.036000  0.33880606E+03
   14.10854946  0.18559021E+03    1.037000  0.34223609E+03
   14.12215462  0.18578418E+03    1.038000  0.34681740E+03
   14.13575978  0.18633567E+03    1.039000  0.35208305E+03
   14.14936494  0.18673772E+03    1.040000  0.35708802E+03
   14.16297009  0.18739481E+03    1.041000  0.36260476E+03
   14.17657525  0.18770179E+03    1.042000  0.36746598E+03
   14.19018041  0.18744745E+03    1.043000  0.37122949E+03
   14.20378557  0.18660181E+03    1.044000  0.37379694E+03
   14.21739073  0.18770437E+03    1.045000  0.38027283E+03
   14.23099589  0.18772076E+03    1.046000  0.38457369E+03
   14.24460105  0.18757524E+03    1.047000  0.38853989E+03
   14.25820620  0.18741433E+03    1.048000  0.39246727E+03
   14.27181136  0.18700814E+03    1.049000  0.39586809E+03
   14.28541652  0.18654464E+03    1.050000  0.39912783E+03
   14.29902168  0.18632254E+03    1.051000  0.40288848E+03
   14.31262684  0.18613306E+03    1.052000  0.40671031E+03
   14.32623200  0.18613928E+03    1.053000  0.41095559E+03
   14.33983716  0.18671959E+03    1.054000  0.41648168E+03
   14.35344231  0.18573947E+03    1.055000  0.41851810E+03
   14.36704747  0.18645573E+03    1.056000  0.42437090E+03
   14.38065263  0.18614359E+03    1.057000  0.42789226E+03
   14.39425779  0.18719478E+03    1.058000  0.43456434E+03
   14.40786295  0.18692770E+03    1.059000  0.43819393E+03
   14.42146811  0.18658639E+03    1.060000  0.44163569E+03
   14.43507327  0.18643005E+03    1.061000  0.44550394E+03
   14.44867842  0.18561096E+03    1.062000  0.44776626E+03
   14.46228358  0.18553233E+03    1.063000  0.45179448E+03
   14.47588874  0.18494505E+03    1.064000  0.45456890E+03
   14.48949390  0.18401672E+03    1.065000  0.45647064E+03
   14.50309906  0.18349198E+03    1.066000  0.45934048E+03
   14.51670422  0.18321935E+03    1.067000  0.46282329E+03
   14.53030938  0.18268347E+03    1.068000  0.46562276E+03
   14.54391453  0.18164156E+03    1.069000  0.46709659E+03
   14.55751969  0.18072179E+03    1.070000  0.46883988E+03
   14.57112485  0.18052560E+03    1.071000  0.47243500E+03
   14.58473001  0.18001797E+03    1.072000  0.47519906E+03
   14.59833517  0.18015876E+03    1.073000  0.47966643E+03
   14.61194033  0.17978920E+03    1.074000  0.48276982E+03
   14.62554549  0.17916781E+03    1.075000  0.48517446E+03
   14.63915064  0.17873515E+03    1.076000  0.48806621E+03
   14.65275580  0.17833551E+03    1.077000  0.49102919E+03
   14.66636096  0.17785822E+03    1.078000  0.49375844E+03
   14.67996612  0.17741087E+03    1.079000  0.49654981E+03
   14.69357128  0.17738759E+03    1.080000  0.50051736E+03
   14.70717644  0.17720413E+03    1.081000  0.50402828E+03
   14.72078160  0.17695345E+03    1.082000  0.50733811E+03
   14.73438675  0.17639646E+03    1.083000  0.50975137E+03
   14.74799191  0.17589575E+03    1.084000  0.51230322E+03
   14.76159707  0.17542313E+03    1.085000  0.51491476E+03
   14.77520223  0.17464228E+03    1.086000  0.51659308E+03
   14.78880739  0.17435514E+03    1.087000  0.51970751E+03
   14.80241255  0.17397055E+03    1.088000  0.52251618E+03
   14.81601771  0.17350672E+03    1.089000  0.52506758E+03
   14.82962286  0.17314280E+03    1.090000  0.52790250E+03
   14.84322802  0.17264381E+03    1.091000  0.53030600E+03
   14.85683318  0.17226934E+03    1.092000  0.53307213E+03
   14.87043834  0.17229356E+03    1.093000  0.53706398E+03
   14.88404350  0.17166169E+03    1.094000  0.53899691E+03
   14.89764866  0.17115199E+03    1.095000  0.54128749E+03
   14.91125382  0.17077790E+03    1.096000  0.54398684E+03
   14.92485898  0.17031484E+03    1.097000  0.54638376E+03
   14.93846413  0.16991470E+03    1.098000  0.54896292E+03
   14.95206929  0.16937946E+03    1.099000  0.55108434E+03
   14.96567445  0.16871282E+03    1.100000  0.55275089E+03
   14.97927961  0.16823683E+03    1.101000  0.55501613E+03
   14.99288477  0.16761760E+03    1.102000  0.55678388E+03
   15.00648993  0.16696660E+03    1.103000  0.55841724E+03
   15.02009509  0.16643630E+03    1.104000  0.56042741E+03
   15.03370024  0.16591666E+03    1.105000  0.56244964E+03
   15.04730540  0.16525912E+03    1.106000  0.56397758E+03
   15.06091056  0.16461273E+03    1.107000  0.56551398E+03
   15.07451572  0.16435851E+03    1.108000  0.56837715E+03
   15.08812088  0.16385370E+03    1.109000  0.57035647E+03
   15.10172604  0.16347163E+03    1.110000  0.57274291E+03
   15.11533120  0.16298431E+03    1.111000  0.57474081E+03
   15.12893635  0.16241896E+03    1.112000  0.57643961E+03
   15.14254151  0.16200639E+03    1.113000  0.57865839E+03
   15.15614667  0.16154626E+03    1.114000  0.58068750E+03
   15.16975183  0.16098998E+03    1.115000  0.58234785E+03
   15.18335699  0.16034291E+03    1.116000  0.58365243E+03
   15.19696215  0.15982347E+03    1.117000  0.58539509E+03
   15.21056731  0.15928606E+03    1.118000  0.58704791E+03
   15.22417246  0.15881138E+03    1.119000  0.58890888E+03
   15.23777762  0.15828817E+03    1.120000  0.59056721E+03
   15.25138278  0.15773856E+03    1.121000  0.59210268E+03
   15.26498794  0.15714066E+03    1.122000  0.59343078E+03
   15.27859310  0.15669686E+03    1.123000  0.59531715E+03
   15.29219826  0.15627567E+03    1.124000  0.59726972E+03
   15.30580342  0.15573121E+03    1.125000  0.59872927E+03
   15.31940857  0.15477142E+03    1.126000  0.59855779E+03
   15.33301373  0.15448951E+03    1.127000  0.60097969E+03
   15.34661889  0.15397772E+03    1.128000  0.60248932E+03
   15.36022405  0.15343903E+03    1.129000  0.60386978E+03
   15.37382921  0.15272385E+03    1.130000  0.60452715E+03
   15.38743437  0.15220565E+03    1.131000  0.60593623E+03
   15.40103953  0.15161773E+03    1.132000  0.60704254E+03
   15.41464468  0.15108857E+03    1.133000  0.60835876E+03
   15.42824984  0.15042814E+03    1.134000  0.60911936E+03
   15.44185500  0.14984455E+03    1.135000  0.61016286E+03
   15.45546016  0.14918757E+03    1.136000  0.61087926E+03
   15.46906532  0.14867475E+03    1.137000  0.61215938E+03
   15.48267048  0.14798541E+03    1.138000  0.61268538E+03
   15.50988079  0.14701511E+03    1.140000  0.61535266E+03
   15.52348595  0.14646424E+03    1.141000  0.61637661E+03
   15.53709111  0.14590735E+03    1.142000  0.61735005E+03
   15.55069627  0.14540396E+03    1.143000  0.61852577E+03
   15.56430143  0.14487454E+03    1.144000  0.61956729E+03
   15.57790659  0.14445193E+03    1.145000  0.62104391E+03
   15.59151175  0.14393203E+03    1.146000  0.62208086E+03
   15.60511690  0.14344511E+03    1.147000  0.62323746E+03
   15.61872206  0.14284265E+03    1.148000  0.62386727E+03
   15.63232722  0.14217410E+03    1.149000  0.62417958E+03
   15.64593238  0.14184551E+03    1.150000  0.62596167E+03
   15.65953754  0.14148390E+03    1.151000  0.62758238E+03
   15.67314270  0.14107876E+03    1.152000  0.62899257E+03
   15.68674786  0.14059114E+03    1.153000  0.63001476E+03
   15.70035301  0.14014060E+03    1.154000  0.63118177E+03
   15.71395817  0.13967681E+03    1.155000  0.63226832E+03
   15.72756333  0.13913388E+03    1.156000  0.63297372E+03
   15.74116849  0.13871075E+03    1.157000  0.63420217E+03
   15.75477365  0.13827442E+03    1.158000  0.63535076E+03
   15.76837881  0.13781667E+03    1.159000  0.63638056E+03
   15.78198397  0.13734204E+03    1.160000  0.63731125E+03
   15.79558912  0.13687571E+03    1.161000  0.63825906E+03
   15.80919428  0.13609257E+03    1.162000  0.63770118E+03
   15.82279944  0.13585428E+03    1.163000  0.63967313E+03
   15.83640460  0.13520021E+03    1.164000  0.63966706E+03
   15.85000976  0.13508880E+03    1.165000  0.64221105E+03
   15.86361492  0.13456160E+03    1.166000  0.64276385E+03
   15.87722008  0.13417966E+03    1.167000  0.64398986E+03
   15.89082524  0.13371008E+03    1.168000  0.64477593E+03
   15.90443039  0.13327134E+03    1.169000  0.64569001E+03
   15.91803555  0.13282664E+03    1.170000  0.64655517E+03
   15.93164071  0.13223985E+03    1.171000  0.64670518E+03
   15.94524587  0.13172910E+03    1.172000  0.64720217E+03
   15.95885103  0.13134233E+03    1.173000  0.64828781E+03
   15.97245619  0.13088695E+03    1.174000  0.64901572E+03
   15.98606135  0.13042419E+03    1.175000  0.64968615E+03
   15.99966650  0.12999126E+03    1.176000  0.65048479E+03
   16.01327166  0.12936635E+03    1.177000  0.65029872E+03
   16.02687682  0.12900594E+03    1.178000  0.65141983E+03
   16.04048198  0.12863610E+03    1.179000  0.65247674E+03
   16.05408714  0.12820245E+03    1.180000  0.65319166E+03
   16.06769230  0.12784411E+03    1.181000  0.65427232E+03
   16.08129746  0.12739992E+03    1.182000  0.65489542E+03
   16.09490261  0.12697869E+03    1.183000  0.65561682E+03
   16.10850777  0.12651889E+03    1.184000  0.65611906E+03
   16.12211293  0.12610555E+03    1.185000  0.65684240E+03
   16.13571809  0.12570693E+03    1.186000  0.65762394E+03
   16.14932325  0.12523395E+03    1.187000  0.65799662E+03
   16.16292841  0.12483109E+03    1.188000  0.65871784E+03
   16.17653357  0.12440008E+03    1.189000  0.65927159E+03
   16.19013872  0.12400744E+03    1.190000  0.66000991E+03
   16.20374388  0.12349490E+03    1.191000  0.66008955E+03
   16.21734904  0.12314890E+03    1.192000  0.66103980E+03
   16.23095420  0.12273181E+03    1.193000  0.66159112E+03
   16.24455936  0.12229336E+03    1.194000  0.66200787E+03
   16.25816452  0.12187383E+03    1.195000  0.66250750E+03
   16.27176968  0.12146127E+03    1.196000  0.66302615E+03
   16.28537483  0.12107933E+03    1.197000  0.66369382E+03
   16.29897999  0.12067207E+03    1.198000  0.66420482E+03
   16.31258515  0.12024195E+03    1.199000  0.66457094E+03
   16.32619031  0.11988915E+03    1.200000  0.66534659E+03
   16.33979547  0.11948156E+03    1.201000  0.66580088E+03
   16.35340063  0.11909213E+03    1.202000  0.66633824E+03
   16.36700579  0.11870091E+03    1.203000  0.66684787E+03
   16.39421610  0.11796954E+03    1.205000  0.66810293E+03
   16.40782126  0.11755909E+03    1.206000  0.66845097E+03
   16.42142642  0.11715886E+03    1.207000  0.66883874E+03
   16.43503158  0.11674922E+03    1.208000  0.66915434E+03
   16.44863674  0.11631641E+03    1.209000  0.66931804E+03
   16.46224190  0.11583692E+03    1.210000  0.66919232E+03
   16.47584705  0.11550078E+03    1.211000  0.66987623E+03
   16.48945221  0.11514472E+03    1.212000  0.67042886E+03
   16.50305737  0.11473771E+03    1.213000  0.67066751E+03
   16.51666253  0.11439367E+03    1.214000  0.67125712E+03
   16.53026769  0.11399517E+03    1.215000  0.67151035E+03
   16.54387285  0.11354184E+03    1.216000  0.67142117E+03
   16.55747801  0.11306961E+03    1.217000  0.67119916E+03
   16.57108316  0.11268284E+03    1.218000  0.67146498E+03
   16.58468832  0.11226986E+03    1.219000  0.67155639E+03
   16.59829348  0.11199913E+03    1.220000  0.67248320E+03
   16.61189864  0.11163632E+03    1.221000  0.67284272E+03
   16.62550380  0.11127747E+03    1.222000  0.67320966E+03
   16.63910896  0.11089596E+03    1.223000  0.67342268E+03
   16.65271412  0.11051636E+03    1.224000  0.67363001E+03
   16.67992443  0.10987693E+03    1.226000  0.67472837E+03
   16.69352959  0.10936195E+03    1.227000  0.67405222E+03
   16.70713475  0.10885421E+03    1.228000  0.67339748E+03
   16.72073991  0.10843752E+03    1.229000  0.67328494E+03
   16.73434507  0.10802374E+03    1.230000  0.67317161E+03
   16.74795023  0.10767173E+03    1.231000  0.67342579E+03
   16.76155538  0.10726541E+03    1.232000  0.67332305E+03
   16.77516054  0.10690465E+03    1.233000  0.67348892E+03
   16.78876570  0.10653648E+03    1.234000  0.67359149E+03
   16.80237086  0.10620526E+03    1.235000  0.67391177E+03
   16.81597602  0.10586787E+03    1.236000  0.67417770E+03
   16.82958118  0.10549590E+03    1.237000  0.67420725E+03
   16.84318634  0.10517108E+03    1.238000  0.67452234E+03
   16.85679150  0.10480768E+03    1.239000  0.67457437E+03
   16.87039665  0.10447091E+03    1.240000  0.67478185E+03
   16.88400181  0.10423243E+03    1.241000  0.67561111E+03
   16.89760697  0.10391063E+03    1.242000  0.67588758E+03
   16.91121213  0.10356322E+03    1.243000  0.67598225E+03
   16.92481729  0.10321417E+03    1.244000  0.67605037E+03
   16.93842245  0.10289865E+03    1.245000  0.67632307E+03
   16.95202761  0.10256995E+03    1.246000  0.67649441E+03
   16.96563276  0.10224071E+03    1.247000  0.67664726E+03
   16.97923792  0.10190981E+03    1.248000  0.67677415E+03
   16.99284308  0.10158693E+03    1.249000  0.67693939E+03
   17.00644824  0.10122152E+03    1.250000  0.67680559E+03
   17.02005340  0.10094128E+03    1.251000  0.67722657E+03
   17.03365856  0.10057627E+03    1.252000  0.67706421E+03
   17.04726372  0.10028649E+03    1.253000  0.67739335E+03
   17.06086887  0.10000615E+03    1.254000  0.67777331E+03
   17.07447403  0.99690749E+02    1.255000  0.67790212E+03
   17.08807919  0.99392158E+02    1.256000  0.67813126E+03
   17.10168435  0.99078909E+02    1.257000  0.67824649E+03
   17.11528951  0.98784680E+02    1.258000  0.67847811E+03
   17.12889467  0.98477747E+02    1.259000  0.67860881E+03
   17.14249983  0.98211252E+02    1.260000  0.67900513E+03
   17.15610498  0.97888535E+02    1.261000  0.67899935E+03
   17.16971014  0.97615738E+02    1.262000  0.67932630E+03
   17.18331530  0.97278652E+02    1.263000  0.67919199E+03
   17.19692046  0.96954419E+02    1.264000  0.67913238E+03
   17.21052562  0.96653643E+02    1.265000  0.67922287E+03
   17.22413078  0.96370974E+02    1.266000  0.67942734E+03
   17.23773594  0.96043653E+02    1.267000  0.67930314E+03
   17.25134109  0.95736474E+02    1.268000  0.67930698E+03
   17.26494625  0.95481434E+02    1.269000  0.67966799E+03
   17.27855141  0.95132505E+02    1.270000  0.67934694E+03
   17.29215657  0.94877091E+02    1.271000  0.67967995E+03
   17.30576173  0.94543728E+02    1.272000  0.67944116E+03
   17.31936689  0.94316259E+02    1.273000  0.67995063E+03
   17.33297205  0.93963404E+02    1.274000  0.67954297E+03
   17.34657720  0.93606356E+02    1.275000  0.67908885E+03
   17.36018236  0.93346555E+02    1.276000  0.67932620E+03
   17.37378752  0.93068804E+02    1.277000  0.67942070E+03
   17.38739268  0.92754034E+02    1.278000  0.67923149E+03
   17.40099784  0.92456568E+02    1.279000  0.67915507E+03
   17.41460300  0.92236536E+02    1.280000  0.67963569E+03
   17.42820816  0.91998132E+02    1.281000  0.67997052E+03
   17.44181331  0.91672137E+02    1.282000  0.67964512E+03
   17.45541847  0.91393303E+02    1.283000  0.67965562E+03
   17.46902363  0.91096537E+02    1.284000  0.67951967E+03
   17.48262879  0.90841745E+02    1.285000  0.67968429E+03
   17.49623395  0.90550628E+02    1.286000  0.67956471E+03
   17.50983911  0.90291617E+02    1.287000  0.67967357E+03
   17.52344427  0.90011364E+02    1.288000  0.67961027E+03
   17.53704942  0.89654404E+02    1.289000  0.67895333E+03
   17.55065458  0.89411219E+02    1.290000  0.67914436E+03
   17.56425974  0.89140717E+02    1.291000  0.67911622E+03
   17.57786490  0.88855434E+02    1.292000  0.67896284E+03
   17.59147006  0.88597471E+02    1.293000  0.67900586E+03
   17.60507522  0.88316354E+02    1.294000  0.67885918E+03
   17.61868038  0.88047921E+02    1.295000  0.67879750E+03
   17.63228553  0.87781813E+02    1.296000  0.67874160E+03
   17.64589069  0.87506896E+02    1.297000  0.67860528E+03
   17.65949585  0.87254047E+02    1.298000  0.67862810E+03
   17.67310101  0.85557440E+02    1.299000  0.66737761E+03
   17.68670617  0.86740398E+02    1.300000  0.67857705E+03
   17.70031133  0.86478684E+02    1.301000  0.67849564E+03
   17.71391649  0.86210204E+02    1.302000  0.67834910E+03
   17.72752164  0.85949066E+02    1.303000  0.67824829E+03
   17.74112680  0.85705771E+02    1.304000  0.67827681E+03
   17.75473196  0.85474493E+02    1.305000  0.67838965E+03
   17.76833712  0.85232965E+02    1.306000  0.67841039E+03
   17.78194228  0.85027187E+02    1.307000  0.67870551E+03
   17.79554744  0.84758901E+02    1.308000  0.67849090E+03
   17.80915260  0.84548832E+02    1.309000  0.67873144E+03
   17.82275776  0.84284898E+02    1.310000  0.67852879E+03
   17.83636291  0.84002919E+02    1.311000  0.67816846E+03
   17.84996807  0.83774570E+02    1.312000  0.67822950E+03
   17.86357323  0.83553778E+02    1.313000  0.67834150E+03
   17.87717839  0.83378353E+02    1.314000  0.67881281E+03
   17.89078355  0.83114700E+02    1.315000  0.67855585E+03
   17.90438871  0.82890703E+02    1.316000  0.67861155E+03
   17.91799387  0.82675682E+02    1.317000  0.67873076E+03
   17.93159902  0.82440698E+02    1.318000  0.67867585E+03
   17.94520418  0.82216743E+02    1.319000  0.67870130E+03
   17.95880934  0.81988703E+02    1.320000  0.67868276E+03
   17.97241450  0.81705812E+02    1.321000  0.67819855E+03
   17.98601966  0.81441213E+02    1.322000  0.67785373E+03
   17.99962482  0.81222330E+02    1.323000  0.67787843E+03
   18.01322998  0.80922284E+02    1.324000  0.67721394E+03
   18.02683513  0.80667770E+02    1.325000  0.67691789E+03
   18.04044029  0.80423094E+02    1.326000  0.67669305E+03
   18.05404545  0.80171819E+02    1.327000  0.67640140E+03
   18.06765061  0.79972936E+02    1.328000  0.67654155E+03
   18.08125577  0.79700041E+02    1.329000  0.67604486E+03
   18.09486093  0.79445141E+02    1.330000  0.67568881E+03
   18.10846609  0.79206033E+02    1.331000  0.67545584E+03
   18.12207124  0.78995092E+02    1.332000  0.67545284E+03
   18.13567640  0.78773174E+02    1.333000  0.67534615E+03
   18.14928156  0.78553285E+02    1.334000  0.67524680E+03
   18.16288672  0.78335611E+02    1.335000  0.67515655E+03
   18.17649188  0.78120520E+02    1.336000  0.67507872E+03
   18.19009704  0.77917526E+02    1.337000  0.67509592E+03
   18.20370220  0.77620489E+02    1.338000  0.67428695E+03
   18.21730735  0.77440067E+02    1.339000  0.67448015E+03
   18.23091251  0.77266179E+02    1.340000  0.67472220E+03
   18.24451767  0.77005419E+02    1.341000  0.67419577E+03
   18.25812283  0.76783406E+02    1.342000  0.67399760E+03
   18.27172799  0.76557074E+02    1.343000  0.67375133E+03
   18.28533315  0.76297267E+02    1.344000  0.67319940E+03
   18.29893831  0.76111045E+02    1.345000  0.67328660E+03
   18.31254346  0.75893393E+02    1.346000  0.67308659E+03
   18.32614862  0.75670911E+02    1.347000  0.67283373E+03
   18.33975378  0.75455770E+02    1.348000  0.67263620E+03
   18.35335894  0.75252790E+02    1.349000  0.67253757E+03
   18.36696410  0.75026910E+02    1.350000  0.67222453E+03
   18.38056926  0.74805572E+02    1.351000  0.67194202E+03
   18.39417442  0.74600827E+02    1.352000  0.67179887E+03
   18.40777957  0.74402889E+02    1.353000  0.67170786E+03
   18.42138473  0.74229625E+02    1.354000  0.67183117E+03
   18.43498989  0.74025614E+02    1.355000  0.67166762E+03
   18.44859505  0.73850060E+02    1.356000  0.67175365E+03
   18.46220021  0.73638762E+02    1.357000  0.67150575E+03
   18.47580537  0.73462414E+02    1.358000  0.67156774E+03
   18.48941053  0.73277187E+02    1.359000  0.67154034E+03
   18.50301568  0.73060344E+02    1.360000  0.67121406E+03
   18.51662084  0.72904277E+02    1.361000  0.67143766E+03
   18.53022600  0.72737278E+02    1.362000  0.67155323E+03
   18.54383116  0.72560404E+02    1.363000  0.67156981E+03
   18.55743632  0.72384826E+02    1.364000  0.67159038E+03
   18.57104148  0.72193210E+02    1.365000  0.67145379E+03
   18.58464664  0.71995954E+02    1.366000  0.67125591E+03
   18.59825179  0.71813985E+02    1.367000  0.67119194E+03
   18.61185695  0.71617229E+02    1.368000  0.67098115E+03
   18.62546211  0.71440370E+02    1.369000  0.67094828E+03
   18.63906727  0.71257901E+02    1.370000  0.67085456E+03
   18.65267243  0.71067952E+02    1.371000  0.67068195E+03
   18.66627759  0.70915261E+02    1.372000  0.67085316E+03
   18.67988275  0.70750044E+02    1.373000  0.67089865E+03
   18.69348790  0.70571950E+02    1.374000  0.67081423E+03
   18.70709306  0.72722481E+02    1.375000  0.69290915E+03
   18.72069822  0.70192800E+02    1.376000  0.67040178E+03
   18.73430338  0.70015721E+02    1.377000  0.67030226E+03
   18.74790854  0.69828999E+02    1.378000  0.67010215E+03
   18.76151370  0.69646936E+02    1.379000  0.66993837E+03
   18.77511886  0.69418026E+02    1.380000  0.66931462E+03
   18.78872402  0.69277184E+02    1.381000  0.66953159E+03
   18.80232917  0.69101128E+02    1.382000  0.66940104E+03
   18.81593433  0.68943505E+02    1.383000  0.66944146E+03
   18.82953949  0.68739542E+02    1.384000  0.66902371E+03
   18.84314465  0.68549559E+02    1.385000  0.66873306E+03
   18.85674981  0.68378114E+02    1.386000  0.66861504E+03
   18.87035497  0.68241730E+02    1.387000  0.66883285E+03
   18.88396013  0.68034198E+02    1.388000  0.66834553E+03
   18.89756528  0.67851884E+02    1.389000  0.66809709E+03
   18.91117044  0.67698519E+02    1.390000  0.66812605E+03
   18.92477560  0.67524438E+02    1.391000  0.66794312E+03
   18.93838076  0.67329683E+02    1.392000  0.66754730E+03
   18.95198592  0.67138132E+02    1.393000  0.66717446E+03
   18.96559108  0.66979038E+02    1.394000  0.66711619E+03
   18.97919624  0.66788614E+02    1.395000  0.66673793E+03
   18.99280139  0.66614430E+02    1.396000  0.66651349E+03
   19.00640655  0.66421213E+02    1.397000  0.66609027E+03
   19.02001171  0.66253691E+02    1.398000  0.66591652E+03
   19.03361687  0.66093453E+02    1.399000  0.66580854E+03
   19.04722203  0.65935910E+02    1.400000  0.66572048E+03
   19.06082719  0.65755549E+02    1.401000  0.66539435E+03
   19.07443235  0.65591218E+02    1.402000  0.66522260E+03
   19.08803750  0.65432268E+02    1.403000  0.66509807E+03
   19.10164266  0.65246864E+02    1.404000  0.66469682E+03
   19.11524782  0.65095523E+02    1.405000  0.66463493E+03
   19.12885298  0.64950141E+02    1.406000  0.66462713E+03
   19.14245814  0.64765518E+02    1.407000  0.66421029E+03
   19.15606330  0.64565239E+02    1.408000  0.66362413E+03
   19.16966846  0.64420135E+02    1.409000  0.66359722E+03
   19.18327361  0.64301185E+02    1.410000  0.66383373E+03
   19.19687877  0.64136528E+02    1.411000  0.66359192E+03
   19.21048393  0.63960186E+02    1.412000  0.66322146E+03
   19.22408909  0.63826186E+02    1.413000  0.66328300E+03
   19.23769425  0.63660999E+02    1.414000  0.66301364E+03
   19.25129941  0.63507766E+02    1.415000  0.66286154E+03
   19.26490457  0.63354109E+02    1.416000  0.66269804E+03
   19.27850972  0.63176924E+02    1.417000  0.66228091E+03
   19.29211488  0.63039313E+02    1.418000  0.66227147E+03
   19.30572004  0.62899326E+02    1.419000  0.66223077E+03
   19.31932520  0.62778495E+02    1.420000  0.66238581E+03
   19.33293036  0.62602789E+02    1.421000  0.66195512E+03
   19.34653552  0.62446781E+02    1.422000  0.66172517E+03
   19.36014068  0.62281232E+02    1.423000  0.66138681E+03
   19.37374583  0.62119200E+02    1.424000  0.66107835E+03
   19.38735099  0.61944745E+02    1.425000  0.66063004E+03
   19.40095615  0.61806951E+02    1.426000  0.66056561E+03
   19.41456131  0.61449033E+02    1.427000  0.65813732E+03
   19.42816647  0.61540883E+02    1.428000  0.66052013E+03
   19.44177163  0.61399388E+02    1.429000  0.66039731E+03
   19.45537679  0.61243605E+02    1.430000  0.66011406E+03
   19.46898194  0.61088979E+02    1.431000  0.65983622E+03
   19.48258710  0.60994812E+02    1.432000  0.66020575E+03
   19.49619226  0.60787701E+02    1.433000  0.65934594E+03
   19.50979742  0.60637222E+02    1.434000  0.65909226E+03
   19.52340258  0.60633457E+02    1.435000  0.66042978E+03
   19.53700774  0.60393760E+02    1.436000  0.65919195E+03
   19.55061290  0.60266745E+02    1.437000  0.65917570E+03
   19.56421805  0.60108196E+02    1.438000  0.65880804E+03
   19.57782321  0.59991798E+02    1.439000  0.65889613E+03
   19.59142837  0.59872396E+02    1.440000  0.65894587E+03
   19.99958313  0.62070029E+02    1.470000  0.72546563E+03
   24.99947891  0.28883179E+02    1.837500  0.57889390E+03
   29.99937469  0.18161799E+02    2.205000  0.51574670E+03
   34.99927048  0.12516246E+02    2.572500  0.45999801E+03
   39.99916626  0.91132387E+01    2.940000  0.41106917E+03
   44.99906204  0.68544921E+01    3.307500  0.36645180E+03
   49.99895782  0.52653268E+01    3.675000  0.32548299E+03
   54.99885361  0.41219888E+01    4.042500  0.28924421E+03
   59.99874939  0.32774958E+01    4.410000  0.25736789E+03
   64.99864517  0.26410175E+01    4.777500  0.22945295E+03
   69.99854095  0.21528971E+01    5.145000  0.20503170E+03
   74.99843674  0.17729757E+01    5.512500  0.18366254E+03
   79.99833252  0.14737766E+01    5.880000  0.16498152E+03
   84.99822830  0.12353508E+01    6.247500  0.14861204E+03
   89.99812408  0.10434060E+01    6.615000  0.13423857E+03
   94.99801987  0.88754517E+00    6.982500  0.12160163E+03
   99.99791565  0.75988668E+00    7.350000  0.11045993E+03
  104.99781143  0.65449499E+00    7.717500  0.10060794E+03
  109.99770721  0.56686571E+00    8.085000  0.91873720E+02
  114.99760300  0.49355713E+00    8.452500  0.84115908E+02
  119.99749878  0.43181110E+00    8.820000  0.77200330E+02
  124.99739456  0.37951062E+00    9.187500  0.71020624E+02
  129.99729034  0.33496994E+00    9.555000  0.65483986E+02
  134.99718613  0.29688162E+00    9.922500  0.60518387E+02
