       eV          sigma            Ry          om               in 10^-16                                                                       
   13.19303956  0.00000000E+00    0.969709  0.00000000E+00
   13.19700383  0.71616133E-01    0.970000  0.24707966E-01
   13.21060899  0.15900833E+00    0.971000  0.57027699E-01
   13.22421415  0.27652033E+00    0.972000  0.10294475E+00
   13.23781931  0.42016006E+00    0.973000  0.16215101E+00
   13.25142447  0.70444642E+00    0.974000  0.28147365E+00
   13.26502963  0.92535903E+00    0.975000  0.38236533E+00
   13.27863479  0.11962630E+01    0.976000  0.51062237E+00
   13.30584510  0.11678259E+01    0.978000  0.53034329E+00
   13.31945026  0.90128671E+00    0.979000  0.42159408E+00
   13.33305542  0.93815191E+00    0.980000  0.45163524E+00
   13.34666058  0.91247814E+00    0.981000  0.45172220E+00
   13.36026574  0.99068571E+00    0.982000  0.50395219E+00
   13.37387090  0.90596618E+00    0.983000  0.47321392E+00
   13.38747605  0.69004233E+00    0.984000  0.36984272E+00
   13.40108121  0.62555720E+00    0.985000  0.34381340E+00
   13.41468637  0.10404903E+01    0.986000  0.58605810E+00
   13.42829153  0.49821274E+00    0.987000  0.28741506E+00
   13.44189669  0.61910766E+00    0.988000  0.36560327E+00
   13.45550185  0.10178615E+01    0.989000  0.61496448E+00
   13.46910701  0.66430320E+00    0.990000  0.41041542E+00
   13.48271216  0.66603280E+00    0.991000  0.42056894E+00
   13.49631732  0.79587470E+00    0.992000  0.51341414E+00
   13.50992248  0.64719106E+00    0.993000  0.42632713E+00
   13.52352764  0.71468525E+00    0.994000  0.48053647E+00
   13.53713280  0.58394821E+00    0.995000  0.40059744E+00
   13.55073796  0.54159666E+00    0.996000  0.37893122E+00
   13.56434312  0.56160228E+00    0.997000  0.40058874E+00
   13.57794827  0.56909785E+00    0.998000  0.41369802E+00
   13.59155343  0.57186496E+00    0.999000  0.42350999E+00
   13.60515859  0.58049649E+00    1.000000  0.43782050E+00
   13.61876375  0.67605591E+00    1.001000  0.51911474E+00
   13.63236891  0.72690520E+00    1.002000  0.56807503E+00
   13.64597407  0.71885926E+00    1.003000  0.57159266E+00
   13.65957923  0.88127142E+00    1.004000  0.71275371E+00
   13.67318438  0.76918507E+00    1.005000  0.63259262E+00
   13.70039470  0.47519455E+00    1.007000  0.40377283E+00
   13.71399986  0.48195087E+00    1.008000  0.41608768E+00
   13.75481534  0.96236516E+00    1.011000  0.87022987E+00
   13.76842049  0.75475750E+00    1.012000  0.69279342E+00
   13.78202565  0.62614216E+00    1.013000  0.58327797E+00
   13.79563081  0.72979306E+00    1.014000  0.68978784E+00
   13.80923597  0.53873920E+00    1.015000  0.51655563E+00
   13.82284113  0.37537434E+00    1.016000  0.36503787E+00
   13.83644629  0.42053437E+00    1.017000  0.41469061E+00
   13.85005145  0.45709548E+00    1.018000  0.45697862E+00
   13.86365660  0.43092349E+00    1.019000  0.43669129E+00
   13.87726176  0.43043696E+00    1.020000  0.44206958E+00
   13.89086692  0.44817277E+00    1.021000  0.46639795E+00
   13.90447208  0.42324038E+00    1.022000  0.44622483E+00
   13.91807724  0.37630732E+00    1.023000  0.40187601E+00
   13.93168240  0.32549087E+00    1.024000  0.35204659E+00
   13.94528756  0.34792819E+00    1.025000  0.38106038E+00
   13.95889272  0.37185793E+00    1.026000  0.41234116E+00
   13.97249787  0.37665727E+00    1.027000  0.42280075E+00
   13.98610303  0.39300400E+00    1.028000  0.44651081E+00
   13.99970819  0.41050688E+00    1.029000  0.47199615E+00
   14.01331335  0.43222434E+00    1.030000  0.50286235E+00
   14.02691851  0.40832043E+00    1.031000  0.48062150E+00
   14.04052367  0.33645254E+00    1.032000  0.40061734E+00
   14.05412883  0.31329275E+00    1.033000  0.37731419E+00
   14.06773398  0.28481484E+00    1.034000  0.34690180E+00
   14.08133914  0.28107484E+00    1.035000  0.34618049E+00
   14.09494430  0.26175235E+00    1.036000  0.32595271E+00
   14.10854946  0.24144305E+00    1.037000  0.30395550E+00
   14.12215462  0.21146115E+00    1.038000  0.26909535E+00
   14.13575978  0.20973484E+00    1.039000  0.26975939E+00
   14.14936494  0.22592770E+00    1.040000  0.29366827E+00
   14.16297009  0.25142777E+00    1.041000  0.33024367E+00
   14.17657525  0.22141997E+00    1.042000  0.29384948E+00
   14.19018041  0.22871749E+00    1.043000  0.30665392E+00
   14.20378557  0.17388439E+00    1.044000  0.23550806E+00
   14.21739073  0.17500847E+00    1.045000  0.23941769E+00
   14.23099589  0.16861100E+00    1.046000  0.23296565E+00
   14.24460105  0.14878575E+00    1.047000  0.20760309E+00
   14.25820620  0.16094937E+00    1.048000  0.22677059E+00
   14.27181136  0.16115923E+00    1.049000  0.22926455E+00
   14.28541652  0.15425506E+00    1.050000  0.22154680E+00
   14.29902168  0.14197441E+00    1.051000  0.20584547E+00
   14.31262684  0.15297492E+00    1.052000  0.22388150E+00
   14.32623200  0.17932590E+00    1.053000  0.26489269E+00
   14.33983716  0.20921934E+00    1.054000  0.31190386E+00
   14.35344231  0.16525643E+00    1.055000  0.24861819E+00
   14.36704747  0.16099251E+00    1.056000  0.24439938E+00
   14.38065263  0.16171822E+00    1.057000  0.24770697E+00
   14.39425779  0.15527788E+00    1.058000  0.23996022E+00
   14.40786295  0.15416535E+00    1.059000  0.24034384E+00
   14.42146811  0.18583657E+00    1.060000  0.29225416E+00
   14.43507327  0.17310865E+00    1.061000  0.27459899E+00
   14.44867842  0.18562377E+00    1.062000  0.29698347E+00
   14.46228358  0.18656627E+00    1.063000  0.30103624E+00
   14.47588874  0.16050325E+00    1.064000  0.26117127E+00
   14.48949390  0.18732795E+00    1.065000  0.30737571E+00
   14.50309906  0.18905743E+00    1.066000  0.31279232E+00
   14.51670422  0.21107297E+00    1.067000  0.35209579E+00
   14.53030938  0.20313880E+00    1.068000  0.34163150E+00
   14.54391453  0.21747560E+00    1.069000  0.36870907E+00
   14.55751969  0.23286746E+00    1.070000  0.39798090E+00
   14.57112485  0.24342539E+00    1.071000  0.41934528E+00
   14.58473001  0.25109084E+00    1.072000  0.43597542E+00
   14.59833517  0.24227691E+00    1.073000  0.42397631E+00
   14.61194033  0.25429556E+00    1.074000  0.44847723E+00
   14.62554549  0.27342849E+00    1.075000  0.48594986E+00
   14.63915064  0.26001522E+00    1.076000  0.46565789E+00
   14.65275580  0.26512254E+00    1.077000  0.47842089E+00
   14.66636096  0.27068678E+00    1.078000  0.49215399E+00
   14.67996612  0.25404996E+00    1.079000  0.46537079E+00
   14.69357128  0.26558443E+00    1.080000  0.49012241E+00
   14.70717644  0.25915966E+00    1.081000  0.48180087E+00
   14.72078160  0.25718684E+00    1.082000  0.48164134E+00
   14.73438675  0.25188215E+00    1.083000  0.47514287E+00
   14.74799191  0.25575482E+00    1.084000  0.48593675E+00
   14.76159707  0.21729107E+00    1.085000  0.41581917E+00
   14.77520223  0.20728417E+00    1.086000  0.39949690E+00
   14.78880739  0.20579331E+00    1.087000  0.39943069E+00
   14.80241255  0.20355513E+00    1.088000  0.39786309E+00
   14.81601771  0.19710277E+00    1.089000  0.38794005E+00
   14.82962286  0.16983582E+00    1.090000  0.33658954E+00
   14.84322802  0.16310882E+00    1.091000  0.32548249E+00
   14.85683318  0.16577021E+00    1.092000  0.33305444E+00
   14.87043834  0.14642304E+00    1.093000  0.29618067E+00
   14.88404350  0.14492856E+00    1.094000  0.29513456E+00
   14.89764866  0.13623714E+00    1.095000  0.27929355E+00
   14.91125382  0.13410769E+00    1.096000  0.27675735E+00
   14.92485898  0.13780592E+00    1.097000  0.28626909E+00
   14.93846413  0.13437610E+00    1.098000  0.28097714E+00
   14.95206929  0.12848811E+00    1.099000  0.27041813E+00
   14.96567445  0.12553122E+00    1.100000  0.26590731E+00
   14.97927961  0.12989772E+00    1.101000  0.27692853E+00
   14.99288477  0.13054139E+00    1.102000  0.28008141E+00
   15.00648993  0.12570052E+00    1.103000  0.27140974E+00
   15.02009509  0.12634393E+00    1.104000  0.27452237E+00
   15.03370024  0.12497145E+00    1.105000  0.27324487E+00
   15.04730540  0.14123423E+00    1.106000  0.31072926E+00
   15.06091056  0.12868499E+00    1.107000  0.28487500E+00
   15.07451572  0.12504780E+00    1.108000  0.27852890E+00
   15.08812088  0.12796860E+00    1.109000  0.28678019E+00
   15.10172604  0.12833818E+00    1.110000  0.28935899E+00
   15.11533120  0.13087365E+00    1.111000  0.29686079E+00
   15.12893635  0.13490239E+00    1.112000  0.30783930E+00
   15.14254151  0.13061055E+00    1.113000  0.29982717E+00
   15.15614667  0.12820613E+00    1.114000  0.29605640E+00
   15.16975183  0.12933043E+00    1.115000  0.30041678E+00
   15.18335699  0.12441742E+00    1.116000  0.29070164E+00
   15.19696215  0.12854702E+00    1.117000  0.30210389E+00
   15.21056731  0.12661941E+00    1.118000  0.29930086E+00
   15.22417246  0.12502371E+00    1.119000  0.29723435E+00
   15.23777762  0.12675354E+00    1.120000  0.30307586E+00
   15.25138278  0.12431987E+00    1.121000  0.29895256E+00
   15.26498794  0.12998703E+00    1.122000  0.31435349E+00
   15.27859310  0.13008705E+00    1.123000  0.31636981E+00
   15.29219826  0.13047352E+00    1.124000  0.31908940E+00
   15.30580342  0.13879053E+00    1.125000  0.34132286E+00
   15.31940857  0.13421340E+00    1.126000  0.33189719E+00
   15.33301373  0.13144055E+00    1.127000  0.32683311E+00
   15.34661889  0.12922527E+00    1.128000  0.32308738E+00
   15.36022405  0.12831807E+00    1.129000  0.32256953E+00
   15.37382921  0.11811517E+00    1.130000  0.29853232E+00
   15.38743437  0.12704311E+00    1.131000  0.32283032E+00
   15.40103953  0.12814419E+00    1.132000  0.32737624E+00
   15.41464468  0.12200988E+00    1.133000  0.31336888E+00
   15.42824984  0.11527095E+00    1.134000  0.29763302E+00
   15.44185500  0.11200480E+00    1.135000  0.29072750E+00
   15.45546016  0.11503015E+00    1.136000  0.30014937E+00
   15.46906532  0.10892981E+00    1.137000  0.28571755E+00
   15.48267048  0.11129646E+00    1.138000  0.29344326E+00
   15.50988079  0.10700136E+00    1.140000  0.28503794E+00
   15.52348595  0.10877154E+00    1.141000  0.29123716E+00
   15.53709111  0.10941980E+00    1.142000  0.29446541E+00
   15.55069627  0.10782475E+00    1.143000  0.29164364E+00
   15.56430143  0.10497846E+00    1.144000  0.28537697E+00
   15.57790659  0.11080388E+00    1.145000  0.30272440E+00
   15.59151175  0.11361748E+00    1.146000  0.31196115E+00
   15.60511690  0.12034799E+00    1.147000  0.33208279E+00
   15.61872206  0.11329633E+00    1.148000  0.31417018E+00
   15.63232722  0.11097813E+00    1.149000  0.30925559E+00
   15.64593238  0.11566944E+00    1.150000  0.32390634E+00
   15.65953754  0.11403296E+00    1.151000  0.32087921E+00
   15.67314270  0.11598544E+00    1.152000  0.32795541E+00
   15.68674786  0.11520509E+00    1.153000  0.32732038E+00
   15.70035301  0.11201405E+00    1.154000  0.31978192E+00
   15.71395817  0.10578973E+00    1.155000  0.30345550E+00
   15.72756333  0.10940872E+00    1.156000  0.31532888E+00
   15.74116849  0.10354319E+00    1.157000  0.29983609E+00
   15.75477365  0.10531921E+00    1.158000  0.30641560E+00
   15.76837881  0.11050251E+00    1.159000  0.32300321E+00
   15.78198397  0.10919173E+00    1.160000  0.32066116E+00
   15.79558912  0.10844436E+00    1.161000  0.31994560E+00
   15.80919428  0.10226944E+00    1.162000  0.30312260E+00
   15.82279944  0.10535566E+00    1.163000  0.31370711E+00
   15.83640460  0.10430728E+00    1.164000  0.31200825E+00
   15.85000976  0.10323262E+00    1.165000  0.31020183E+00
   15.86361492  0.10065861E+00    1.166000  0.30384026E+00
   15.87722008  0.98802578E-01    1.167000  0.29958548E+00
   15.89082524  0.96917365E-01    1.168000  0.29519120E+00
   15.90443039  0.97555011E-01    1.169000  0.29846403E+00
   15.91803555  0.99777349E-01    1.170000  0.30662415E+00
   15.93164071  0.95710030E-01    1.171000  0.29543046E+00
   15.94524587  0.98605179E-01    1.172000  0.30571200E+00
   15.95885103  0.99305376E-01    1.173000  0.30923743E+00
   15.97245619  0.93639013E-01    1.174000  0.29286962E+00
   15.98606135  0.90035701E-01    1.175000  0.28282786E+00
   15.99966650  0.91949545E-01    1.176000  0.29009402E+00
   16.01327166  0.91228134E-01    1.177000  0.28906241E+00
   16.02687682  0.86808539E-01    1.178000  0.27624273E+00
   16.04048198  0.81541972E-01    1.179000  0.26059569E+00
   16.05408714  0.86179181E-01    1.180000  0.27659102E+00
   16.06769230  0.83608400E-01    1.181000  0.26948058E+00
   16.08129746  0.83474374E-01    1.182000  0.27018722E+00
   16.09490261  0.79158002E-01    1.183000  0.25729587E+00
   16.10850777  0.79721200E-01    1.184000  0.26021392E+00
   16.12211293  0.78773468E-01    1.185000  0.25819498E+00
   16.13571809  0.74971443E-01    1.186000  0.24675576E+00
   16.14932325  0.72164002E-01    1.187000  0.23849989E+00
   16.16292841  0.71281269E-01    1.188000  0.23655479E+00
   16.17653357  0.69629277E-01    1.189000  0.23202224E+00
   16.19013872  0.66919503E-01    1.190000  0.22390540E+00
   16.20374388  0.68537008E-01    1.191000  0.23025227E+00
   16.21734904  0.65925013E-01    1.192000  0.22237643E+00
   16.23095420  0.63552743E-01    1.193000  0.21524124E+00
   16.24455936  0.64188183E-01    1.194000  0.21826891E+00
   16.25816452  0.65457050E-01    1.195000  0.22347649E+00
   16.27176968  0.69523483E-01    1.196000  0.23830800E+00
   16.28537483  0.68873717E-01    1.197000  0.23702024E+00
   16.29897999  0.68816720E-01    1.198000  0.23776278E+00
   16.31258515  0.66387491E-01    1.199000  0.23027531E+00
   16.32619031  0.66955048E-01    1.200000  0.23315726E+00
   16.33979547  0.70791441E-01    1.201000  0.24748234E+00
   16.35340063  0.72853846E-01    1.202000  0.25568613E+00
   16.36700579  0.73100401E-01    1.203000  0.25754855E+00
   16.39421610  0.78093795E-01    1.205000  0.27727182E+00
   16.40782126  0.78199717E-01    1.206000  0.27871457E+00
   16.42142642  0.81881151E-01    1.207000  0.29295260E+00
   16.43503158  0.83470052E-01    1.208000  0.29977590E+00
   16.44863674  0.86213551E-01    1.209000  0.31080494E+00
   16.46224190  0.87955927E-01    1.210000  0.31828606E+00
   16.47584705  0.88313971E-01    1.211000  0.32078635E+00
   16.48945221  0.89573051E-01    1.212000  0.32658157E+00
   16.50305737  0.89563799E-01    1.213000  0.32776952E+00
   16.51666253  0.89875215E-01    1.214000  0.33013512E+00
   16.53026769  0.91857652E-01    1.215000  0.33867010E+00
   16.54387285  0.94188155E-01    1.216000  0.34854720E+00
   16.55747801  0.93321503E-01    1.217000  0.34661306E+00
   16.57108316  0.94067381E-01    1.218000  0.35066650E+00
   16.58468832  0.92773981E-01    1.219000  0.34711041E+00
   16.59829348  0.94439745E-01    1.220000  0.35463100E+00
   16.61189864  0.95670767E-01    1.221000  0.36055860E+00
   16.62550380  0.93265092E-01    1.222000  0.35276440E+00
   16.63910896  0.90678939E-01    1.223000  0.34421947E+00
   16.65271412  0.89945733E-01    1.224000  0.34266310E+00
   16.67992443  0.91252244E-01    1.226000  0.35012990E+00
   16.69352959  0.87705494E-01    1.227000  0.33771755E+00
   16.70713475  0.88006476E-01    1.228000  0.34007695E+00
   16.72073991  0.87830796E-01    1.229000  0.34059613E+00
   16.73434507  0.81936425E-01    1.230000  0.31885619E+00
   16.74795023  0.81997595E-01    1.231000  0.32021271E+00
   16.76155538  0.78717629E-01    1.232000  0.30847770E+00
   16.77516054  0.80360413E-01    1.233000  0.31601157E+00
   16.78876570  0.81555510E-01    1.234000  0.32182365E+00
   16.80237086  0.79158455E-01    1.235000  0.31344446E+00
   16.81597602  0.81474080E-01    1.236000  0.32372500E+00
   16.82958118  0.79678922E-01    1.237000  0.31767906E+00
   16.84318634  0.80701410E-01    1.238000  0.32285651E+00
   16.85679150  0.78787823E-01    1.239000  0.31627565E+00
   16.87039665  0.75646346E-01    1.240000  0.30469676E+00
   16.88400181  0.75875962E-01    1.241000  0.30665661E+00
   16.89760697  0.78016562E-01    1.242000  0.31637213E+00
   16.91121213  0.74101644E-01    1.243000  0.30150716E+00
   16.92481729  0.74332948E-01    1.244000  0.30346223E+00
   16.93842245  0.72681895E-01    1.245000  0.29771326E+00
   16.95202761  0.70952409E-01    1.246000  0.29159691E+00
   16.96563276  0.71779910E-01    1.247000  0.29597684E+00
   16.97923792  0.70772818E-01    1.248000  0.29278957E+00
   16.99284308  0.71975673E-01    1.249000  0.29874760E+00
   17.00644824  0.70462863E-01    1.250000  0.29342956E+00
   17.02005340  0.70285628E-01    1.251000  0.29365022E+00
   17.03365856  0.70660143E-01    1.252000  0.29617876E+00
   17.04726372  0.70608188E-01    1.253000  0.29692411E+00
   17.06086887  0.68849696E-01    1.254000  0.29046837E+00
   17.07447403  0.68370615E-01    1.255000  0.28937979E+00
   17.08807919  0.68323916E-01    1.256000  0.29011410E+00
   17.10168435  0.67877943E-01    1.257000  0.28914631E+00
   17.11528951  0.71028497E-01    1.258000  0.30353589E+00
   17.12889467  0.72290336E-01    1.259000  0.30991435E+00
   17.14249983  0.69143837E-01    1.260000  0.29736821E+00
   17.15610498  0.70191112E-01    1.261000  0.30282968E+00
   17.16971014  0.69893581E-01    1.262000  0.30249940E+00
   17.18331530  0.69430009E-01    1.263000  0.30144011E+00
   17.19692046  0.70220054E-01    1.264000  0.30582803E+00
   17.21052562  0.69539284E-01    1.265000  0.30381163E+00
   17.22413078  0.67387528E-01    1.266000  0.29532997E+00
   17.23773594  0.68267075E-01    1.267000  0.30011583E+00
   17.25134109  0.67673401E-01    1.268000  0.29842901E+00
   17.26494625  0.68295528E-01    1.269000  0.30210407E+00
   17.27855141  0.69353901E-01    1.270000  0.30773178E+00
   17.29215657  0.66854221E-01    1.271000  0.29755231E+00
   17.30576173  0.66836916E-01    1.272000  0.29838697E+00
   17.31936689  0.66965231E-01    1.273000  0.29987325E+00
   17.33297205  0.66261732E-01    1.274000  0.29762679E+00
   17.34657720  0.65520504E-01    1.275000  0.29519115E+00
   17.36018236  0.66891139E-01    1.276000  0.30227873E+00
   17.37378752  0.65459177E-01    1.277000  0.29670063E+00
   17.38739268  0.62538332E-01    1.278000  0.28431464E+00
   17.40099784  0.64280683E-01    1.279000  0.29311261E+00
   17.41460300  0.62956503E-01    1.280000  0.28793325E+00
   17.42820816  0.63440658E-01    1.281000  0.29101290E+00
   17.44181331  0.63027898E-01    1.282000  0.28997923E+00
   17.45541847  0.60743058E-01    1.283000  0.28029568E+00
   17.46902363  0.62274819E-01    1.284000  0.28821336E+00
   17.48262879  0.62628402E-01    1.285000  0.29070405E+00
   17.49623395  0.62526265E-01    1.286000  0.29108284E+00
   17.50983911  0.63939981E-01    1.287000  0.29853638E+00
   17.52344427  0.64542489E-01    1.288000  0.30222988E+00
   17.53704942  0.62679284E-01    1.289000  0.29436011E+00
   17.55065458  0.62934364E-01    1.290000  0.29641649E+00
   17.56425974  0.64900777E-01    1.291000  0.30656343E+00
   17.57786490  0.65550380E-01    1.292000  0.31052601E+00
   17.59147006  0.65911346E-01    1.293000  0.31313504E+00
   17.60507522  0.65899770E-01    1.294000  0.31397894E+00
   17.61868038  0.65174847E-01    1.295000  0.31141406E+00
   17.63228553  0.64438733E-01    1.296000  0.30877578E+00
   17.64589069  0.64430948E-01    1.297000  0.30961734E+00
   17.65949585  0.63548699E-01    1.298000  0.30624460E+00
   17.67310101  0.62100847E-01    1.299000  0.30011440E+00
   17.68670617  0.62327668E-01    1.300000  0.30206073E+00
   17.70031133  0.61498700E-01    1.301000  0.29888214E+00
   17.71391649  0.61684819E-01    1.302000  0.30062808E+00
   17.72752164  0.60532333E-01    1.303000  0.29583699E+00
   17.74112680  0.61608119E-01    1.304000  0.30193499E+00
   17.75473196  0.61328253E-01    1.305000  0.30139994E+00
   17.76833712  0.60896237E-01    1.306000  0.30010743E+00
   17.78194228  0.62055736E-01    1.307000  0.30666811E+00
   17.79554744  0.59703089E-01    1.308000  0.29585613E+00
   17.80915260  0.60454965E-01    1.309000  0.30040665E+00
   17.82275776  0.60269970E-01    1.310000  0.30030950E+00
   17.83636291  0.59250975E-01    1.311000  0.29604032E+00
   17.84996807  0.59978011E-01    1.312000  0.30049099E+00
   17.86357323  0.59854367E-01    1.313000  0.30068797E+00
   17.87717839  0.57880221E-01    1.314000  0.29156004E+00
   17.89078355  0.56510124E-01    1.315000  0.28542927E+00
   17.90438871  0.55598493E-01    1.316000  0.28158306E+00
   17.91799387  0.56723334E-01    1.317000  0.28805364E+00
   17.93159902  0.55205128E-01    1.318000  0.28109687E+00
   17.94520418  0.55203590E-01    1.319000  0.28184204E+00
   17.95880934  0.55136208E-01    1.320000  0.28225010E+00
   17.97241450  0.54524630E-01    1.321000  0.27986308E+00
   17.98601966  0.56155242E-01    1.322000  0.28899864E+00
   17.99962482  0.56193833E-01    1.323000  0.28996375E+00
   18.01322998  0.56698080E-01    1.324000  0.29333908E+00
   18.02683513  0.57106633E-01    1.325000  0.29623177E+00
   18.04044029  0.57351732E-01    1.326000  0.29828548E+00
   18.05404545  0.59122656E-01    1.327000  0.30830249E+00
   18.06765061  0.57680544E-01    1.328000  0.30156920E+00
   18.08125577  0.58267492E-01    1.329000  0.30543271E+00
   18.09486093  0.58297157E-01    1.330000  0.30638341E+00
   18.10846609  0.57872875E-01    1.331000  0.30494298E+00
   18.12207124  0.58931249E-01    1.332000  0.31132360E+00
   18.13567640  0.57319684E-01    1.333000  0.30359184E+00
   18.14928156  0.57260971E-01    1.334000  0.30406193E+00
   18.16288672  0.57507945E-01    1.335000  0.30615782E+00
   18.17649188  0.57381238E-01    1.336000  0.30626597E+00
   18.19009704  0.57232375E-01    1.337000  0.30625210E+00
   18.20370220  0.56358470E-01    1.338000  0.30234456E+00
   18.21730735  0.56585665E-01    1.339000  0.30433524E+00
   18.23091251  0.56320344E-01    1.340000  0.30367649E+00
   18.24451767  0.55632576E-01    1.341000  0.30072693E+00
   18.25812283  0.54291770E-01    1.342000  0.29421964E+00
   18.27172799  0.53897492E-01    1.343000  0.29281814E+00
   18.28533315  0.54913802E-01    1.344000  0.29908867E+00
   18.29893831  0.53672193E-01    1.345000  0.29305834E+00
   18.31254346  0.52787470E-01    1.346000  0.28894766E+00
   18.32614862  0.51971299E-01    1.347000  0.28518902E+00
   18.33975378  0.49195239E-01    1.348000  0.27062662E+00
   18.35335894  0.49219697E-01    1.349000  0.27143254E+00
   18.36696410  0.48566010E-01    1.350000  0.26849010E+00
   18.38056926  0.47390043E-01    1.351000  0.26263536E+00
   18.39417442  0.46381333E-01    1.352000  0.25767775E+00
   18.40777957  0.46359321E-01    1.353000  0.25818782E+00
   18.42138473  0.47428624E-01    1.354000  0.26479001E+00
   18.43498989  0.46253104E-01    1.355000  0.25885809E+00
   18.44859505  0.45861866E-01    1.356000  0.25729408E+00
   18.46220021  0.45881079E-01    1.357000  0.25802770E+00
   18.47580537  0.44780706E-01    1.358000  0.25245021E+00
   18.48941053  0.45000690E-01    1.359000  0.25430419E+00
   18.50301568  0.46061524E-01    1.360000  0.26092739E+00
   18.51662084  0.45855632E-01    1.361000  0.26038655E+00
   18.53022600  0.45468439E-01    1.362000  0.25880812E+00
   18.54383116  0.45530185E-01    1.363000  0.25978063E+00
   18.55743632  0.44484904E-01    1.364000  0.25442338E+00
   18.57104148  0.43877083E-01    1.365000  0.25154556E+00
   18.58464664  0.41751243E-01    1.366000  0.23992771E+00
   18.59825179  0.42029117E-01    1.367000  0.24209783E+00
   18.61185695  0.43205759E-01    1.368000  0.24946492E+00
   18.62546211  0.42745799E-01    1.369000  0.24739223E+00
   18.63906727  0.42937203E-01    1.370000  0.24908567E+00
   18.65267243  0.43911622E-01    1.371000  0.25533740E+00
   18.66627759  0.42916513E-01    1.372000  0.25013644E+00
   18.67988275  0.42051326E-01    1.373000  0.24566734E+00
   18.69348790  0.42299694E-01    1.374000  0.24769531E+00
   18.70709306  0.40943658E-01    1.375000  0.24031323E+00
   18.72069822  0.41643957E-01    1.376000  0.24499158E+00
   18.73430338  0.41881308E-01    1.377000  0.24695919E+00
   18.74790854  0.41085264E-01    1.378000  0.24282562E+00
   18.76151370  0.42661815E-01    1.379000  0.25272541E+00
   18.77511886  0.40941250E-01    1.380000  0.24309137E+00
   18.78872402  0.40690129E-01    1.381000  0.24215535E+00
   18.80232917  0.40878733E-01    1.382000  0.24383537E+00
   18.81593433  0.39889925E-01    1.383000  0.23848140E+00
   18.82953949  0.40494656E-01    1.384000  0.24264914E+00
   18.84314465  0.39761038E-01    1.385000  0.23879556E+00
   18.85674981  0.38898633E-01    1.386000  0.23414675E+00
   18.87035497  0.38545130E-01    1.387000  0.23254464E+00
   18.88396013  0.37720659E-01    1.388000  0.22808509E+00
   18.89756528  0.37751620E-01    1.389000  0.22878725E+00
   18.91117044  0.37770180E-01    1.390000  0.22941493E+00
   18.92477560  0.36951780E-01    1.391000  0.22494803E+00
   18.93838076  0.36363006E-01    1.392000  0.22185981E+00
   18.95198592  0.36124335E-01    1.393000  0.22089637E+00
   18.96559108  0.36362431E-01    1.394000  0.22284830E+00
   18.97919624  0.35193409E-01    1.395000  0.21616396E+00
   18.99280139  0.35228533E-01    1.396000  0.21686023E+00
   19.00640655  0.36119761E-01    1.397000  0.22283915E+00
   19.02001171  0.35119655E-01    1.398000  0.21714809E+00
   19.03361687  0.34780151E-01    1.399000  0.21552332E+00
   19.04722203  0.33762104E-01    1.400000  0.20967528E+00
   19.06082719  0.34057571E-01    1.401000  0.21197480E+00
   19.07443235  0.34369719E-01    1.402000  0.21438643E+00
   19.08803750  0.34520555E-01    1.403000  0.21579817E+00
   19.10164266  0.34159585E-01    1.404000  0.21400759E+00
   19.11524782  0.33610439E-01    1.405000  0.21102568E+00
   19.12885298  0.33418773E-01    1.406000  0.21027814E+00
   19.14245814  0.32670872E-01    1.407000  0.20601783E+00
   19.15606330  0.33458373E-01    1.408000  0.21144008E+00
   19.16966846  0.32712612E-01    1.409000  0.20717346E+00
   19.18327361  0.32506004E-01    1.410000  0.20630838E+00
   19.19687877  0.31940002E-01    1.411000  0.20315176E+00
   19.21048393  0.31769173E-01    1.412000  0.20249856E+00
   19.22408909  0.31696969E-01    1.413000  0.20247069E+00
   19.23769425  0.31944129E-01    1.414000  0.20448520E+00
   19.25129941  0.31520246E-01    1.415000  0.20220173E+00
   19.26490457  0.31361157E-01    1.416000  0.20160896E+00
   19.27850972  0.31215364E-01    1.417000  0.20109750E+00
   19.29211488  0.31395585E-01    1.418000  0.20268678E+00
   19.30572004  0.30944935E-01    1.419000  0.20019953E+00
   19.31932520  0.30619016E-01    1.420000  0.19850864E+00
   19.33293036  0.30723907E-01    1.421000  0.19960775E+00
   19.34653552  0.30834201E-01    1.422000  0.20074490E+00
   19.36014068  0.30872145E-01    1.423000  0.20141304E+00
   19.37374583  0.30280782E-01    1.424000  0.19796797E+00
   19.38735099  0.30086589E-01    1.425000  0.19710878E+00
   19.40095615  0.30945321E-01    1.426000  0.20315677E+00
   19.41456131  0.38083373E+00    1.427000  0.25053772E+01
   19.42816647  0.29671361E-01    1.428000  0.19560265E+00
   19.44177163  0.29920142E-01    1.429000  0.19765081E+00
   19.45537679  0.29394965E-01    1.430000  0.19458248E+00
   19.46898194  0.30164089E-01    1.431000  0.20008521E+00
   19.48258710  0.28438167E-01    1.432000  0.18902469E+00
   19.49619226  0.30000658E-01    1.433000  0.19981958E+00
   19.50979742  0.29183953E-01    1.434000  0.19477799E+00
   19.52340258  0.29866996E-01    1.435000  0.19974412E+00
   19.53700774  0.29370441E-01    1.436000  0.19682389E+00
   19.55061290  0.29524347E-01    1.437000  0.19825800E+00
   19.56421805  0.28761250E-01    1.438000  0.19352607E+00
   19.57782321  0.28790567E-01    1.439000  0.19411605E+00
   19.59142837  0.28071283E-01    1.440000  0.18964929E+00
   19.99958313  0.63428275E+00    1.470000  0.45447634E+01
   24.99947891  0.33029024E-02    1.837500  0.40222893E-01
   29.99937469  0.12879058E-02    2.205000  0.22140245E-01
   34.99927048  0.77012765E-03    2.572500  0.17099708E-01
   39.99916626  0.59065664E-03    2.940000  0.16075651E-01
   44.99906204  0.43428372E-03    3.307500  0.13996712E-01
   49.99895782  0.34475373E-03    3.675000  0.12839409E-01
   54.99885361  0.27622763E-03    4.042500  0.11672028E-01
   59.99874939  0.22003594E-03    4.410000  0.10400648E-01
   64.99864517  0.16902699E-03    4.777500  0.88368654E-02
   69.99854095  0.13481169E-03    5.145000  0.77238520E-02
   74.99843674  0.10794623E-03    5.512500  0.67257495E-02
   79.99833252  0.86180729E-04    5.880000  0.58016285E-02
   84.99822830  0.69567132E-04    6.247500  0.50319415E-02
   89.99812408  0.56560657E-04    6.615000  0.43746847E-02
   94.99801987  0.46223181E-04    6.982500  0.38068421E-02
   99.99791565  0.38076194E-04    7.350000  0.33267437E-02
  104.99781143  0.31551404E-04    7.717500  0.29148305E-02
  109.99770721  0.26257230E-04    8.085000  0.25573593E-02
  114.99760300  0.22147010E-04    8.452500  0.22680582E-02
  119.99749878  0.18636402E-04    8.820000  0.20019610E-02
  124.99739456  0.15866679E-04    9.187500  0.17839687E-02
  129.99729034  0.13537316E-04    9.555000  0.15899274E-02
  134.99718613  0.11463761E-04    9.922500  0.14038591E-02
