       eV          sigma            Ry          om               in 10^-16                                                                       
   12.14526195  0.00000000E+00    0.892695  0.00000000E+00
   12.14940662  0.67743204E+00    0.893000  0.46722509E+00
   12.16301178  0.10107747E+01    0.894000  0.70402528E+00
   12.17661694  0.12442484E+01    0.895000  0.87513053E+00
   12.19022210  0.15236770E+01    0.896000  0.10820558E+01
   12.20382726  0.17924035E+01    0.897000  0.12851194E+01
   12.21743242  0.21423398E+01    0.898000  0.15506283E+01
   12.23103757  0.25329559E+01    0.899000  0.18506320E+01
   12.24464273  0.47630961E+01    0.900000  0.35125056E+01
   12.25824789  0.56844312E+01    0.901000  0.42307054E+01
   12.27185305  0.65647175E+01    0.902000  0.49306416E+01
   12.28545821  0.73544950E+01    0.903000  0.55739884E+01
   12.29906337  0.80308801E+01    0.904000  0.61413944E+01
   12.31266853  0.85975729E+01    0.905000  0.66333942E+01
   12.32627368  0.90750575E+01    0.906000  0.70636876E+01
   12.33987884  0.94978496E+01    0.907000  0.74575505E+01
   12.35348400  0.96294944E+01    0.908000  0.76265908E+01
   12.36708916  0.85394435E+01    0.909000  0.68215076E+01
   12.38069432  0.93933069E+01    0.910000  0.75676579E+01
   12.39429948  0.98896539E+01    0.911000  0.80349861E+01
   12.40790464  0.10122241E+02    0.912000  0.82929903E+01
   12.42150979  0.10272489E+02    0.913000  0.84861464E+01
   12.43511495  0.10400091E+02    0.914000  0.86624897E+01
   12.44872011  0.10323177E+02    0.915000  0.86688324E+01
   12.46232527  0.10423846E+02    0.916000  0.88244614E+01
   12.47593043  0.10518111E+02    0.917000  0.89759980E+01
   12.48953559  0.10579254E+02    0.918000  0.91003292E+01
   12.50314075  0.10669330E+02    0.919000  0.92505796E+01
   12.51674590  0.10759898E+02    0.920000  0.94024898E+01
   12.53035106  0.10852231E+02    0.921000  0.95571886E+01
   12.54395622  0.10947344E+02    0.922000  0.97156145E+01
   12.55756138  0.11045930E+02    0.923000  0.98784435E+01
   12.57116654  0.11148586E+02    0.924000  0.10046285E+02
   12.58477170  0.11255723E+02    0.925000  0.10219595E+02
   12.59837686  0.11367527E+02    0.926000  0.10398636E+02
   12.61198201  0.11073778E+02    0.927000  0.10205449E+02
   12.62558717  0.11175947E+02    0.928000  0.10375829E+02
   12.63919233  0.11286301E+02    0.929000  0.10555257E+02
   12.65279749  0.11412433E+02    0.930000  0.10751054E+02
   12.66640265  0.11607643E+02    0.931000  0.11014118E+02
   12.68000781  0.12019280E+02    0.932000  0.11486681E+02
   12.69361297  0.12267554E+02    0.933000  0.11807620E+02
   12.70721812  0.12221900E+02    0.934000  0.11847034E+02
   12.72082328  0.12278801E+02    0.935000  0.11985933E+02
   12.73442844  0.12387562E+02    0.936000  0.12176586E+02
   12.74803360  0.12519896E+02    0.937000  0.12392054E+02
   12.76163876  0.12665493E+02    0.938000  0.12622546E+02
   12.77524392  0.12820660E+02    0.939000  0.12864626E+02
   12.78884908  0.12959618E+02    0.940000  0.13092448E+02
   12.80245423  0.13127515E+02    0.941000  0.13351598E+02
   12.81605939  0.13293036E+02    0.942000  0.13610605E+02
   12.82966455  0.13349019E+02    0.943000  0.13758968E+02
   12.84326971  0.13094907E+02    0.944000  0.13586363E+02
   12.85687487  0.13455926E+02    0.945000  0.14052703E+02
   12.87048003  0.13828100E+02    0.946000  0.14535693E+02
   12.88408519  0.14278780E+02    0.947000  0.15106819E+02
   12.89769034  0.13582268E+02    0.948000  0.14462549E+02
   12.91129550  0.13073440E+02    0.949000  0.14009907E+02
   12.92490066  0.13310977E+02    0.950000  0.14355242E+02
   12.93850582  0.13251532E+02    0.951000  0.14381512E+02
   12.95211098  0.13166786E+02    0.952000  0.14379340E+02
   12.96571614  0.13226699E+02    0.953000  0.14534979E+02
   12.97932130  0.12961266E+02    0.954000  0.14331690E+02
   12.99292646  0.13356570E+02    0.955000  0.14859884E+02
   13.00653161  0.14522078E+02    0.956000  0.16255617E+02
   13.02013677  0.14414104E+02    0.957000  0.16233060E+02
   13.03374193  0.13086896E+02    0.958000  0.14827623E+02
   13.04734709  0.12216742E+02    0.959000  0.13925048E+02
   13.06095225  0.12292245E+02    0.960000  0.14094945E+02
   13.07455741  0.12160897E+02    0.961000  0.14027274E+02
   13.08816257  0.12200975E+02    0.962000  0.14156716E+02
   13.10176772  0.12447819E+02    0.963000  0.14528024E+02
   13.11537288  0.12867858E+02    0.964000  0.15106018E+02
   13.12897804  0.12988365E+02    0.965000  0.15336069E+02
   13.14258320  0.13097384E+02    0.966000  0.15554120E+02
   13.15618836  0.13162754E+02    0.967000  0.15721525E+02
   13.16979352  0.13203021E+02    0.968000  0.15859667E+02
   13.18339868  0.13221331E+02    0.969000  0.15971833E+02
   13.19700383  0.13223187E+02    0.970000  0.16064259E+02
   13.21060899  0.13425345E+02    0.971000  0.16401416E+02
   13.22421415  0.13460297E+02    0.972000  0.16535918E+02
   13.23781931  0.13516999E+02    0.973000  0.16697764E+02
   13.25142447  0.13611528E+02    0.974000  0.16907371E+02
   13.26502963  0.13659611E+02    0.975000  0.17060258E+02
   13.27863479  0.13785347E+02    0.976000  0.17311315E+02
   13.30584510  0.13703015E+02    0.978000  0.17394839E+02
   13.31945026  0.13652223E+02    0.979000  0.17423474E+02
   13.33305542  0.13595114E+02    0.980000  0.17443311E+02
   13.34666058  0.13523973E+02    0.981000  0.17444269E+02
   13.36026574  0.13429473E+02    0.982000  0.17413967E+02
   13.37387090  0.13388016E+02    0.983000  0.17451519E+02
   13.38747605  0.13298685E+02    0.984000  0.17425774E+02
   13.40108121  0.13253029E+02    0.985000  0.17456337E+02
   13.41468637  0.13235685E+02    0.986000  0.17523762E+02
   13.42829153  0.13276930E+02    0.987000  0.17668921E+02
   13.44189669  0.13331232E+02    0.988000  0.17832107E+02
   13.45550185  0.13345410E+02    0.989000  0.17942091E+02
   13.46910701  0.13375139E+02    0.990000  0.18073281E+02
   13.48271216  0.13398098E+02    0.991000  0.18195682E+02
   13.49631732  0.13423746E+02    0.992000  0.18322067E+02
   13.50992248  0.13427691E+02    0.993000  0.18419031E+02
   13.52352764  0.13495415E+02    0.994000  0.18603970E+02
   13.53713280  0.13582513E+02    0.995000  0.18816673E+02
   13.55073796  0.13627511E+02    0.996000  0.18971954E+02
   13.56434312  0.13691714E+02    0.997000  0.19154717E+02
   13.57794827  0.13773887E+02    0.998000  0.19363617E+02
   13.59155343  0.13810981E+02    0.999000  0.19509958E+02
   13.60515859  0.13819415E+02    1.000000  0.19616124E+02
   13.61876375  0.13884278E+02    1.001000  0.19802887E+02
   13.63236891  0.14196481E+02    1.002000  0.20345000E+02
   13.64597407  0.14430762E+02    1.003000  0.20779169E+02
   13.65957923  0.14754752E+02    1.004000  0.21346320E+02
   13.67318438  0.15132715E+02    1.005000  0.21996342E+02
   13.70039470  0.14655076E+02    1.007000  0.21501966E+02
   13.71399986  0.15051627E+02    1.008000  0.22186441E+02
   13.75481534  0.14079253E+02    1.011000  0.21041210E+02
   13.76842049  0.14203090E+02    1.012000  0.21323150E+02
   13.78202565  0.14045296E+02    1.013000  0.21182045E+02
   13.79563081  0.14303215E+02    1.014000  0.21668569E+02
   13.80923597  0.14673437E+02    1.015000  0.22329511E+02
   13.82284113  0.14721111E+02    1.016000  0.22502460E+02
   13.83644629  0.14813603E+02    1.017000  0.22744873E+02
   13.85005145  0.14821241E+02    1.018000  0.22857685E+02
   13.86365660  0.14822453E+02    1.019000  0.22960645E+02
   13.87726176  0.14867341E+02    1.020000  0.23131577E+02
   13.89086692  0.14837692E+02    1.021000  0.23186644E+02
   13.90447208  0.14928438E+02    1.022000  0.23430266E+02
   13.91807724  0.14840065E+02    1.023000  0.23392776E+02
   13.93168240  0.14759525E+02    1.024000  0.23366481E+02
   13.94528756  0.14797178E+02    1.025000  0.23527012E+02
   13.95889272  0.14868949E+02    1.026000  0.23742534E+02
   13.97249787  0.14730714E+02    1.027000  0.23622269E+02
   13.98610303  0.14691006E+02    1.028000  0.23658789E+02
   13.99970819  0.14674749E+02    1.029000  0.23732692E+02
   14.01331335  0.14596004E+02    1.030000  0.23704890E+02
   14.02691851  0.14608595E+02    1.031000  0.23824971E+02
   14.04052367  0.14683178E+02    1.032000  0.24046750E+02
   14.05412883  0.14760871E+02    1.033000  0.24274661E+02
   14.06773398  0.14782095E+02    1.034000  0.24410381E+02
   14.08133914  0.14833850E+02    1.035000  0.24597016E+02
   14.09494430  0.14829029E+02    1.036000  0.24690159E+02
   14.10854946  0.14874401E+02    1.037000  0.24867149E+02
   14.12215462  0.14822467E+02    1.038000  0.24881418E+02
   14.13575978  0.14940810E+02    1.039000  0.25181971E+02
   14.14936494  0.15058682E+02    1.040000  0.25483341E+02
   14.16297009  0.15128134E+02    1.041000  0.25704050E+02
   14.17657525  0.15222071E+02    1.042000  0.25967474E+02
   14.19018041  0.15290061E+02    1.043000  0.26187740E+02
   14.20378557  0.15344844E+02    1.044000  0.26386224E+02
   14.21739073  0.15340771E+02    1.045000  0.26483847E+02
   14.23099589  0.15413702E+02    1.046000  0.26714878E+02
   14.24460105  0.15443567E+02    1.047000  0.26871968E+02
   14.25820620  0.15500926E+02    1.048000  0.27077492E+02
   14.27181136  0.15493705E+02    1.049000  0.27170549E+02
   14.28541652  0.15550414E+02    1.050000  0.27376052E+02
   14.29902168  0.15570230E+02    1.051000  0.27517131E+02
   14.31262684  0.15551248E+02    1.052000  0.27589646E+02
   14.32623200  0.15526096E+02    1.053000  0.27650914E+02
   14.33983716  0.15539368E+02    1.054000  0.27780533E+02
   14.35344231  0.15474749E+02    1.055000  0.27770550E+02
   14.36704747  0.15472579E+02    1.056000  0.27872182E+02
   14.38065263  0.15312824E+02    1.057000  0.27688837E+02
   14.39425779  0.15177799E+02    1.058000  0.27548199E+02
   14.40786295  0.15152943E+02    1.059000  0.27606431E+02
   14.42146811  0.15214456E+02    1.060000  0.27822265E+02
   14.43507327  0.15290404E+02    1.061000  0.28065432E+02
   14.44867842  0.15429606E+02    1.062000  0.28426169E+02
   14.46228358  0.15584509E+02    1.063000  0.28817838E+02
   14.47588874  0.15643509E+02    1.064000  0.29033628E+02
   14.48949390  0.15698652E+02    1.065000  0.29243040E+02
   14.50309906  0.15735907E+02    1.066000  0.29419759E+02
   14.51670422  0.15806783E+02    1.067000  0.29660074E+02
   14.53030938  0.15843262E+02    1.068000  0.29836577E+02
   14.54391453  0.15857961E+02    1.069000  0.29972413E+02
   14.55751969  0.15832891E+02    1.070000  0.30033013E+02
   14.57112485  0.15898290E+02    1.071000  0.30265496E+02
   14.58473001  0.15934348E+02    1.072000  0.30442815E+02
   14.59833517  0.15939181E+02    1.073000  0.30560758E+02
   14.61194033  0.15975058E+02    1.074000  0.30738499E+02
   14.62554549  0.16065184E+02    1.075000  0.31021483E+02
   14.63915064  0.16013873E+02    1.076000  0.31031620E+02
   14.65275580  0.16067981E+02    1.077000  0.31246058E+02
   14.66636096  0.16077348E+02    1.078000  0.31373924E+02
   14.67996612  0.16103498E+02    1.079000  0.31534782E+02
   14.69357128  0.16141276E+02    1.080000  0.31718847E+02
   14.70717644  0.16147442E+02    1.081000  0.31841093E+02
   14.72078160  0.16167594E+02    1.082000  0.31991097E+02
   14.73438675  0.16213447E+02    1.083000  0.32192406E+02
   14.74799191  0.16240891E+02    1.084000  0.32357664E+02
   14.76159707  0.16237474E+02    1.085000  0.32461598E+02
   14.77520223  0.16241788E+02    1.086000  0.32580994E+02
   14.78880739  0.16259196E+02    1.087000  0.32726807E+02
   14.80241255  0.16139779E+02    1.088000  0.32596517E+02
   14.81601771  0.16146834E+02    1.089000  0.32720891E+02
   14.82962286  0.16092387E+02    1.090000  0.32720309E+02
   14.84322802  0.16114776E+02    1.091000  0.32875738E+02
   14.85683318  0.16075257E+02    1.092000  0.32904752E+02
   14.87043834  0.16111140E+02    1.093000  0.33088082E+02
   14.88404350  0.16112580E+02    1.094000  0.33200932E+02
   14.89764866  0.16140745E+02    1.095000  0.33369050E+02
   14.91125382  0.16156193E+02    1.096000  0.33511175E+02
   14.92485898  0.16143527E+02    1.097000  0.33595006E+02
   14.93846413  0.16149282E+02    1.098000  0.33717123E+02
   14.95206929  0.16179967E+02    1.099000  0.33891539E+02
   14.96567445  0.16187531E+02    1.100000  0.34017786E+02
   14.97927961  0.16252946E+02    1.101000  0.34266101E+02
   14.99288477  0.16254436E+02    1.102000  0.34380101E+02
   15.00648993  0.16257991E+02    1.103000  0.34498504E+02
   15.02009509  0.16309979E+02    1.104000  0.34720056E+02
   15.03370024  0.16343715E+02    1.105000  0.34903340E+02
   15.04730540  0.16388368E+02    1.106000  0.35110471E+02
   15.06091056  0.16400509E+02    1.107000  0.35248338E+02
   15.07451572  0.16427650E+02    1.108000  0.35418708E+02
   15.08812088  0.16446170E+02    1.109000  0.35570804E+02
   15.10172604  0.16452259E+02    1.110000  0.35696183E+02
   15.11533120  0.16515307E+02    1.111000  0.35945613E+02
   15.12893635  0.16516231E+02    1.112000  0.36060269E+02
   15.14254151  0.16595219E+02    1.113000  0.36345907E+02
   15.15614667  0.16591621E+02    1.114000  0.36451185E+02
   15.16975183  0.16620768E+02    1.115000  0.36628578E+02
   15.18335699  0.16637150E+02    1.116000  0.36778148E+02
   15.19696215  0.16641309E+02    1.117000  0.36900840E+02
   15.21056731  0.16665055E+02    1.118000  0.37067153E+02
   15.22417246  0.16687651E+02    1.119000  0.37231225E+02
   15.23777762  0.16705197E+02    1.120000  0.37384305E+02
   15.25138278  0.16700781E+02    1.121000  0.37488325E+02
   15.26498794  0.16730240E+02    1.122000  0.37668554E+02
   15.27859310  0.16751789E+02    1.123000  0.37831323E+02
   15.29219826  0.16726900E+02    1.124000  0.37889195E+02
   15.30580342  0.16731264E+02    1.125000  0.38013191E+02
   15.31940857  0.16673008E+02    1.126000  0.37994547E+02
   15.33301373  0.16798204E+02    1.127000  0.38394412E+02
   15.34661889  0.16841824E+02    1.128000  0.38608976E+02
   15.36022405  0.16872980E+02    1.129000  0.38795476E+02
   15.37382921  0.16881111E+02    1.130000  0.38929304E+02
   15.38743437  0.16896629E+02    1.131000  0.39080328E+02
   15.40103953  0.16930465E+02    1.132000  0.39274057E+02
   15.41464468  0.16944938E+02    1.133000  0.39423198E+02
   15.42824984  0.16959825E+02    1.134000  0.39573503E+02
   15.44185500  0.16957026E+02    1.135000  0.39682621E+02
   15.45546016  0.16979297E+02    1.136000  0.39850543E+02
   15.46906532  0.16979891E+02    1.137000  0.39967742E+02
   15.48267048  0.17005471E+02    1.138000  0.40143934E+02
   15.50988079  0.17057199E+02    1.140000  0.40498713E+02
   15.52348595  0.17097158E+02    1.141000  0.40710194E+02
   15.53709111  0.17129143E+02    1.142000  0.40903176E+02
   15.55069627  0.17119641E+02    1.143000  0.40997246E+02
   15.56430143  0.17164161E+02    1.144000  0.41220923E+02
   15.57790659  0.17187538E+02    1.145000  0.41394287E+02
   15.59151175  0.17214621E+02    1.146000  0.41576921E+02
   15.60511690  0.17232102E+02    1.147000  0.41736668E+02
   15.61872206  0.17252089E+02    1.148000  0.41902738E+02
   15.63232722  0.17259157E+02    1.149000  0.42037617E+02
   15.64593238  0.17269340E+02    1.150000  0.42180199E+02
   15.65953754  0.17277104E+02    1.151000  0.42316996E+02
   15.67314270  0.17303108E+02    1.152000  0.42498698E+02
   15.68674786  0.17329814E+02    1.153000  0.42682486E+02
   15.70035301  0.17349709E+02    1.154000  0.42849813E+02
   15.71395817  0.17328246E+02    1.155000  0.42914988E+02
   15.72756333  0.17349253E+02    1.156000  0.43085337E+02
   15.74116849  0.17373024E+02    1.157000  0.43262858E+02
   15.75477365  0.17394149E+02    1.158000  0.43434097E+02
   15.76837881  0.17417597E+02    1.159000  0.43611439E+02
   15.78198397  0.17424841E+02    1.160000  0.43748417E+02
   15.79558912  0.17435851E+02    1.161000  0.43894975E+02
   15.80919428  0.17427835E+02    1.162000  0.43993657E+02
   15.82279944  0.17408333E+02    1.163000  0.44063156E+02
   15.83640460  0.17389500E+02    1.164000  0.44134087E+02
   15.85000976  0.17405276E+02    1.165000  0.44292832E+02
   15.86361492  0.17420473E+02    1.166000  0.44450317E+02
   15.87722008  0.17432377E+02    1.167000  0.44599583E+02
   15.89082524  0.17440336E+02    1.168000  0.44738892E+02
   15.90443039  0.17438162E+02    1.169000  0.44852248E+02
   15.91803555  0.17465622E+02    1.170000  0.45041995E+02
   15.93164071  0.17452574E+02    1.171000  0.45127375E+02
   15.94524587  0.17462838E+02    1.172000  0.45273016E+02
   15.95885103  0.17487151E+02    1.173000  0.45455314E+02
   15.97245619  0.17478011E+02    1.174000  0.45550758E+02
   15.98606135  0.17456208E+02    1.175000  0.45612992E+02
   15.99966650  0.17444067E+02    1.176000  0.45700239E+02
   16.01327166  0.17470164E+02    1.177000  0.45887759E+02
   16.02687682  0.17491845E+02    1.178000  0.46064005E+02
   16.04048198  0.17498619E+02    1.179000  0.46201188E+02
   16.05408714  0.17527159E+02    1.180000  0.46396080E+02
   16.06769230  0.17519590E+02    1.181000  0.46495531E+02
   16.08129746  0.17537206E+02    1.182000  0.46661888E+02
   16.09490261  0.17518953E+02    1.183000  0.46732806E+02
   16.10850777  0.17520975E+02    1.184000  0.46857697E+02
   16.12211293  0.17535630E+02    1.185000  0.47016484E+02
   16.13571809  0.17557256E+02    1.186000  0.47194213E+02
   16.14932325  0.17579391E+02    1.187000  0.47373607E+02
   16.16292841  0.17587244E+02    1.188000  0.47514717E+02
   16.17653357  0.17600561E+02    1.189000  0.47670735E+02
   16.19013872  0.17615520E+02    1.190000  0.47831392E+02
   16.20374388  0.17631022E+02    1.191000  0.47993733E+02
   16.21734904  0.17636226E+02    1.192000  0.48128181E+02
   16.23095420  0.17623820E+02    1.193000  0.48214524E+02
   16.24455936  0.17651739E+02    1.194000  0.48411292E+02
   16.25816452  0.17670428E+02    1.195000  0.48583062E+02
   16.27176968  0.17696960E+02    1.196000  0.48776707E+02
   16.28537483  0.17727473E+02    1.197000  0.48981711E+02
   16.29897999  0.17751327E+02    1.198000  0.49168689E+02
   16.31258515  0.17779710E+02    1.199000  0.49368568E+02
   16.32619031  0.17804369E+02    1.200000  0.49558466E+02
   16.33979547  0.17849760E+02    1.201000  0.49806550E+02
   16.35340063  0.17891397E+02    1.202000  0.50044754E+02
   16.36700579  0.17926822E+02    1.203000  0.50266108E+02
   16.39421610  0.18016283E+02    1.205000  0.50762702E+02
   16.40782126  0.18033700E+02    1.206000  0.50934769E+02
   16.42142642  0.18046816E+02    1.207000  0.51094897E+02
   16.43503158  0.18064776E+02    1.208000  0.51268951E+02
   16.44863674  0.18075772E+02    1.209000  0.51423439E+02
   16.46224190  0.18097083E+02    1.210000  0.51607493E+02
   16.47584705  0.18108870E+02    1.211000  0.51764612E+02
   16.48945221  0.18117409E+02    1.212000  0.51912584E+02
   16.50305737  0.18129156E+02    1.213000  0.52069887E+02
   16.51666253  0.18159400E+02    1.214000  0.52280606E+02
   16.53026769  0.18158207E+02    1.215000  0.52401014E+02
   16.54387285  0.18168426E+02    1.216000  0.52554415E+02
   16.55747801  0.18153410E+02    1.217000  0.52634788E+02
   16.57108316  0.18181349E+02    1.218000  0.52839796E+02
   16.58468832  0.18184663E+02    1.219000  0.52973450E+02
   16.59829348  0.18223219E+02    1.220000  0.53210053E+02
   16.61189864  0.18211604E+02    1.221000  0.53300345E+02
   16.62550380  0.18221580E+02    1.222000  0.53453818E+02
   16.63910896  0.18230907E+02    1.223000  0.53605517E+02
   16.65271412  0.18235056E+02    1.224000  0.53742083E+02
   16.67992443  0.18229649E+02    1.226000  0.53974808E+02
   16.69352959  0.18221210E+02    1.227000  0.54074092E+02
   16.70713475  0.18239723E+02    1.228000  0.54253433E+02
   16.72073991  0.18247461E+02    1.229000  0.54400900E+02
   16.73434507  0.18209773E+02    1.230000  0.54412735E+02
   16.74795023  0.18215490E+02    1.231000  0.54554052E+02
   16.76155538  0.18203244E+02    1.232000  0.54641525E+02
   16.77516054  0.18209239E+02    1.233000  0.54783712E+02
   16.78876570  0.18201153E+02    1.234000  0.54883519E+02
   16.80237086  0.18173653E+02    1.235000  0.54924544E+02
   16.81597602  0.18171126E+02    1.236000  0.55040839E+02
   16.82958118  0.18184456E+02    1.237000  0.55205235E+02
   16.84318634  0.18175514E+02    1.238000  0.55302049E+02
   16.85679150  0.18181698E+02    1.239000  0.55444869E+02
   16.87039665  0.18171012E+02    1.240000  0.55536212E+02
   16.88400181  0.18172708E+02    1.241000  0.55665335E+02
   16.89760697  0.18206377E+02    1.242000  0.55892640E+02
   16.91121213  0.18187190E+02    1.243000  0.55957776E+02
   16.92481729  0.18183284E+02    1.244000  0.56069773E+02
   16.93842245  0.18204199E+02    1.245000  0.56258422E+02
   16.95202761  0.18204918E+02    1.246000  0.56384806E+02
   16.96563276  0.18197416E+02    1.247000  0.56485679E+02
   16.97923792  0.18212544E+02    1.248000  0.56656851E+02
   16.99284308  0.18197290E+02    1.249000  0.56733507E+02
   17.00644824  0.18212436E+02    1.250000  0.56904939E+02
   17.02005340  0.18214013E+02    1.251000  0.57034089E+02
   17.03365856  0.18211179E+02    1.252000  0.57149420E+02
   17.04726372  0.18213764E+02    1.253000  0.57281755E+02
   17.06086887  0.18207956E+02    1.254000  0.57387670E+02
   17.07447403  0.18215521E+02    1.255000  0.57535747E+02
   17.08807919  0.18217279E+02    1.256000  0.57665545E+02
   17.10168435  0.18215360E+02    1.257000  0.57783702E+02
   17.11528951  0.18220995E+02    1.258000  0.57925849E+02
   17.12889467  0.18217166E+02    1.259000  0.58037921E+02
   17.14249983  0.18204056E+02    1.260000  0.58120308E+02
   17.15610498  0.18237334E+02    1.261000  0.58350939E+02
   17.16971014  0.18230089E+02    1.262000  0.58452089E+02
   17.18331530  0.18237376E+02    1.263000  0.58599838E+02
   17.19692046  0.18249162E+02    1.264000  0.58762172E+02
   17.21052562  0.18261559E+02    1.265000  0.58926635E+02
   17.22413078  0.18267405E+02    1.266000  0.59070088E+02
   17.23773594  0.18281991E+02    1.267000  0.59241940E+02
   17.25134109  0.18275971E+02    1.268000  0.59347077E+02
   17.26494625  0.18279557E+02    1.269000  0.59483394E+02
   17.27855141  0.18293644E+02    1.270000  0.59654001E+02
   17.29215657  0.18300549E+02    1.271000  0.59801328E+02
   17.30576173  0.18306301E+02    1.272000  0.59944977E+02
   17.31936689  0.18320120E+02    1.273000  0.60115175E+02
   17.33297205  0.18325232E+02    1.274000  0.60256932E+02
   17.34657720  0.18330788E+02    1.275000  0.60400220E+02
   17.36018236  0.18337301E+02    1.276000  0.60546744E+02
   17.37378752  0.18343141E+02    1.277000  0.60691133E+02
   17.38739268  0.18345309E+02    1.278000  0.60823423E+02
   17.40099784  0.18352356E+02    1.279000  0.60971955E+02
   17.41460300  0.18379529E+02    1.280000  0.61187582E+02
   17.42820816  0.18379858E+02    1.281000  0.61314031E+02
   17.44181331  0.18376031E+02    1.282000  0.61426593E+02
   17.45541847  0.18388434E+02    1.283000  0.61593467E+02
   17.46902363  0.18399242E+02    1.284000  0.61755154E+02
   17.48262879  0.18408963E+02    1.285000  0.61913335E+02
   17.49623395  0.18403901E+02    1.286000  0.62021830E+02
   17.50983911  0.18399822E+02    1.287000  0.62133572E+02
   17.52344427  0.18383689E+02    1.288000  0.62204475E+02
   17.53704942  0.18425236E+02    1.289000  0.62470719E+02
   17.55065458  0.18432846E+02    1.290000  0.62622239E+02
   17.56425974  0.18432480E+02    1.291000  0.62746707E+02
   17.57786490  0.18444672E+02    1.292000  0.62914007E+02
   17.59147006  0.18444296E+02    1.293000  0.63038517E+02
   17.60507522  0.18449147E+02    1.294000  0.63180925E+02
   17.61868038  0.18442258E+02    1.295000  0.63283113E+02
   17.63228553  0.18437086E+02    1.296000  0.63391108E+02
   17.64589069  0.18452565E+02    1.297000  0.63570179E+02
   17.65949585  0.18452025E+02    1.298000  0.63694165E+02
   17.67310101  0.18464061E+02    1.299000  0.63861642E+02
   17.68670617  0.18469001E+02    1.300000  0.64004688E+02
   17.70031133  0.18468556E+02    1.301000  0.64129107E+02
   17.71391649  0.18467352E+02    1.302000  0.64250878E+02
   17.72752164  0.18461854E+02    1.303000  0.64357663E+02
   17.74112680  0.18469827E+02    1.304000  0.64511424E+02
   17.75473196  0.18494279E+02    1.305000  0.64722963E+02
   17.76833712  0.18499983E+02    1.306000  0.64869100E+02
   17.78194228  0.18491139E+02    1.307000  0.64964201E+02
   17.79554744  0.18492159E+02    1.308000  0.65093905E+02
   17.80915260  0.18493569E+02    1.309000  0.65225000E+02
   17.82275776  0.18488694E+02    1.310000  0.65333900E+02
   17.83636291  0.18487824E+02    1.311000  0.65456919E+02
   17.84996807  0.18495073E+02    1.312000  0.65608722E+02
   17.86357323  0.18516715E+02    1.313000  0.65811782E+02
   17.87717839  0.18531084E+02    1.314000  0.65989237E+02
   17.89078355  0.18547954E+02    1.315000  0.66175812E+02
   17.90438871  0.18553622E+02    1.316000  0.66322576E+02
   17.91799387  0.18563373E+02    1.317000  0.66484035E+02
   17.93159902  0.18555743E+02    1.318000  0.66583265E+02
   17.94520418  0.18567281E+02    1.319000  0.66751298E+02
   17.95880934  0.18564402E+02    1.320000  0.66867561E+02
   17.97241450  0.18564578E+02    1.321000  0.66994810E+02
   17.98601966  0.18554796E+02    1.322000  0.67086056E+02
   17.99962482  0.18553512E+02    1.323000  0.67207951E+02
   18.01322998  0.18542452E+02    1.324000  0.67294351E+02
   18.02683513  0.18532838E+02    1.325000  0.67385856E+02
   18.04044029  0.18538058E+02    1.326000  0.67531272E+02
   18.05404545  0.18542907E+02    1.327000  0.67675402E+02
   18.06765061  0.18541827E+02    1.328000  0.67797917E+02
   18.08125577  0.18557212E+02    1.329000  0.67980738E+02
   18.09486093  0.18574641E+02    1.330000  0.68171267E+02
   18.10846609  0.18587026E+02    1.331000  0.68343489E+02
   18.12207124  0.18594657E+02    1.332000  0.68498368E+02
   18.13567640  0.18598483E+02    1.333000  0.68639308E+02
   18.14928156  0.18575603E+02    1.334000  0.68681556E+02
   18.16288672  0.18563031E+02    1.335000  0.68761676E+02
   18.17649188  0.18549514E+02    1.336000  0.68838118E+02
   18.19009704  0.18529482E+02    1.337000  0.68890153E+02
   18.20370220  0.18512086E+02    1.338000  0.68951733E+02
   18.21730735  0.18498045E+02    1.339000  0.69025592E+02
   18.23091251  0.18494741E+02    1.340000  0.69139402E+02
   18.24451767  0.18481406E+02    1.341000  0.69215597E+02
   18.25812283  0.18472979E+02    1.342000  0.69310028E+02
   18.27172799  0.18459081E+02    1.343000  0.69383776E+02
   18.28533315  0.18452028E+02    1.344000  0.69483111E+02
   18.29893831  0.18447856E+02    1.345000  0.69593219E+02
   18.31254346  0.18455388E+02    1.346000  0.69747505E+02
   18.32614862  0.18448923E+02    1.347000  0.69848897E+02
   18.33975378  0.18445787E+02    1.348000  0.69962828E+02
   18.35335894  0.18445541E+02    1.349000  0.70087695E+02
   18.36696410  0.18449544E+02    1.350000  0.70228735E+02
   18.38056926  0.18445665E+02    1.351000  0.70339772E+02
   18.39417442  0.18442713E+02    1.352000  0.70454300E+02
   18.40777957  0.18440182E+02    1.353000  0.70570396E+02
   18.42138473  0.18441889E+02    1.354000  0.70702704E+02
   18.43498989  0.18433847E+02    1.355000  0.70797595E+02
   18.44859505  0.18437090E+02    1.356000  0.70935798E+02
   18.46220021  0.18441167E+02    1.357000  0.71077254E+02
   18.47580537  0.18442409E+02    1.358000  0.71207823E+02
   18.48941053  0.18446522E+02    1.359000  0.71349512E+02
   18.50301568  0.18463447E+02    1.360000  0.71540903E+02
   18.51662084  0.18459191E+02    1.361000  0.71650306E+02
   18.53022600  0.18462518E+02    1.362000  0.71789139E+02
   18.54383116  0.18462131E+02    1.363000  0.71913549E+02
   18.55743632  0.18460298E+02    1.364000  0.72032310E+02
   18.57104148  0.18457271E+02    1.365000  0.72146380E+02
   18.58464664  0.18462401E+02    1.366000  0.72292351E+02
   18.59825179  0.18466800E+02    1.367000  0.72435522E+02
   18.61185695  0.18468161E+02    1.368000  0.72566819E+02
   18.62546211  0.18468327E+02    1.369000  0.72693427E+02
   18.63906727  0.18478698E+02    1.370000  0.72860276E+02
   18.65267243  0.18473074E+02    1.371000  0.72964091E+02
   18.66627759  0.18469047E+02    1.372000  0.73074148E+02
   18.67988275  0.18474727E+02    1.373000  0.73222624E+02
   18.69348790  0.18479089E+02    1.374000  0.73365942E+02
   18.70709306  0.27279306E+02    1.375000  0.10849074E+03
   18.72069822  0.18487585E+02    1.376000  0.73651853E+02
   18.73430338  0.18496940E+02    1.377000  0.73815276E+02
   18.74790854  0.18506092E+02    1.378000  0.73978012E+02
   18.76151370  0.18507313E+02    1.379000  0.74109115E+02
   18.77511886  0.18510064E+02    1.380000  0.74246374E+02
   18.78872402  0.18534254E+02    1.381000  0.74469812E+02
   18.80232917  0.18540351E+02    1.382000  0.74620756E+02
   18.81593433  0.18541218E+02    1.383000  0.74750702E+02
   18.82953949  0.18554268E+02    1.384000  0.74929856E+02
   18.84314465  0.18554254E+02    1.385000  0.75056343E+02
   18.85674981  0.18553330E+02    1.386000  0.75179146E+02
   18.87035497  0.18570567E+02    1.387000  0.75375646E+02
   18.88396013  0.18561223E+02    1.388000  0.75464310E+02
   18.89756528  0.18555959E+02    1.389000  0.75569461E+02
   18.91117044  0.18547085E+02    1.390000  0.75659819E+02
   18.92477560  0.18552230E+02    1.391000  0.75807335E+02
   18.93838076  0.18559961E+02    1.392000  0.75965510E+02
   18.95198592  0.18557902E+02    1.393000  0.76083652E+02
   18.96559108  0.18560070E+02    1.394000  0.76219121E+02
   18.97919624  0.18557582E+02    1.395000  0.76335469E+02
   18.99280139  0.18557656E+02    1.396000  0.76462340E+02
   19.00640655  0.18557234E+02    1.397000  0.76587168E+02
   19.02001171  0.18551260E+02    1.398000  0.76689036E+02
   19.03361687  0.18538060E+02    1.399000  0.76760902E+02
   19.04722203  0.18553876E+02    1.400000  0.76952933E+02
   19.06082719  0.18545797E+02    1.401000  0.77045910E+02
   19.07443235  0.18540021E+02    1.402000  0.77148360E+02
   19.08803750  0.18540378E+02    1.403000  0.77276296E+02
   19.10164266  0.18537061E+02    1.404000  0.77388897E+02
   19.11524782  0.18535085E+02    1.405000  0.77507060E+02
   19.12885298  0.18539882E+02    1.406000  0.77653564E+02
   19.14245814  0.18540172E+02    1.407000  0.77781226E+02
   19.15606330  0.18533242E+02    1.408000  0.77878556E+02
   19.16966846  0.18535702E+02    1.409000  0.78015307E+02
   19.18327361  0.18532370E+02    1.410000  0.78127679E+02
   19.19687877  0.18527008E+02    1.411000  0.78231430E+02
   19.21048393  0.18549106E+02    1.412000  0.78451252E+02
   19.22408909  0.18534712E+02    1.413000  0.78516782E+02
   19.23769425  0.18528291E+02    1.414000  0.78615947E+02
   19.25129941  0.18526123E+02    1.415000  0.78733103E+02
   19.26490457  0.18524024E+02    1.416000  0.78850519E+02
   19.27850972  0.18525729E+02    1.417000  0.78984124E+02
   19.29211488  0.18519835E+02    1.418000  0.79085306E+02
   19.30572004  0.18514872E+02    1.419000  0.79190386E+02
   19.31932520  0.18511215E+02    1.420000  0.79300996E+02
   19.33293036  0.18491406E+02    1.421000  0.79342252E+02
   19.34653552  0.18496818E+02    1.422000  0.79491625E+02
   19.36014068  0.18489680E+02    1.423000  0.79587052E+02
   19.37374583  0.18490333E+02    1.424000  0.79715971E+02
   19.38735099  0.18485330E+02    1.425000  0.79820472E+02
   19.40095615  0.18484434E+02    1.426000  0.79942673E+02
   19.41456131  0.18500467E+02    1.427000  0.80138188E+02
   19.42816647  0.18469367E+02    1.428000  0.80129437E+02
   19.44177163  0.18465254E+02    1.429000  0.80237529E+02
   19.45537679  0.18461813E+02    1.430000  0.80348490E+02
   19.46898194  0.18463061E+02    1.431000  0.80479843E+02
   19.48258710  0.18468810E+02    1.432000  0.80630867E+02
   19.49619226  0.18456085E+02    1.433000  0.80701184E+02
   19.50979742  0.18423277E+02    1.434000  0.80683378E+02
   19.52340258  0.18497891E+02    1.435000  0.81136304E+02
   19.53700774  0.18445903E+02    1.436000  0.81034076E+02
   19.55061290  0.18446626E+02    1.437000  0.81163061E+02
   19.56421805  0.18443586E+02    1.438000  0.81275477E+02
   19.57782321  0.18442251E+02    1.439000  0.81395371E+02
   19.59142837  0.18445309E+02    1.440000  0.81534672E+02
   19.99958313  0.18355807E+02    1.470000  0.84894746E+02
   24.99947891  0.16110557E+02    1.837500  0.11489042E+03
   29.99937469  0.13450629E+02    2.205000  0.12963443E+03
   34.99927048  0.11203357E+02    2.572500  0.13605602E+03
   39.99916626  0.94226509E+01    2.940000  0.13804787E+03
   44.99906204  0.80052202E+01    3.307500  0.13734606E+03
   49.99895782  0.68649177E+01    3.675000  0.13498820E+03
   54.99885361  0.59453243E+01    4.042500  0.13180728E+03
   59.99874939  0.51947868E+01    4.410000  0.12818826E+03
   64.99864517  0.45749666E+01    4.777500  0.12436017E+03
   69.99854095  0.40571489E+01    5.145000  0.12045339E+03
   74.99843674  0.36200923E+01    5.512500  0.11655102E+03
   79.99833252  0.32478448E+01    5.880000  0.11270676E+03
   84.99822830  0.29281381E+01    6.247500  0.10895144E+03
   89.99812408  0.26515960E+01    6.615000  0.10530776E+03
   94.99801987  0.24107502E+01    6.982500  0.10178496E+03
   99.99791565  0.21997261E+01    7.350000  0.98388695E+02
  104.99781143  0.20138191E+01    7.717500  0.95120980E+02
  109.99770721  0.18492238E+01    8.085000  0.91981401E+02
  114.99760300  0.17028271E+01    8.452500  0.88967553E+02
  119.99749878  0.15720695E+01    8.820000  0.86076136E+02
  124.99739456  0.14548316E+01    9.187500  0.83303383E+02
  129.99729034  0.13493404E+01    9.555000  0.80644990E+02
  134.99718613  0.12540999E+01    9.922500  0.78096128E+02
