       eV          sigma            Ry          om               in 10^-16                                                                       
   13.34753729  0.00000000E+00    0.981064  0.00000000E+00
   13.36026574  0.60814629E-01    0.982000  0.17705563E-01
   13.37387090  0.18482332E+00    0.983000  0.54229614E-01
   13.38747605  0.32928387E+00    0.984000  0.97364850E-01
   13.40108121  0.52569415E+00    0.985000  0.15663586E+00
   13.41468637  0.66262598E+00    0.986000  0.19894249E+00
   13.42829153  0.76642021E+00    0.987000  0.23184737E+00
   13.44189669  0.92049670E+00    0.988000  0.28054922E+00
   13.45550185  0.11096274E+01    0.989000  0.34071516E+00
   13.46910701  0.10735960E+01    0.990000  0.33209228E+00
   13.48271216  0.10863776E+01    0.991000  0.33851574E+00
   13.49631732  0.11381819E+01    0.992000  0.35724555E+00
   13.50992248  0.11772962E+01    0.993000  0.37219895E+00
   13.52352764  0.12212190E+01    0.994000  0.38886134E+00
   13.53713280  0.12507805E+01    0.995000  0.40111786E+00
   13.55073796  0.12870191E+01    0.996000  0.41566527E+00
   13.56434312  0.13122926E+01    0.997000  0.42681115E+00
   13.57794827  0.12727182E+01    0.998000  0.41683333E+00
   13.59155343  0.13354792E+01    0.999000  0.44042454E+00
   13.60515859  0.15623130E+01    1.000000  0.51878329E+00
   13.61876375  0.13370208E+01    1.001000  0.44701208E+00
   13.63236891  0.13474465E+01    1.002000  0.45356104E+00
   13.64597407  0.13630198E+01    1.003000  0.46190183E+00
   13.65957923  0.11614929E+01    1.004000  0.39624870E+00
   13.67318438  0.94924101E+00    1.005000  0.32599597E+00
   13.70039470  0.14921260E+01    1.007000  0.51922230E+00
   13.71399986  0.15929471E+01    1.008000  0.55792688E+00
   13.75481534  0.67515111E+00    1.011000  0.24107514E+00
   13.76842049  0.65816216E+00    1.012000  0.23650519E+00
   13.78202565  0.57378512E+00    1.013000  0.20748943E+00
   13.79563081  0.39181437E+00    1.014000  0.14257679E+00
   13.80923597  0.32728452E+00    1.015000  0.11983916E+00
   13.82284113  0.28747432E+00    1.016000  0.10591572E+00
   13.83644629  0.37706773E+00    1.017000  0.13978233E+00
   13.85005145  0.49752963E+00    1.018000  0.18556970E+00
   13.86365660  0.48756593E+00    1.019000  0.18296185E+00
   13.87726176  0.58518420E+00    1.020000  0.22092401E+00
   13.89086692  0.62996897E+00    1.021000  0.23926373E+00
   13.90447208  0.77154171E+00    1.022000  0.29478742E+00
   13.91807724  0.63303979E+00    1.023000  0.24330834E+00
   13.93168240  0.53607575E+00    1.024000  0.20725900E+00
   13.94528756  0.51610623E+00    1.025000  0.20071165E+00
   13.95889272  0.60961548E+00    1.026000  0.23846292E+00
   13.97249787  0.62122050E+00    1.027000  0.24441473E+00
   13.98610303  0.52637494E+00    1.028000  0.20829509E+00
   13.99970819  0.61602402E+00    1.029000  0.24517115E+00
   14.01331335  0.69190776E+00    1.030000  0.27694507E+00
   14.02691851  0.75812149E+00    1.031000  0.30517149E+00
   14.04052367  0.79412689E+00    1.032000  0.32147034E+00
   14.05412883  0.88967916E+00    1.033000  0.36217343E+00
   14.06773398  0.95376728E+00    1.034000  0.39043092E+00
   14.08133914  0.90257511E+00    1.035000  0.37152698E+00
   14.09494430  0.87601415E+00    1.036000  0.36258522E+00
   14.10854946  0.88730507E+00    1.037000  0.36927577E+00
   14.12215462  0.89319486E+00    1.038000  0.37375755E+00
   14.13575978  0.90672299E+00    1.039000  0.38147974E+00
   14.14936494  0.88382220E+00    1.040000  0.37385412E+00
   14.16297009  0.79840979E+00    1.041000  0.33954003E+00
   14.17657525  0.82975092E+00    1.042000  0.35475484E+00
   14.19018041  0.97446383E+00    1.043000  0.41884129E+00
   14.20378557  0.99572668E+00    1.044000  0.43024411E+00
   14.21739073  0.88688608E+00    1.045000  0.38523136E+00
   14.23099589  0.91037025E+00    1.046000  0.39750167E+00
   14.24460105  0.97536584E+00    1.047000  0.42809857E+00
   14.25820620  0.88858529E+00    1.048000  0.39202976E+00
   14.27181136  0.89715259E+00    1.049000  0.39784910E+00
   14.28541652  0.91808551E+00    1.050000  0.40921914E+00
   14.29902168  0.93116404E+00    1.051000  0.41716555E+00
   14.31262684  0.91091499E+00    1.052000  0.41016476E+00
   14.32623200  0.90245254E+00    1.053000  0.40840594E+00
   14.33983716  0.89852176E+00    1.054000  0.40866976E+00
   14.35344231  0.10619811E+01    1.055000  0.48542940E+00
   14.36704747  0.92381268E+00    1.056000  0.42437308E+00
   14.38065263  0.10194990E+01    1.057000  0.47064634E+00
   14.39425779  0.10079387E+01    1.058000  0.46760106E+00
   14.40786295  0.88973908E+00    1.059000  0.41478884E+00
   14.42146811  0.83939544E+00    1.060000  0.39322734E+00
   14.43507327  0.81308390E+00    1.061000  0.38274977E+00
   14.44867842  0.79855550E+00    1.062000  0.37772613E+00
   14.46228358  0.80136395E+00    1.063000  0.38087638E+00
   14.47588874  0.80540869E+00    1.064000  0.38462980E+00
   14.48949390  0.83838946E+00    1.065000  0.40228604E+00
   14.50309906  0.80524788E+00    1.066000  0.38821430E+00
   14.51670422  0.79877743E+00    1.067000  0.38691080E+00
   14.53030938  0.70900162E+00    1.068000  0.34503715E+00
   14.54391453  0.68740053E+00    1.069000  0.33608767E+00
   14.55751969  0.74497019E+00    1.070000  0.36592856E+00
   14.57112485  0.77677447E+00    1.071000  0.38331671E+00
   14.58473001  0.74300354E+00    1.072000  0.36834083E+00
   14.59833517  0.74984337E+00    1.073000  0.37343634E+00
   14.61194033  0.73771976E+00    1.074000  0.36907568E+00
   14.62554549  0.71659476E+00    1.075000  0.36013611E+00
   14.63915064  0.77124279E+00    1.076000  0.38935369E+00
   14.65275580  0.78801374E+00    1.077000  0.39961179E+00
   14.66636096  0.76193264E+00    1.078000  0.38811791E+00
   14.67996612  0.72857282E+00    1.079000  0.37278122E+00
   14.69357128  0.75454811E+00    1.080000  0.38778711E+00
   14.70717644  0.72397855E+00    1.081000  0.37372230E+00
   14.72078160  0.67004450E+00    1.082000  0.34740448E+00
   14.73438675  0.72728405E+00    1.083000  0.37873543E+00
   14.74799191  0.77025465E+00    1.084000  0.40286360E+00
   14.76159707  0.76965231E+00    1.085000  0.40429829E+00
   14.77520223  0.86868311E+00    1.086000  0.45829402E+00
   14.78880739  0.82195989E+00    1.087000  0.43551274E+00
   14.80241255  0.73981441E+00    1.088000  0.39367012E+00
   14.81601771  0.69062511E+00    1.089000  0.36906557E+00
   14.82962286  0.72302760E+00    1.090000  0.38802498E+00
   14.84322802  0.71948231E+00    1.091000  0.38775801E+00
   14.85683318  0.78294988E+00    1.092000  0.42374320E+00
   14.87043834  0.79052190E+00    1.093000  0.42963845E+00
   14.88404350  0.80662324E+00    1.094000  0.44022310E+00
   14.89764866  0.78563922E+00    1.095000  0.43055692E+00
   14.91125382  0.81256926E+00    1.096000  0.44716279E+00
   14.92485898  0.83849772E+00    1.097000  0.46333765E+00
   14.93846413  0.84184419E+00    1.098000  0.46710069E+00
   14.95206929  0.86948480E+00    1.099000  0.48441388E+00
   14.96567445  0.90422379E+00    1.100000  0.50582359E+00
   14.97927961  0.86965516E+00    1.101000  0.48846294E+00
   14.99288477  0.83059900E+00    1.102000  0.46841438E+00
   15.00648993  0.83856307E+00    1.103000  0.47481209E+00
   15.02009509  0.85152783E+00    1.104000  0.48408887E+00
   15.03370024  0.90596738E+00    1.105000  0.51709708E+00
   15.04730540  0.87617137E+00    1.106000  0.50208236E+00
   15.06091056  0.88148301E+00    1.107000  0.50713011E+00
   15.07451572  0.85748853E+00    1.108000  0.49527515E+00
   15.08812088  0.84884757E+00    1.109000  0.49221400E+00
   15.10172604  0.84959442E+00    1.110000  0.49457854E+00
   15.11533120  0.85560322E+00    1.111000  0.50002160E+00
   15.12893635  0.83691734E+00    1.112000  0.49100406E+00
   15.14254151  0.89693218E+00    1.113000  0.52825275E+00
   15.15614667  0.10082940E+01    1.114000  0.59613214E+00
   15.16975183  0.10343933E+01    1.115000  0.61391436E+00
   15.18335699  0.98750965E+00    1.116000  0.58833382E+00
   15.19696215  0.10075949E+01    1.117000  0.60259076E+00
   15.21056731  0.92471166E+00    1.118000  0.55512481E+00
   15.22417246  0.88069499E+00    1.119000  0.53070280E+00
   15.23777762  0.84725589E+00    1.120000  0.51247870E+00
   15.25138278  0.81870238E+00    1.121000  0.49706881E+00
   15.26498794  0.82722559E+00    1.122000  0.50412422E+00
   15.27859310  0.73556422E+00    1.123000  0.44993658E+00
   15.29219826  0.72969608E+00    1.124000  0.44800599E+00
   15.30580342  0.70914437E+00    1.125000  0.43700018E+00
   15.31940857  0.67690854E+00    1.126000  0.41867419E+00
   15.33301373  0.64340486E+00    1.127000  0.39941457E+00
   15.34661889  0.66589170E+00    1.128000  0.41488785E+00
   15.36022405  0.62825526E+00    1.129000  0.39286651E+00
   15.37382921  0.61236998E+00    1.130000  0.38432514E+00
   15.38743437  0.58970310E+00    1.131000  0.37143997E+00
   15.40103953  0.60309369E+00    1.132000  0.38124546E+00
   15.41464468  0.62085745E+00    1.133000  0.39388627E+00
   15.42824984  0.63866241E+00    1.134000  0.40663408E+00
   15.44185500  0.65695846E+00    1.135000  0.41977664E+00
   15.45546016  0.66027724E+00    1.136000  0.42339831E+00
   15.46906532  0.66844742E+00    1.137000  0.43015703E+00
   15.48267048  0.68225098E+00    1.138000  0.44059088E+00
   15.50988079  0.70968947E+00    1.140000  0.46153720E+00
   15.52348595  0.70046799E+00    1.141000  0.45713257E+00
   15.53709111  0.69234840E+00    1.142000  0.45340763E+00
   15.55069627  0.65879902E+00    1.143000  0.43293440E+00
   15.56430143  0.62885262E+00    1.144000  0.41468455E+00
   15.57790659  0.66729996E+00    1.145000  0.44155493E+00
   15.59151175  0.66147184E+00    1.146000  0.43920223E+00
   15.60511690  0.71564926E+00    1.147000  0.47680176E+00
   15.61872206  0.68036442E+00    1.148000  0.45483995E+00
   15.63232722  0.65680142E+00    1.149000  0.44058069E+00
   15.64593238  0.73415744E+00    1.150000  0.49413994E+00
   15.65953754  0.70118807E+00    1.151000  0.47354330E+00
   15.67314270  0.68935933E+00    1.152000  0.46712202E+00
   15.68674786  0.68177441E+00    1.153000  0.46353229E+00
   15.70035301  0.69429483E+00    1.154000  0.47362322E+00
   15.71395817  0.69832391E+00    1.155000  0.47795928E+00
   15.72756333  0.69496423E+00    1.156000  0.47723972E+00
   15.74116849  0.70687439E+00    1.157000  0.48702557E+00
   15.75477365  0.74867751E+00    1.158000  0.51752932E+00
   15.76837881  0.70961022E+00    1.159000  0.49213697E+00
   15.78198397  0.70825627E+00    1.160000  0.49280811E+00
   15.79558912  0.75723623E+00    1.161000  0.52861010E+00
   15.80919428  0.79047681E+00    1.162000  0.55361169E+00
   15.82279944  0.77901796E+00    1.163000  0.54735749E+00
   15.83640460  0.77676100E+00    1.164000  0.54753758E+00
   15.85000976  0.76655787E+00    1.165000  0.54208810E+00
   15.86361492  0.75141547E+00    1.166000  0.53308809E+00
   15.87722008  0.74066017E+00    1.167000  0.52714161E+00
   15.89082524  0.74780981E+00    1.168000  0.53393021E+00
   15.90443039  0.72339378E+00    1.169000  0.51814192E+00
   15.91803555  0.73938307E+00    1.170000  0.53127541E+00
   15.93164071  0.76677099E+00    1.171000  0.55269787E+00
   15.94524587  0.76965363E+00    1.172000  0.55652544E+00
   15.95885103  0.75372426E+00    1.173000  0.54672066E+00
   15.97245619  0.74967348E+00    1.174000  0.54548669E+00
   15.98606135  0.73021139E+00    1.175000  0.53298551E+00
   15.99966650  0.73925373E+00    1.176000  0.54126618E+00
   16.01327166  0.73340850E+00    1.177000  0.53865376E+00
   16.02687682  0.69067669E+00    1.178000  0.50883945E+00
   16.04048198  0.72043841E+00    1.179000  0.53240353E+00
   16.05408714  0.71482366E+00    1.180000  0.52987931E+00
   16.06769230  0.70302275E+00    1.181000  0.52272987E+00
   16.08129746  0.66784839E+00    1.182000  0.49809439E+00
   16.09490261  0.67630884E+00    1.183000  0.50594188E+00
   16.10850777  0.67387152E+00    1.184000  0.50565052E+00
   16.12211293  0.65994388E+00    1.185000  0.49670000E+00
   16.13571809  0.64580481E+00    1.186000  0.48752655E+00
   16.14932325  0.65233411E+00    1.187000  0.49393862E+00
   16.16292841  0.63224649E+00    1.188000  0.48016589E+00
   16.17653357  0.63222394E+00    1.189000  0.48158606E+00
   16.19013872  0.63916642E+00    1.190000  0.48832746E+00
   16.20374388  0.63526911E+00    1.191000  0.48679411E+00
   16.21734904  0.63019076E+00    1.192000  0.48433534E+00
   16.23095420  0.63730209E+00    1.193000  0.49124962E+00
   16.24455936  0.62963205E+00    1.194000  0.48676875E+00
   16.25816452  0.63587562E+00    1.195000  0.49304126E+00
   16.27176968  0.64615142E+00    1.196000  0.50247780E+00
   16.28537483  0.64622731E+00    1.197000  0.50400595E+00
   16.29897999  0.66356720E+00    1.198000  0.51903824E+00
   16.31258515  0.64200802E+00    1.199000  0.50363432E+00
   16.32619031  0.63175901E+00    1.200000  0.49703055E+00
   16.33979547  0.64399895E+00    1.201000  0.50812427E+00
   16.35340063  0.64582634E+00    1.202000  0.51103433E+00
   16.36700579  0.62032249E+00    1.203000  0.49226369E+00
   16.39421610  0.59253059E+00    1.205000  0.47290324E+00
   16.40782126  0.62290286E+00    1.206000  0.49855969E+00
   16.42142642  0.61541891E+00    1.207000  0.49396877E+00
   16.43503158  0.58986530E+00    1.208000  0.47479905E+00
   16.44863674  0.58235052E+00    1.209000  0.47007411E+00
   16.46224190  0.58079162E+00    1.210000  0.47013613E+00
   16.47584705  0.57036222E+00    1.211000  0.46299046E+00
   16.48945221  0.56412916E+00    1.212000  0.45921327E+00
   16.50305737  0.56674069E+00    1.213000  0.46262754E+00
   16.51666253  0.57446861E+00    1.214000  0.47024180E+00
   16.53026769  0.57602862E+00    1.215000  0.47282832E+00
   16.54387285  0.57155352E+00    1.216000  0.47045434E+00
   16.55747801  0.55366247E+00    1.217000  0.45698664E+00
   16.57108316  0.56018438E+00    1.218000  0.46364327E+00
   16.58468832  0.55643331E+00    1.219000  0.46180365E+00
   16.59829348  0.54436157E+00    1.220000  0.45302244E+00
   16.61189864  0.54427532E+00    1.221000  0.45418801E+00
   16.62550380  0.54813480E+00    1.222000  0.45865481E+00
   16.63910896  0.54298443E+00    1.223000  0.45557963E+00
   16.65271412  0.54168646E+00    1.224000  0.45572206E+00
   16.67992443  0.53871097E+00    1.226000  0.45566819E+00
   16.69352959  0.56072925E+00    1.227000  0.47556709E+00
   16.70713475  0.56385846E+00    1.228000  0.47950292E+00
   16.72073991  0.56562650E+00    1.229000  0.48229235E+00
   16.73434507  0.56612812E+00    1.230000  0.48400710E+00
   16.74795023  0.57261567E+00    1.231000  0.49085536E+00
   16.76155538  0.59296884E+00    1.232000  0.50965048E+00
   16.77516054  0.58565487E+00    1.233000  0.50469563E+00
   16.78876570  0.58782125E+00    1.234000  0.50789889E+00
   16.80237086  0.58070883E+00    1.235000  0.50307368E+00
   16.81597602  0.60192254E+00    1.236000  0.52281973E+00
   16.82958118  0.62849169E+00    1.237000  0.54732606E+00
   16.84318634  0.62627890E+00    1.238000  0.54682282E+00
   16.85679150  0.64450636E+00    1.239000  0.56420298E+00
   16.87039665  0.65027077E+00    1.240000  0.57072749E+00
   16.88400181  0.64311919E+00    1.241000  0.56591278E+00
   16.89760697  0.64412858E+00    1.242000  0.56826535E+00
   16.91121213  0.63218391E+00    1.243000  0.55916469E+00
   16.92481729  0.66209808E+00    1.244000  0.58712889E+00
   16.93842245  0.65440858E+00    1.245000  0.58179780E+00
   16.95202761  0.66526064E+00    1.246000  0.59295816E+00
   16.96563276  0.66568597E+00    1.247000  0.59485063E+00
   16.97923792  0.66220942E+00    1.248000  0.59324949E+00
   16.99284308  0.66146294E+00    1.249000  0.59408451E+00
   17.00644824  0.65792575E+00    1.250000  0.59240336E+00
   17.02005340  0.66445129E+00    1.251000  0.59978959E+00
   17.03365856  0.67226728E+00    1.252000  0.60837329E+00
   17.04726372  0.66255727E+00    1.253000  0.60109240E+00
   17.06086887  0.67684392E+00    1.254000  0.61559242E+00
   17.07447403  0.68225978E+00    1.255000  0.62206922E+00
   17.08807919  0.70506795E+00    1.256000  0.64446810E+00
   17.10168435  0.69977089E+00    1.257000  0.64121717E+00
   17.11528951  0.68038368E+00    1.258000  0.62499898E+00
   17.12889467  0.68817215E+00    1.259000  0.63371794E+00
   17.14249983  0.70321295E+00    1.260000  0.64916727E+00
   17.15610498  0.69974700E+00    1.261000  0.64755850E+00
   17.16971014  0.68218423E+00    1.262000  0.63285647E+00
   17.18331530  0.68961314E+00    1.263000  0.64131597E+00
   17.19692046  0.68716259E+00    1.264000  0.64059924E+00
   17.21052562  0.67902951E+00    1.265000  0.63456098E+00
   17.22413078  0.67097613E+00    1.266000  0.62856040E+00
   17.23773594  0.66245326E+00    1.267000  0.62208232E+00
   17.25134109  0.66536597E+00    1.268000  0.62633017E+00
   17.26494625  0.65434897E+00    1.269000  0.61744711E+00
   17.27855141  0.65217811E+00    1.270000  0.61688134E+00
   17.29215657  0.62593179E+00    1.271000  0.59347849E+00
   17.30576173  0.62268749E+00    1.272000  0.59181802E+00
   17.31936689  0.62779595E+00    1.273000  0.59810046E+00
   17.33297205  0.61715099E+00    1.274000  0.58936205E+00
   17.34657720  0.60957026E+00    1.275000  0.58350846E+00
   17.36018236  0.62009160E+00    1.276000  0.59498968E+00
   17.37378752  0.60574990E+00    1.277000  0.58260566E+00
   17.38739268  0.59482655E+00    1.278000  0.57345194E+00
   17.40099784  0.58462132E+00    1.279000  0.56494251E+00
   17.41460300  0.58647604E+00    1.280000  0.56806809E+00
   17.42820816  0.60566071E+00    1.281000  0.58802751E+00
   17.44181331  0.59615632E+00    1.282000  0.58015513E+00
   17.45541847  0.57719292E+00    1.283000  0.56301291E+00
   17.46902363  0.58937580E+00    1.284000  0.57623638E+00
   17.48262879  0.56372981E+00    1.285000  0.55244372E+00
   17.49623395  0.57662727E+00    1.286000  0.56639387E+00
   17.50983911  0.58012171E+00    1.287000  0.57114514E+00
   17.52344427  0.55224949E+00    1.288000  0.54495969E+00
   17.53704942  0.55749014E+00    1.289000  0.55139856E+00
   17.55065458  0.55602566E+00    1.290000  0.55121415E+00
   17.56425974  0.53750411E+00    1.291000  0.53407483E+00
   17.57786490  0.52781290E+00    1.292000  0.52564538E+00
   17.59147006  0.52915129E+00    1.293000  0.52818125E+00
   17.60507522  0.51353705E+00    1.294000  0.51376310E+00
   17.61868038  0.51338818E+00    1.295000  0.51478130E+00
   17.63228553  0.50149624E+00    1.296000  0.50399720E+00
   17.64589069  0.51022351E+00    1.297000  0.51392793E+00
   17.65949585  0.51255585E+00    1.298000  0.51744245E+00
   17.67310101  0.50934815E+00    1.299000  0.51536212E+00
   17.68670617  0.49711477E+00    1.300000  0.50411444E+00
   17.70031133  0.49789482E+00    1.301000  0.50603738E+00
   17.71391649  0.49669049E+00    1.302000  0.50594253E+00
   17.72752164  0.49377698E+00    1.303000  0.50409730E+00
   17.74112680  0.49242965E+00    1.304000  0.50384130E+00
   17.75473196  0.49221663E+00    1.305000  0.50474235E+00
   17.76833712  0.49651438E+00    1.306000  0.51027824E+00
   17.78194228  0.52086738E+00    1.307000  0.53649047E+00
   17.79554744  0.51408436E+00    1.308000  0.53067272E+00
   17.80915260  0.51996104E+00    1.309000  0.53792110E+00
   17.82275776  0.51033978E+00    1.310000  0.52912772E+00
   17.83636291  0.51110598E+00    1.311000  0.53108407E+00
   17.84996807  0.50566624E+00    1.312000  0.52658129E+00
   17.86357323  0.49681512E+00    1.313000  0.51849353E+00
   17.87717839  0.50950361E+00    1.314000  0.53289398E+00
   17.89078355  0.50109735E+00    1.315000  0.52524100E+00
   17.90438871  0.51080903E+00    1.316000  0.53658188E+00
   17.91799387  0.51542912E+00    1.317000  0.54260685E+00
   17.93159902  0.53286220E+00    1.318000  0.56217056E+00
   17.94520418  0.53746492E+00    1.319000  0.56824830E+00
   17.95880934  0.54503172E+00    1.320000  0.57748757E+00
   17.97241450  0.54500708E+00    1.321000  0.57870048E+00
   17.98601966  0.54898300E+00    1.322000  0.58417026E+00
   17.99962482  0.53906228E+00    1.323000  0.57483917E+00
   18.01322998  0.53582510E+00    1.324000  0.57260528E+00
   18.02683513  0.52230738E+00    1.325000  0.55934709E+00
   18.04044029  0.51194139E+00    1.326000  0.54940984E+00
   18.05404545  0.49833141E+00    1.327000  0.53593666E+00
   18.06765061  0.50183786E+00    1.328000  0.54084860E+00
   18.08125577  0.50411127E+00    1.329000  0.54444478E+00
   18.09486093  0.50564705E+00    1.330000  0.54725297E+00
   18.10846609  0.50215922E+00    1.331000  0.54461976E+00
   18.12207124  0.49496777E+00    1.332000  0.53794549E+00
   18.13567640  0.49140058E+00    1.333000  0.53518571E+00
   18.14928156  0.49339309E+00    1.334000  0.53847744E+00
   18.16288672  0.49099973E+00    1.335000  0.53698162E+00
   18.17649188  0.49693432E+00    1.336000  0.54460171E+00
   18.19009704  0.50416833E+00    1.337000  0.55367581E+00
   18.20370220  0.50991915E+00    1.338000  0.56115059E+00
   18.21730735  0.51471308E+00    1.339000  0.56759631E+00
   18.23091251  0.52112214E+00    1.340000  0.57584857E+00
   18.24451767  0.53168222E+00    1.341000  0.58872636E+00
   18.25812283  0.53947786E+00    1.342000  0.59858484E+00
   18.27172799  0.53941762E+00    1.343000  0.59974431E+00
   18.28533315  0.54859374E+00    1.344000  0.61119383E+00
   18.29893831  0.54131666E+00    1.345000  0.60431700E+00
   18.31254346  0.52842816E+00    1.346000  0.59112981E+00
   18.32614862  0.54275809E+00    1.347000  0.60839399E+00
   18.33975378  0.53875975E+00    1.348000  0.60513695E+00
   18.35335894  0.54459891E+00    1.349000  0.61293360E+00
   18.36696410  0.54792936E+00    1.350000  0.61792761E+00
   18.38056926  0.56474712E+00    1.351000  0.63817774E+00
   18.39417442  0.55622250E+00    1.352000  0.62980924E+00
   18.40777957  0.55280063E+00    1.353000  0.62719140E+00
   18.42138473  0.54727411E+00    1.354000  0.62216534E+00
   18.43498989  0.55562518E+00    1.355000  0.63292236E+00
   18.44859505  0.55709854E+00    1.356000  0.63586720E+00
   18.46220021  0.55391704E+00    1.357000  0.63349514E+00
   18.47580537  0.54693324E+00    1.358000  0.62675141E+00
   18.48941053  0.54699245E+00    1.359000  0.62806280E+00
   18.50301568  0.55420697E+00    1.360000  0.63760652E+00
   18.51662084  0.55436109E+00    1.361000  0.63904412E+00
   18.53022600  0.55849760E+00    1.362000  0.64508220E+00
   18.54383116  0.56095437E+00    1.363000  0.64919512E+00
   18.55743632  0.54783716E+00    1.364000  0.63525997E+00
   18.57104148  0.55832481E+00    1.365000  0.64869051E+00
   18.58464664  0.55455020E+00    1.366000  0.64556568E+00
   18.59825179  0.54628302E+00    1.367000  0.63718357E+00
   18.61185695  0.54790052E+00    1.368000  0.64031582E+00
   18.62546211  0.54924983E+00    1.369000  0.64314138E+00
   18.63906727  0.53991027E+00    1.370000  0.63343270E+00
   18.65267243  0.54071487E+00    1.371000  0.63560594E+00
   18.66627759  0.53230659E+00    1.372000  0.62693221E+00
   18.67988275  0.53217423E+00    1.373000  0.62798617E+00
   18.69348790  0.53356153E+00    1.374000  0.63083624E+00
   18.70709306  0.54358481E+00    1.375000  0.64392267E+00
   18.72069822  0.52437445E+00    1.376000  0.62235846E+00
   18.73430338  0.52174509E+00    1.377000  0.62042392E+00
   18.74790854  0.53050189E+00    1.378000  0.63204296E+00
   18.76151370  0.53344327E+00    1.379000  0.63676006E+00
   18.77511886  0.53501584E+00    1.380000  0.63985351E+00
   18.78872402  0.53012582E+00    1.381000  0.63521046E+00
   18.80232917  0.52935071E+00    1.382000  0.63548513E+00
   18.81593433  0.53425909E+00    1.383000  0.64259222E+00
   18.82953949  0.51595210E+00    1.384000  0.62174604E+00
   18.84314465  0.52211467E+00    1.385000  0.63035920E+00
   18.85674981  0.52438937E+00    1.386000  0.63429763E+00
   18.87035497  0.51291836E+00    1.387000  0.62158845E+00
   18.88396013  0.51794168E+00    1.388000  0.62885353E+00
   18.89756528  0.51484593E+00    1.389000  0.62626531E+00
   18.91117044  0.51795261E+00    1.390000  0.63122182E+00
   18.92477560  0.51572423E+00    1.391000  0.62967858E+00
   18.93838076  0.50759624E+00    1.392000  0.62090860E+00
   18.95198592  0.50533738E+00    1.393000  0.61929431E+00
   18.96559108  0.49403580E+00    1.394000  0.60656729E+00
   18.97919624  0.50594288E+00    1.395000  0.62233678E+00
   18.99280139  0.49080864E+00    1.396000  0.60483666E+00
   19.00640655  0.51079722E+00    1.397000  0.63063037E+00
   19.02001171  0.51228558E+00    1.398000  0.63363252E+00
   19.03361687  0.84068498E+01    1.399000  0.10417323E+02
   19.04722203  0.49981237E+00    1.400000  0.62047729E+00
   19.06082719  0.49624705E+00    1.401000  0.61717939E+00
   19.07443235  0.49643683E+00    1.402000  0.61854402E+00
   19.08803750  0.49846852E+00    1.403000  0.62220866E+00
   19.10164266  0.48605035E+00    1.404000  0.60781278E+00
   19.11524782  0.48514869E+00    1.405000  0.60778818E+00
   19.12885298  0.48713250E+00    1.406000  0.61138092E+00
   19.14245814  0.48336905E+00    1.407000  0.60775645E+00
   19.15606330  0.46855455E+00    1.408000  0.59019488E+00
   19.16966846  0.47394680E+00    1.409000  0.59806447E+00
   19.18327361  0.46768784E+00    1.410000  0.59122965E+00
   19.19687877  0.46834322E+00    1.411000  0.59312288E+00
   19.21048393  0.46406123E+00    1.412000  0.58875504E+00
   19.22408909  0.46560645E+00    1.413000  0.59177397E+00
   19.23769425  0.46861759E+00    1.414000  0.59666641E+00
   19.25129941  0.46606053E+00    1.415000  0.59447018E+00
   19.26490457  0.47000262E+00    1.416000  0.60056691E+00
   19.27850972  0.46227537E+00    1.417000  0.59174400E+00
   19.29211488  0.46256315E+00    1.418000  0.59316397E+00
   19.30572004  0.46095877E+00    1.419000  0.59215455E+00
   19.31932520  0.46319869E+00    1.420000  0.59608502E+00
   19.33293036  0.45617054E+00    1.421000  0.58807763E+00
   19.34653552  0.45643690E+00    1.422000  0.58945868E+00
   19.36014068  0.45488454E+00    1.423000  0.58848804E+00
   19.37374583  0.45126514E+00    1.424000  0.58483150E+00
   19.38735099  0.45435305E+00    1.425000  0.58986630E+00
   19.40095615  0.44516113E+00    1.426000  0.57894486E+00
   19.41456131  0.46209390E+00    1.427000  0.60201695E+00
   19.42816647  0.46223372E+00    1.428000  0.60324994E+00
   19.44177163  0.45449803E+00    1.429000  0.59418754E+00
   19.45537679  0.45451811E+00    1.430000  0.59524709E+00
   19.46898194  0.45673489E+00    1.431000  0.59918858E+00
   19.48258710  0.45967299E+00    1.432000  0.60408807E+00
   19.49619226  0.45013985E+00    1.433000  0.59258327E+00
   19.50979742  0.44931396E+00    1.434000  0.59251750E+00
   19.52340258  0.45601901E+00    1.435000  0.60239627E+00
   19.53700774  0.45124400E+00    1.436000  0.59711439E+00
   19.55061290  0.45026088E+00    1.437000  0.59683708E+00
   19.56421805  0.45006927E+00    1.438000  0.59760629E+00
   19.57782321  0.45459202E+00    1.439000  0.60464511E+00
   19.59142837  0.44865513E+00    1.440000  0.59776852E+00
   19.99958313  0.45733987E+00    1.470000  0.64053116E+00
   24.99947891  0.29907697E+00    1.837500  0.66874576E+00
   29.99937469  0.19099185E+00    2.205000  0.58663265E+00
   34.99927048  0.12968976E+00    2.572500  0.50669532E+00
   39.99916626  0.90373729E-01    2.940000  0.42859326E+00
   44.99906204  0.63880675E-01    3.307500  0.35632181E+00
   49.99895782  0.47064809E-01    3.675000  0.30184554E+00
   54.99885361  0.35821441E-01    4.042500  0.25966518E+00
   59.99874939  0.27962910E-01    4.410000  0.22606195E+00
   64.99864517  0.22314272E-01    4.777500  0.19903937E+00
   69.99854095  0.18132227E-01    5.145000  0.17688527E+00
   74.99843674  0.14972082E-01    5.512500  0.15856590E+00
   79.99833252  0.12484476E-01    5.880000  0.14265069E+00
   84.99822830  0.10516208E-01    6.247500  0.12894679E+00
   89.99812408  0.89516689E-02    6.615000  0.11724174E+00
   94.99801987  0.76786194E-02    6.982500  0.10698365E+00
   99.99791565  0.66306483E-02    7.350000  0.97922352E-01
  104.99781143  0.57653248E-02    7.717500  0.89959911E-01
  109.99770721  0.50493818E-02    8.085000  0.83007238E-01
  114.99760300  0.44365212E-02    8.452500  0.76638965E-01
  119.99749878  0.39279042E-02    8.820000  0.71134490E-01
  124.99739456  0.34926659E-02    9.187500  0.66170340E-01
  129.99729034  0.31187470E-02    9.555000  0.61691888E-01
  134.99718613  0.28025515E-02    9.922500  0.57778687E-01
