       eV          sigma            Ry          om               in 10^-16                                                                       
   13.02126328  0.00000000E+00    0.957083  0.00000000E+00
   13.03374193  0.35362949E+01    0.958000  0.29758132E+01
   13.04734709  0.55810674E+01    0.959000  0.47599414E+01
   13.06095225  0.57962275E+01    0.960000  0.50093313E+01
   13.07455741  0.60896480E+01    0.961000  0.53321380E+01
   13.08816257  0.63142341E+01    0.962000  0.56005610E+01
   13.10176772  0.64250942E+01    0.963000  0.57719250E+01
   13.11537288  0.79317532E+01    0.964000  0.72155786E+01
   13.12897804  0.80418611E+01    0.965000  0.74071564E+01
   13.14258320  0.81259028E+01    0.966000  0.75769321E+01
   13.15618836  0.80557786E+01    0.967000  0.76031154E+01
   13.16979352  0.83141079E+01    0.968000  0.79414353E+01
   13.18339868  0.84678750E+01    0.969000  0.81845642E+01
   13.19700383  0.86261482E+01    0.970000  0.84355954E+01
   13.21060899  0.86851566E+01    0.971000  0.85920244E+01
   13.22421415  0.89491053E+01    0.972000  0.89548671E+01
   13.23781931  0.92115147E+01    0.973000  0.93221527E+01
   13.25142447  0.91623247E+01    0.974000  0.93765199E+01
   13.26502963  0.92229014E+01    0.975000  0.95433494E+01
   13.27863479  0.93716143E+01    0.976000  0.98037564E+01
   13.30584510  0.92336265E+01    0.978000  0.98693229E+01
   13.31945026  0.93339471E+01    0.979000  0.10082649E+02
   13.33305542  0.89844223E+01    0.980000  0.98072137E+01
   13.34666058  0.93147541E+01    0.981000  0.10273678E+02
   13.36026574  0.98573583E+01    0.982000  0.10984190E+02
   13.37387090  0.10147743E+02    0.983000  0.11423119E+02
   13.38747605  0.97311076E+01    0.984000  0.11064734E+02
   13.40108121  0.96233308E+01    0.985000  0.11051575E+02
   13.41468637  0.96389016E+01    0.986000  0.11179022E+02
   13.42829153  0.96871770E+01    0.987000  0.11345125E+02
   13.44189669  0.10036201E+02    0.988000  0.11867966E+02
   13.45550185  0.10144471E+02    0.989000  0.12111308E+02
   13.46910701  0.10336928E+02    0.990000  0.12458580E+02
   13.48271216  0.99814461E+01    0.991000  0.12143594E+02
   13.49631732  0.99831334E+01    0.992000  0.12259125E+02
   13.50992248  0.99648656E+01    0.993000  0.12349963E+02
   13.52352764  0.95327013E+01    0.994000  0.11922718E+02
   13.53713280  0.10027554E+02    0.995000  0.12655622E+02
   13.55073796  0.10104205E+02    0.996000  0.12867217E+02
   13.56434312  0.10221073E+02    0.997000  0.13132225E+02
   13.57794827  0.10210787E+02    0.998000  0.13235075E+02
   13.59155343  0.10362331E+02    0.999000  0.13549293E+02
   13.60515859  0.10569304E+02    1.000000  0.13940062E+02
   13.61876375  0.10610138E+02    1.001000  0.14114525E+02
   13.63236891  0.10848568E+02    1.002000  0.14555021E+02
   13.64597407  0.10904072E+02    1.003000  0.14753434E+02
   13.65957923  0.10822921E+02    1.004000  0.14766659E+02
   13.67318438  0.10520325E+02    1.005000  0.14473386E+02
   13.70039470  0.10959164E+02    1.007000  0.15326266E+02
   13.71399986  0.10333806E+02    1.008000  0.14569174E+02
   13.75481534  0.74456230E+01    1.011000  0.10751156E+02
   13.76842049  0.73836681E+01    1.012000  0.10745626E+02
   13.78202565  0.79414203E+01    1.013000  0.11647606E+02
   13.79563081  0.81296809E+01    1.014000  0.12016136E+02
   13.80923597  0.81372590E+01    1.015000  0.12119833E+02
   13.82284113  0.79282925E+01    1.016000  0.11898714E+02
   13.83644629  0.79081108E+01    1.017000  0.11958317E+02
   13.85005145  0.80066891E+01    1.018000  0.12198395E+02
   13.86365660  0.82146268E+01    1.019000  0.12608569E+02
   13.87726176  0.83892860E+01    1.020000  0.12972013E+02
   13.89086692  0.87886880E+01    1.021000  0.13689493E+02
   13.90447208  0.90116105E+01    1.022000  0.14139158E+02
   13.91807724  0.91195334E+01    1.023000  0.14412150E+02
   13.93168240  0.93704152E+01    1.024000  0.14915147E+02
   13.94528756  0.94080633E+01    1.025000  0.15082014E+02
   13.95889272  0.93563177E+01    1.026000  0.15105414E+02
   13.97249787  0.93294918E+01    1.027000  0.15168153E+02
   13.98610303  0.92605873E+01    1.028000  0.15161391E+02
   13.99970819  0.92250563E+01    1.029000  0.15208081E+02
   14.01331335  0.92646597E+01    1.030000  0.15378681E+02
   14.02691851  0.92387706E+01    1.031000  0.15440724E+02
   14.04052367  0.92721070E+01    1.032000  0.15601835E+02
   14.05412883  0.93012765E+01    1.033000  0.15756645E+02
   14.06773398  0.93052032E+01    1.034000  0.15869069E+02
   14.08133914  0.93324607E+01    1.035000  0.16021636E+02
   14.09494430  0.93506607E+01    1.036000  0.16159170E+02
   14.10854946  0.95727265E+01    1.037000  0.16651742E+02
   14.12215462  0.95081110E+01    1.038000  0.16647422E+02
   14.13575978  0.94695329E+01    1.039000  0.16687517E+02
   14.14936494  0.95429141E+01    1.040000  0.16925306E+02
   14.16297009  0.96237782E+01    1.041000  0.17178120E+02
   14.17657525  0.96967066E+01    1.042000  0.17418517E+02
   14.19018041  0.97876158E+01    1.043000  0.17693076E+02
   14.20378557  0.97480248E+01    1.044000  0.17732313E+02
   14.21739073  0.96799181E+01    1.045000  0.17718454E+02
   14.23099589  0.97909825E+01    1.046000  0.18033044E+02
   14.24460105  0.98523870E+01    1.047000  0.18258131E+02
   14.25820620  0.98545307E+01    1.048000  0.18374120E+02
   14.27181136  0.97837427E+01    1.049000  0.18353345E+02
   14.28541652  0.97215896E+01    1.050000  0.18347257E+02
   14.29902168  0.96052838E+01    1.051000  0.18236940E+02
   14.31262684  0.94768128E+01    1.052000  0.18100743E+02
   14.32623200  0.92530611E+01    1.053000  0.17778556E+02
   14.33983716  0.91151662E+01    1.054000  0.17617221E+02
   14.35344231  0.92902021E+01    1.055000  0.18061121E+02
   14.36704747  0.93436462E+01    1.056000  0.18271231E+02
   14.38065263  0.91581016E+01    1.057000  0.18012504E+02
   14.39425779  0.89930904E+01    1.058000  0.17790178E+02
   14.40786295  0.87413441E+01    1.059000  0.17391535E+02
   14.42146811  0.86118405E+01    1.060000  0.17231769E+02
   14.43507327  0.85008958E+01    1.061000  0.17106405E+02
   14.44867842  0.85810769E+01    1.062000  0.17365295E+02
   14.46228358  0.87054430E+01    1.063000  0.17715926E+02
   14.47588874  0.88819838E+01    1.064000  0.18176155E+02
   14.48949390  0.90311763E+01    1.065000  0.18584121E+02
   14.50309906  0.91380524E+01    1.066000  0.18907920E+02
   14.51670422  0.91897781E+01    1.067000  0.19119408E+02
   14.53030938  0.93721140E+01    1.068000  0.19605292E+02
   14.54391453  0.94411589E+01    1.069000  0.19857043E+02
   14.55751969  0.94651645E+01    1.070000  0.20015123E+02
   14.57112485  0.95377531E+01    1.071000  0.20277035E+02
   14.58473001  0.95758459E+01    1.072000  0.20466868E+02
   14.59833517  0.97245204E+01    1.073000  0.20895175E+02
   14.61194033  0.98983473E+01    1.074000  0.21381193E+02
   14.62554549  0.10126246E+02    1.075000  0.21988576E+02
   14.63915064  0.10149087E+02    1.076000  0.22153540E+02
   14.65275580  0.10135932E+02    1.077000  0.22240040E+02
   14.66636096  0.10197348E+02    1.078000  0.22490710E+02
   14.67996612  0.10207710E+02    1.079000  0.22629596E+02
   14.69357128  0.10213803E+02    1.080000  0.22759202E+02
   14.70717644  0.10236882E+02    1.081000  0.22926991E+02
   14.72078160  0.10282754E+02    1.082000  0.23146613E+02
   14.73438675  0.10350136E+02    1.083000  0.23415940E+02
   14.74799191  0.10357561E+02    1.084000  0.23550474E+02
   14.76159707  0.10376594E+02    1.085000  0.23711701E+02
   14.77520223  0.10389967E+02    1.086000  0.23860362E+02
   14.78880739  0.10322745E+02    1.087000  0.23823327E+02
   14.80241255  0.10283166E+02    1.088000  0.23848873E+02
   14.81601771  0.10354430E+02    1.089000  0.24131848E+02
   14.82962286  0.10337904E+02    1.090000  0.24210843E+02
   14.84322802  0.10332397E+02    1.091000  0.24315395E+02
   14.85683318  0.10361472E+02    1.092000  0.24501597E+02
   14.87043834  0.10369019E+02    1.093000  0.24637307E+02
   14.88404350  0.10355924E+02    1.094000  0.24723907E+02
   14.89764866  0.10379531E+02    1.095000  0.24898251E+02
   14.91125382  0.10363520E+02    1.096000  0.24977647E+02
   14.92485898  0.10453642E+02    1.097000  0.25313681E+02
   14.93846413  0.10479953E+02    1.098000  0.25496520E+02
   14.95206929  0.10435715E+02    1.099000  0.25507516E+02
   14.96567445  0.10379351E+02    1.100000  0.25487730E+02
   14.97927961  0.10388622E+02    1.101000  0.25628583E+02
   14.99288477  0.10364111E+02    1.102000  0.25685923E+02
   15.00648993  0.10352382E+02    1.103000  0.25774532E+02
   15.02009509  0.10367851E+02    1.104000  0.25930895E+02
   15.03370024  0.10368780E+02    1.105000  0.26051081E+02
   15.04730540  0.10314948E+02    1.106000  0.26033081E+02
   15.06091056  0.10385259E+02    1.107000  0.26328582E+02
   15.07451572  0.10348382E+02    1.108000  0.26352723E+02
   15.08812088  0.10317492E+02    1.109000  0.26391338E+02
   15.10172604  0.10328076E+02    1.110000  0.26535810E+02
   15.11533120  0.10316826E+02    1.111000  0.26624176E+02
   15.12893635  0.10269378E+02    1.112000  0.26618462E+02
   15.14254151  0.10302807E+02    1.113000  0.26822223E+02
   15.15614667  0.10339532E+02    1.114000  0.27035361E+02
   15.16975183  0.10340125E+02    1.115000  0.27154448E+02
   15.18335699  0.10322216E+02    1.116000  0.27224748E+02
   15.19696215  0.10314181E+02    1.117000  0.27320799E+02
   15.21056731  0.10296436E+02    1.118000  0.27390833E+02
   15.22417246  0.10289284E+02    1.119000  0.27488767E+02
   15.23777762  0.10265859E+02    1.120000  0.27542877E+02
   15.25138278  0.10235826E+02    1.121000  0.27578648E+02
   15.26498794  0.10257923E+02    1.122000  0.27754788E+02
   15.27859310  0.10280295E+02    1.123000  0.27932176E+02
   15.29219826  0.10274718E+02    1.124000  0.28033814E+02
   15.30580342  0.10319777E+02    1.125000  0.28274061E+02
   15.31940857  0.10338710E+02    1.126000  0.28443452E+02
   15.33301373  0.10335279E+02    1.127000  0.28551493E+02
   15.34661889  0.10337233E+02    1.128000  0.28674395E+02
   15.36022405  0.10346455E+02    1.129000  0.28817585E+02
   15.37382921  0.10389506E+02    1.130000  0.29055590E+02
   15.38743437  0.10453343E+02    1.131000  0.29352941E+02
   15.40103953  0.10559810E+02    1.132000  0.29771935E+02
   15.41464468  0.10650235E+02    1.133000  0.30147936E+02
   15.42824984  0.10714589E+02    1.134000  0.30451898E+02
   15.44185500  0.10800851E+02    1.135000  0.30819834E+02
   15.45546016  0.10911994E+02    1.136000  0.31261013E+02
   15.46906532  0.10946929E+02    1.137000  0.31485530E+02
   15.48267048  0.10980171E+02    1.138000  0.31705954E+02
   15.50988079  0.10974409E+02    1.140000  0.31938806E+02
   15.52348595  0.10953021E+02    1.141000  0.32001064E+02
   15.53709111  0.10885859E+02    1.142000  0.31928580E+02
   15.55069627  0.10907377E+02    1.143000  0.32115677E+02
   15.56430143  0.10934582E+02    1.144000  0.32320072E+02
   15.57790659  0.10899255E+02    1.145000  0.32339546E+02
   15.59151175  0.10919573E+02    1.146000  0.32523954E+02
   15.60511690  0.10931566E+02    1.147000  0.32683935E+02
   15.61872206  0.10922614E+02    1.148000  0.32781326E+02
   15.63232722  0.10913034E+02    1.149000  0.32876623E+02
   15.64593238  0.10960391E+02    1.150000  0.33143876E+02
   15.65953754  0.10945202E+02    1.151000  0.33222359E+02
   15.67314270  0.10941396E+02    1.152000  0.33335178E+02
   15.68674786  0.10946451E+02    1.153000  0.33475009E+02
   15.70035301  0.11005980E+02    1.154000  0.33782157E+02
   15.71395817  0.10994990E+02    1.155000  0.33873404E+02
   15.72756333  0.10978722E+02    1.156000  0.33948080E+02
   15.74116849  0.10990016E+02    1.157000  0.34107925E+02
   15.75477365  0.11005540E+02    1.158000  0.34281204E+02
   15.76837881  0.11054335E+02    1.159000  0.34558850E+02
   15.78198397  0.11056467E+02    1.160000  0.34691197E+02
   15.79558912  0.11060672E+02    1.161000  0.34830115E+02
   15.80919428  0.11071373E+02    1.162000  0.34989662E+02
   15.82279944  0.11074490E+02    1.163000  0.35125395E+02
   15.83640460  0.11044596E+02    1.164000  0.35156125E+02
   15.85000976  0.11063384E+02    1.165000  0.35341686E+02
   15.86361492  0.11057138E+02    1.166000  0.35447420E+02
   15.87722008  0.11053807E+02    1.167000  0.35562389E+02
   15.89082524  0.11047124E+02    1.168000  0.35666462E+02
   15.90443039  0.11048844E+02    1.169000  0.35797606E+02
   15.91803555  0.11058830E+02    1.170000  0.35955665E+02
   15.93164071  0.11052692E+02    1.171000  0.36061344E+02
   15.94524587  0.11040879E+02    1.172000  0.36148304E+02
   15.95885103  0.11035636E+02    1.173000  0.36256580E+02
   15.97245619  0.11013431E+02    1.174000  0.36308818E+02
   15.98606135  0.10987675E+02    1.175000  0.36348802E+02
   15.99966650  0.11000670E+02    1.176000  0.36516836E+02
   16.01327166  0.11014417E+02    1.177000  0.36687670E+02
   16.02687682  0.10991656E+02    1.178000  0.36736799E+02
   16.04048198  0.11005721E+02    1.179000  0.36908910E+02
   16.05408714  0.11019773E+02    1.180000  0.37081295E+02
   16.06769230  0.11003624E+02    1.181000  0.37152033E+02
   16.08129746  0.11012533E+02    1.182000  0.37307292E+02
   16.09490261  0.10989213E+02    1.183000  0.37353207E+02
   16.10850777  0.11005643E+02    1.184000  0.37534155E+02
   16.12211293  0.11003581E+02    1.185000  0.37652200E+02
   16.13571809  0.10996568E+02    1.186000  0.37753201E+02
   16.14932325  0.10994706E+02    1.187000  0.37871785E+02
   16.16292841  0.11033571E+02    1.188000  0.38131076E+02
   16.17653357  0.11016246E+02    1.189000  0.38196422E+02
   16.19013872  0.11010470E+02    1.190000  0.38301553E+02
   16.20374388  0.11019206E+02    1.191000  0.38457196E+02
   16.21734904  0.11038934E+02    1.192000  0.38651528E+02
   16.23095420  0.11041938E+02    1.193000  0.38787560E+02
   16.24455936  0.11038779E+02    1.194000  0.38901940E+02
   16.25816452  0.11056894E+02    1.195000  0.39091462E+02
   16.27176968  0.11048769E+02    1.196000  0.39188328E+02
   16.28537483  0.11065504E+02    1.197000  0.39373466E+02
   16.29897999  0.11094053E+02    1.198000  0.39601157E+02
   16.31258515  0.11098499E+02    1.199000  0.39743181E+02
   16.32619031  0.11070783E+02    1.200000  0.39769773E+02
   16.33979547  0.11136295E+02    1.201000  0.40131699E+02
   16.35340063  0.11148480E+02    1.202000  0.40302335E+02
   16.36700579  0.11140358E+02    1.203000  0.40399606E+02
   16.39421610  0.11161173E+02    1.205000  0.40728829E+02
   16.40782126  0.11156161E+02    1.206000  0.40837351E+02
   16.42142642  0.11171032E+02    1.207000  0.41018768E+02
   16.43503158  0.11154347E+02    1.208000  0.41084292E+02
   16.44863674  0.11152991E+02    1.209000  0.41206076E+02
   16.46224190  0.11162962E+02    1.210000  0.41369804E+02
   16.47584705  0.11189881E+02    1.211000  0.41596762E+02
   16.48945221  0.11215000E+02    1.212000  0.41817618E+02
   16.50305737  0.11223777E+02    1.213000  0.41977926E+02
   16.51666253  0.11255470E+02    1.214000  0.42224400E+02
   16.53026769  0.11254255E+02    1.215000  0.42347768E+02
   16.54387285  0.11237543E+02    1.216000  0.42412622E+02
   16.55747801  0.11257095E+02    1.217000  0.42614376E+02
   16.57108316  0.11317836E+02    1.218000  0.42972963E+02
   16.58468832  0.11323617E+02    1.219000  0.43123628E+02
   16.59829348  0.11340116E+02    1.220000  0.43315366E+02
   16.61189864  0.11370191E+02    1.221000  0.43559486E+02
   16.62550380  0.11371659E+02    1.222000  0.43694372E+02
   16.63910896  0.11417279E+02    1.223000  0.43999442E+02
   16.65271412  0.11442956E+02    1.224000  0.44228467E+02
   16.67992443  0.11473391E+02    1.226000  0.44606938E+02
   16.69352959  0.11477495E+02    1.227000  0.44753356E+02
   16.70713475  0.11487993E+02    1.228000  0.44924876E+02
   16.72073991  0.11504031E+02    1.229000  0.45118361E+02
   16.73434507  0.11548436E+02    1.230000  0.45423787E+02
   16.74795023  0.11556050E+02    1.231000  0.45585090E+02
   16.76155538  0.11547583E+02    1.232000  0.45682954E+02
   16.77516054  0.11545333E+02    1.233000  0.45805288E+02
   16.78876570  0.11534065E+02    1.234000  0.45891690E+02
   16.80237086  0.11499291E+02    1.235000  0.45884043E+02
   16.81597602  0.11494029E+02    1.236000  0.45993699E+02
   16.82958118  0.11496029E+02    1.237000  0.46132377E+02
   16.84318634  0.11459755E+02    1.238000  0.46117078E+02
   16.85679150  0.11466988E+02    1.239000  0.46276530E+02
   16.87039665  0.11464091E+02    1.240000  0.46395152E+02
   16.88400181  0.11477793E+02    1.241000  0.46581072E+02
   16.89760697  0.11483126E+02    1.242000  0.46733244E+02
   16.91121213  0.11465140E+02    1.243000  0.46790368E+02
   16.92481729  0.11470231E+02    1.244000  0.46941528E+02
   16.93842245  0.11483799E+02    1.245000  0.47127590E+02
   16.95202761  0.11481371E+02    1.246000  0.47248137E+02
   16.96563276  0.11477286E+02    1.247000  0.47361786E+02
   16.97923792  0.11471160E+02    1.248000  0.47466902E+02
   16.99284308  0.11508245E+02    1.249000  0.47751168E+02
   17.00644824  0.11499261E+02    1.250000  0.47844606E+02
   17.02005340  0.11486922E+02    1.251000  0.47923838E+02
   17.03365856  0.11493754E+02    1.252000  0.48082990E+02
   17.04726372  0.11509609E+02    1.253000  0.48280146E+02
   17.06086887  0.11534054E+02    1.254000  0.48513797E+02
   17.07447403  0.11556427E+02    1.255000  0.48739263E+02
   17.08807919  0.11532193E+02    1.256000  0.48768143E+02
   17.10168435  0.11528062E+02    1.257000  0.48881711E+02
   17.11528951  0.11560536E+02    1.258000  0.49150817E+02
   17.12889467  0.11558084E+02    1.259000  0.49271772E+02
   17.14249983  0.11563916E+02    1.260000  0.49428081E+02
   17.15610498  0.11562561E+02    1.261000  0.49553721E+02
   17.16971014  0.11566146E+02    1.262000  0.49700556E+02
   17.18331530  0.11549372E+02    1.263000  0.49759762E+02
   17.19692046  0.11566827E+02    1.264000  0.49966445E+02
   17.21052562  0.11556966E+02    1.265000  0.50055215E+02
   17.22413078  0.11572126E+02    1.266000  0.50252416E+02
   17.23773594  0.11551843E+02    1.267000  0.50295645E+02
   17.25134109  0.11565359E+02    1.268000  0.50485954E+02
   17.26494625  0.11572627E+02    1.269000  0.50649227E+02
   17.27855141  0.11547468E+02    1.270000  0.50670379E+02
   17.29215657  0.11558532E+02    1.271000  0.50850312E+02
   17.30576173  0.11568162E+02    1.272000  0.51024174E+02
   17.31936689  0.11554873E+02    1.273000  0.51096903E+02
   17.33297205  0.11548102E+02    1.274000  0.51198226E+02
   17.34657720  0.11552640E+02    1.275000  0.51349664E+02
   17.36018236  0.11543337E+02    1.276000  0.51439529E+02
   17.37378752  0.11541282E+02    1.277000  0.51561562E+02
   17.38739268  0.11547948E+02    1.278000  0.51722608E+02
   17.40099784  0.11551094E+02    1.279000  0.51867998E+02
   17.41460300  0.11535917E+02    1.280000  0.51930979E+02
   17.42820816  0.11541389E+02    1.281000  0.52086804E+02
   17.44181331  0.11541204E+02    1.282000  0.52217158E+02
   17.45541847  0.11538173E+02    1.283000  0.52334596E+02
   17.46902363  0.11558455E+02    1.284000  0.52557977E+02
   17.48262879  0.11547224E+02    1.285000  0.52638165E+02
   17.49623395  0.11558097E+02    1.286000  0.52819110E+02
   17.50983911  0.11563505E+02    1.287000  0.52975265E+02
   17.52344427  0.11564265E+02    1.288000  0.53110201E+02
   17.53704942  0.11570669E+02    1.289000  0.53271135E+02
   17.55065458  0.11564146E+02    1.290000  0.53372552E+02
   17.56425974  0.11557584E+02    1.291000  0.53473641E+02
   17.57786490  0.11560318E+02    1.292000  0.53617695E+02
   17.59147006  0.11585776E+02    1.293000  0.53867466E+02
   17.60507522  0.11591953E+02    1.294000  0.54027953E+02
   17.61868038  0.11600102E+02    1.295000  0.54197790E+02
   17.63228553  0.11594624E+02    1.296000  0.54303994E+02
   17.64589069  0.11613963E+02    1.297000  0.54526584E+02
   17.65949585  0.11614636E+02    1.298000  0.54661767E+02
   17.67310101  0.11608811E+02    1.299000  0.54766311E+02
   17.68670617  0.11605799E+02    1.300000  0.54884023E+02
   17.70031133  0.11609037E+02    1.301000  0.55031296E+02
   17.71391649  0.11624982E+02    1.302000  0.55239023E+02
   17.72752164  0.11641932E+02    1.303000  0.55451900E+02
   17.74112680  0.11609587E+02    1.304000  0.55429804E+02
   17.75473196  0.11598455E+02    1.305000  0.55508492E+02
   17.76833712  0.11623624E+02    1.306000  0.55761071E+02
   17.78194228  0.11622482E+02    1.307000  0.55887710E+02
   17.79554744  0.11617541E+02    1.308000  0.55996006E+02
   17.80915260  0.11619617E+02    1.309000  0.56138093E+02
   17.82275776  0.11641091E+02    1.310000  0.56374165E+02
   17.83636291  0.11638239E+02    1.311000  0.56492646E+02
   17.84996807  0.11648212E+02    1.312000  0.56673459E+02
   17.86357323  0.11646497E+02    1.313000  0.56797498E+02
   17.87717839  0.11644248E+02    1.314000  0.56918892E+02
   17.89078355  0.11625681E+02    1.315000  0.56960281E+02
   17.90438871  0.11624350E+02    1.316000  0.57085894E+02
   17.91799387  0.11614676E+02    1.317000  0.57170410E+02
   17.93159902  0.11607766E+02    1.318000  0.57268343E+02
   17.94520418  0.11618090E+02    1.319000  0.57451341E+02
   17.95880934  0.11630557E+02    1.320000  0.57645194E+02
   17.97241450  0.11632750E+02    1.321000  0.57788294E+02
   17.98601966  0.11622413E+02    1.322000  0.57869053E+02
   17.99962482  0.11658316E+02    1.323000  0.58180338E+02
   18.01322998  0.11660678E+02    1.324000  0.58324673E+02
   18.02683513  0.11679218E+02    1.325000  0.58550163E+02
   18.04044029  0.11677438E+02    1.326000  0.58673979E+02
   18.05404545  0.11666124E+02    1.327000  0.58749741E+02
   18.06765061  0.11680064E+02    1.328000  0.58952709E+02
   18.08125577  0.11667152E+02    1.329000  0.59020157E+02
   18.09486093  0.11658819E+02    1.330000  0.59110530E+02
   18.10846609  0.11635378E+02    1.331000  0.59123942E+02
   18.12207124  0.11642455E+02    1.332000  0.59292243E+02
   18.13567640  0.11633747E+02    1.333000  0.59380134E+02
   18.14928156  0.11651160E+02    1.334000  0.59601453E+02
   18.16288672  0.11659418E+02    1.335000  0.59776228E+02
   18.17649188  0.11663238E+02    1.336000  0.59928388E+02
   18.19009704  0.11685848E+02    1.337000  0.60177397E+02
   18.20370220  0.11683874E+02    1.338000  0.60300042E+02
   18.21730735  0.11686362E+02    1.339000  0.60445721E+02
   18.23091251  0.11692954E+02    1.340000  0.60612733E+02
   18.24451767  0.11688514E+02    1.341000  0.60722581E+02
   18.25812283  0.11694978E+02    1.342000  0.60889097E+02
   18.27172799  0.11703476E+02    1.343000  0.61066373E+02
   18.28533315  0.11717750E+02    1.344000  0.61274047E+02
   18.29893831  0.11704397E+02    1.345000  0.61337266E+02
   18.31254346  0.11705239E+02    1.346000  0.61474735E+02
   18.32614862  0.11786231E+02    1.347000  0.62034070E+02
   18.33975378  0.11707933E+02    1.348000  0.61755049E+02
   18.35335894  0.11706071E+02    1.349000  0.61878289E+02
   18.36696410  0.11692872E+02    1.350000  0.61941433E+02
   18.38056926  0.11695200E+02    1.351000  0.62086707E+02
   18.39417442  0.11676609E+02    1.352000  0.62120741E+02
   18.40777957  0.11669459E+02    1.353000  0.62215344E+02
   18.42138473  0.11676908E+02    1.354000  0.62387793E+02
   18.43498989  0.11665648E+02    1.355000  0.62460237E+02
   18.44859505  0.11653151E+02    1.356000  0.62525784E+02
   18.46220021  0.11648448E+02    1.357000  0.62632960E+02
   18.47580537  0.11651557E+02    1.358000  0.62782117E+02
   18.48941053  0.11627606E+02    1.359000  0.62785233E+02
   18.50301568  0.11643493E+02    1.360000  0.63003371E+02
   18.51662084  0.11641230E+02    1.361000  0.63123448E+02
   18.53022600  0.11665009E+02    1.362000  0.63384988E+02
   18.54383116  0.11658762E+02    1.363000  0.63483566E+02
   18.55743632  0.11666663E+02    1.364000  0.63659201E+02
   18.57104148  0.11679630E+02    1.365000  0.63862719E+02
   18.58464664  0.11655734E+02    1.366000  0.63864552E+02
   18.59825179  0.11659321E+02    1.367000  0.64016736E+02
   18.61185695  0.11646842E+02    1.368000  0.64080608E+02
   18.62546211  0.11649684E+02    1.369000  0.64228667E+02
   18.63906727  0.11638328E+02    1.370000  0.64298351E+02
   18.65267243  0.11629730E+02    1.371000  0.64383046E+02
   18.66627759  0.11645246E+02    1.372000  0.64601313E+02
   18.67988275  0.11632036E+02    1.373000  0.64660252E+02
   18.69348790  0.11625605E+02    1.374000  0.64756649E+02
   18.70709306  0.22529830E+02    1.375000  0.12575119E+03
   18.72069822  0.11624237E+02    1.376000  0.65013298E+02
   18.73430338  0.11616397E+02    1.377000  0.65101493E+02
   18.74790854  0.11615461E+02    1.378000  0.65228282E+02
   18.76151370  0.11608071E+02    1.379000  0.65318727E+02
   18.77511886  0.11601548E+02    1.380000  0.65413898E+02
   18.78872402  0.11599364E+02    1.381000  0.65533433E+02
   18.80232917  0.11592133E+02    1.382000  0.65624346E+02
   18.81593433  0.11668721E+02    1.383000  0.66190561E+02
   18.82953949  0.11586586E+02    1.384000  0.65856358E+02
   18.84314465  0.11572373E+02    1.385000  0.65907115E+02
   18.85674981  0.11566331E+02    1.386000  0.66004177E+02
   18.87035497  0.11567399E+02    1.387000  0.66141759E+02
   18.88396013  0.11546829E+02    1.388000  0.66155391E+02
   18.89756528  0.11552824E+02    1.389000  0.66321062E+02
   18.91117044  0.11559149E+02    1.390000  0.66488762E+02
   18.92477560  0.11550892E+02    1.391000  0.66572567E+02
   18.93838076  0.11557146E+02    1.392000  0.66739983E+02
   18.95198592  0.11554285E+02    1.393000  0.66854798E+02
   18.96559108  0.11894877E+02    1.394000  0.68960721E+02
   18.97919624  0.11545817E+02    1.395000  0.67068285E+02
   18.99280139  0.11540104E+02    1.396000  0.67166274E+02
   19.00640655  0.11540301E+02    1.397000  0.67298600E+02
   19.02001171  0.11539069E+02    1.398000  0.67422580E+02
   19.03361687  0.12688662E+02    1.399000  0.74283864E+02
   19.04722203  0.11526132E+02    1.400000  0.67609021E+02
   19.06082719  0.11536176E+02    1.401000  0.67799069E+02
   19.07443235  0.11518259E+02    1.402000  0.67824700E+02
   19.08803750  0.11527817E+02    1.403000  0.68012015E+02
   19.10164266  0.11521364E+02    1.404000  0.68104910E+02
   19.11524782  0.11524226E+02    1.405000  0.68252821E+02
   19.12885298  0.11529521E+02    1.406000  0.68415236E+02
   19.14245814  0.11528415E+02    1.407000  0.68539721E+02
   19.15606330  0.11524627E+02    1.408000  0.68648198E+02
   19.16966846  0.11521200E+02    1.409000  0.68758748E+02
   19.18327361  0.11520977E+02    1.410000  0.68888376E+02
   19.19687877  0.11518951E+02    1.411000  0.69007195E+02
   19.21048393  0.11516397E+02    1.412000  0.69122804E+02
   19.22408909  0.11521283E+02    1.413000  0.69283089E+02
   19.23769425  0.11521068E+02    1.414000  0.69412760E+02
   19.25129941  0.11513096E+02    1.415000  0.69495596E+02
   19.26490457  0.11509564E+02    1.416000  0.69605109E+02
   19.27850972  0.11502918E+02    1.417000  0.69695670E+02
   19.29211488  0.11504198E+02    1.418000  0.69834190E+02
   19.30572004  0.11504232E+02    1.419000  0.69965164E+02
   19.31932520  0.11495348E+02    1.420000  0.70041802E+02
   19.33293036  0.11494033E+02    1.421000  0.70164442E+02
   19.34653552  0.11492539E+02    1.422000  0.70285957E+02
   19.36014068  0.11490108E+02    1.423000  0.70401698E+02
   19.37374583  0.11491617E+02    1.424000  0.70541572E+02
   19.38735099  0.11489223E+02    1.425000  0.70657472E+02
   19.40095615  0.11481061E+02    1.426000  0.70737783E+02
   19.41456131  0.12085798E+02    1.427000  0.74601102E+02
   19.42816647  0.11479053E+02    1.428000  0.70986377E+02
   19.44177163  0.11471436E+02    1.429000  0.71069667E+02
   19.45537679  0.11469014E+02    1.430000  0.71185034E+02
   19.46898194  0.11465269E+02    1.431000  0.71292114E+02
   19.48258710  0.11456872E+02    1.432000  0.71370128E+02
   19.49619226  0.11461792E+02    1.433000  0.71531063E+02
   19.50979742  0.11490229E+02    1.434000  0.71839143E+02
   19.52340258  0.11698710E+02    1.435000  0.73275587E+02
   19.53700774  0.11451326E+02    1.436000  0.71856250E+02
   19.55061290  0.11448956E+02    1.437000  0.71971518E+02
   19.56421805  0.11444540E+02    1.438000  0.72073850E+02
   19.57782321  0.11440163E+02    1.439000  0.72176324E+02
   19.59142837  0.11433459E+02    1.440000  0.72263994E+02
   19.99958313  0.11336302E+02    1.470000  0.75515713E+02
   24.99947891  0.92274204E+01    1.837500  0.10001394E+03
   29.99937469  0.72668862E+01    2.205000  0.10912062E+03
   34.99927048  0.57997865E+01    2.572500  0.11131829E+03
   39.99916626  0.47237980E+01    2.940000  0.11039934E+03
   44.99906204  0.38996801E+01    3.307500  0.10742938E+03
   49.99895782  0.32584648E+01    3.675000  0.10337683E+03
   54.99885361  0.27566291E+01    4.042500  0.98971239E+02
   59.99874939  0.23577036E+01    4.410000  0.94497618E+02
   64.99864517  0.20357242E+01    4.777500  0.90096541E+02
   69.99854095  0.17721686E+01    5.145000  0.85835170E+02
   74.99843674  0.15539487E+01    5.512500  0.81757084E+02
   79.99833252  0.13714158E+01    5.880000  0.77882489E+02
   84.99822830  0.12172045E+01    6.247500  0.74209563E+02
   89.99812408  0.10860057E+01    6.615000  0.70747388E+02
   94.99801987  0.97347857E+00    6.982500  0.67483434E+02
   99.99791565  0.87635620E+00    7.350000  0.64411586E+02
  104.99781143  0.79199552E+00    7.717500  0.61519591E+02
  109.99770721  0.71836795E+00    8.085000  0.58801334E+02
  114.99760300  0.65375786E+00    8.452500  0.56243724E+02
  119.99749878  0.59680294E+00    8.820000  0.53836877E+02
  124.99739456  0.54639309E+00    9.187500  0.51571951E+02
  129.99729034  0.50158078E+00    9.555000  0.49437577E+02
  134.99718613  0.46162174E+00    9.922500  0.47427437E+02
