       eV          sigma            Ry          om               in 10^-16                                                                       
   13.02126328  0.00000000E+00    0.957083  0.00000000E+00
   13.03374193  0.70929931E-01    0.958000  0.14829207E+00
   13.04734709  0.81198190E-01    0.959000  0.17086733E+00
   13.06095225  0.75747138E-01    0.960000  0.16042977E+00
   13.07455741  0.71162260E-01    0.961000  0.15168984E+00
   13.08816257  0.75751230E-01    0.962000  0.16250499E+00
   13.10176772  0.79600199E-01    0.963000  0.17184775E+00
   13.11537288  0.10038774E+00    0.964000  0.21809500E+00
   13.12897804  0.10326115E+00    0.965000  0.22574610E+00
   13.14258320  0.10361672E+00    0.966000  0.22793679E+00
   13.15618836  0.10365284E+00    0.967000  0.22943013E+00
   13.16979352  0.10492040E+00    0.968000  0.23366695E+00
   13.18339868  0.10595008E+00    0.969000  0.23740533E+00
   13.19700383  0.10760751E+00    0.970000  0.24258699E+00
   13.21060899  0.11523617E+00    0.971000  0.26135667E+00
   13.22421415  0.11731210E+00    0.972000  0.26766510E+00
   13.23781931  0.11883863E+00    0.973000  0.27276909E+00
   13.25142447  0.12390208E+00    0.974000  0.28608126E+00
   13.26502963  0.12183019E+00    0.975000  0.28295923E+00
   13.27863479  0.12453219E+00    0.976000  0.29093348E+00
   13.30584510  0.12277153E+00    0.978000  0.29016951E+00
   13.31945026  0.12758074E+00    0.979000  0.30327628E+00
   13.33305542  0.13200483E+00    0.980000  0.31559353E+00
   13.34666058  0.15223171E+00    0.981000  0.36602791E+00
   13.36026574  0.14312875E+00    0.982000  0.34609296E+00
   13.37387090  0.14858679E+00    0.983000  0.36131758E+00
   13.38747605  0.14970990E+00    0.984000  0.36609073E+00
   13.40108121  0.14891628E+00    0.985000  0.36618135E+00
   13.41468637  0.14776705E+00    0.986000  0.36537101E+00
   13.42829153  0.14365501E+00    0.987000  0.35716304E+00
   13.44189669  0.13699699E+00    0.988000  0.34247818E+00
   13.45550185  0.13333177E+00    0.989000  0.33513423E+00
   13.46910701  0.13555942E+00    0.990000  0.34258258E+00
   13.48271216  0.13521278E+00    0.991000  0.34355091E+00
   13.49631732  0.13663650E+00    0.992000  0.34903209E+00
   13.50992248  0.13567825E+00    0.993000  0.34843501E+00
   13.52352764  0.13973604E+00    0.994000  0.36076185E+00
   13.53713280  0.13907695E+00    0.995000  0.36095732E+00
   13.55073796  0.13433658E+00    0.996000  0.35048667E+00
   13.56434312  0.12608797E+00    0.997000  0.33068579E+00
   13.57794827  0.12356027E+00    0.998000  0.32574188E+00
   13.59155343  0.12183366E+00    0.999000  0.32285188E+00
   13.60515859  0.12293559E+00    1.000000  0.32744884E+00
   13.61876375  0.11317100E+00    1.001000  0.30298376E+00
   13.63236891  0.96258455E-01    1.002000  0.25901814E+00
   13.64597407  0.75650919E-01    1.003000  0.20459803E+00
   13.65957923  0.82303747E-01    1.004000  0.22371327E+00
   13.67318438  0.93370550E-01    1.005000  0.25506802E+00
   13.70039470  0.93220694E-01    1.007000  0.25720178E+00
   13.71399986  0.88771334E-01    1.008000  0.24613659E+00
   13.75481534  0.72755887E-01    1.011000  0.20470776E+00
   13.76842049  0.76926175E-01    1.012000  0.21749069E+00
   13.78202565  0.83858696E-01    1.013000  0.23823463E+00
   13.79563081  0.94677144E-01    1.014000  0.27026025E+00
   13.80923597  0.91996741E-01    1.015000  0.26386379E+00
   13.82284113  0.93551442E-01    1.016000  0.26959904E+00
   13.83644629  0.96283928E-01    1.017000  0.27878694E+00
   13.85005145  0.96995716E-01    1.018000  0.28217096E+00
   13.86365660  0.98830079E-01    1.019000  0.28885540E+00
   13.87726176  0.10165859E+00    1.020000  0.29850910E+00
   13.89086692  0.97763438E-01    1.021000  0.28840494E+00
   13.90447208  0.10971109E+00    1.022000  0.32514735E+00
   13.91807724  0.11213133E+00    1.023000  0.33384967E+00
   13.93168240  0.10726099E+00    1.024000  0.32081224E+00
   13.94528756  0.10189484E+00    1.025000  0.30615223E+00
   13.95889272  0.90320535E-01    1.026000  0.27260820E+00
   13.97249787  0.92122664E-01    1.027000  0.27930403E+00
   13.98610303  0.94885041E-01    1.028000  0.28897347E+00
   13.99970819  0.93116117E-01    1.029000  0.28485633E+00
   14.01331335  0.95533680E-01    1.030000  0.29355514E+00
   14.02691851  0.97303945E-01    1.031000  0.30032206E+00
   14.04052367  0.95941676E-01    1.032000  0.29742619E+00
   14.05412883  0.10024211E+00    1.033000  0.31212518E+00
   14.06773398  0.93460826E-01    1.034000  0.29228506E+00
   14.08133914  0.88677133E-01    1.035000  0.27853435E+00
   14.09494430  0.89924799E-01    1.036000  0.28367987E+00
   14.10854946  0.94916777E-01    1.037000  0.30072244E+00
   14.12215462  0.91883248E-01    1.038000  0.29236471E+00
   14.13575978  0.88189621E-01    1.039000  0.28181484E+00
   14.14936494  0.86891523E-01    1.040000  0.27885193E+00
   14.16297009  0.79798558E-01    1.041000  0.25717770E+00
   14.17657525  0.78089656E-01    1.042000  0.25273536E+00
   14.19018041  0.74758895E-01    1.043000  0.24297517E+00
   14.20378557  0.70504510E-01    1.044000  0.23010963E+00
   14.21739073  0.70485507E-01    1.045000  0.23100906E+00
   14.23099589  0.67755858E-01    1.046000  0.22298713E+00
   14.24460105  0.65086453E-01    1.047000  0.21508982E+00
   14.25820620  0.62111916E-01    1.048000  0.20610716E+00
   14.27181136  0.59035446E-01    1.049000  0.19670372E+00
   14.28541652  0.57721865E-01    1.050000  0.19311427E+00
   14.29902168  0.52967529E-01    1.051000  0.17793066E+00
   14.31262684  0.49660297E-01    1.052000  0.16749826E+00
   14.32623200  0.47572407E-01    1.053000  0.16110496E+00
   14.33983716  0.43968000E-01    1.054000  0.14949830E+00
   14.35344231  0.46077070E-01    1.055000  0.15729799E+00
   14.36704747  0.43581061E-01    1.056000  0.14937157E+00
   14.38065263  0.46944411E-01    1.057000  0.16153960E+00
   14.39425779  0.49482337E-01    1.058000  0.17094777E+00
   14.40786295  0.47347979E-01    1.059000  0.16422000E+00
   14.42146811  0.51206925E-01    1.060000  0.17830271E+00
   14.43507327  0.55429668E-01    1.061000  0.19376240E+00
   14.44867842  0.61872767E-01    1.062000  0.21712915E+00
   14.46228358  0.63802036E-01    1.063000  0.22476979E+00
   14.47588874  0.64528748E-01    1.064000  0.22821014E+00
   14.48949390  0.67196437E-01    1.065000  0.23856118E+00
   14.50309906  0.68827838E-01    1.066000  0.24529183E+00
   14.51670422  0.71913049E-01    1.067000  0.25726797E+00
   14.53030938  0.67165751E-01    1.068000  0.24120074E+00
   14.54391453  0.65585641E-01    1.069000  0.23642098E+00
   14.55751969  0.67181862E-01    1.070000  0.24309137E+00
   14.57112485  0.69557434E-01    1.071000  0.25263595E+00
   14.58473001  0.71334185E-01    1.072000  0.26006222E+00
   14.59833517  0.70764510E-01    1.073000  0.25895062E+00
   14.61194033  0.70632768E-01    1.074000  0.25943199E+00
   14.62554549  0.71166267E-01    1.075000  0.26236225E+00
   14.63915064  0.71903740E-01    1.076000  0.26606182E+00
   14.65275580  0.71118494E-01    1.077000  0.26412630E+00
   14.66636096  0.73533472E-01    1.078000  0.27409829E+00
   14.67996612  0.71887529E-01    1.079000  0.26894356E+00
   14.69357128  0.70699133E-01    1.080000  0.26546193E+00
   14.70717644  0.70063014E-01    1.081000  0.26402911E+00
   14.72078160  0.68979393E-01    1.082000  0.26088644E+00
   14.73438675  0.68453356E-01    1.083000  0.25983065E+00
   14.74799191  0.65589178E-01    1.084000  0.24985366E+00
   14.76159707  0.63166335E-01    1.085000  0.24148576E+00
   14.77520223  0.64014834E-01    1.086000  0.24560277E+00
   14.78880739  0.60362397E-01    1.087000  0.23241300E+00
   14.80241255  0.62059557E-01    1.088000  0.23979408E+00
   14.81601771  0.60625512E-01    1.089000  0.23507998E+00
   14.82962286  0.56016213E-01    1.090000  0.21797116E+00
   14.84322802  0.52738329E-01    1.091000  0.20593558E+00
   14.85683318  0.52466454E-01    1.092000  0.20558961E+00
   14.87043834  0.50797440E-01    1.093000  0.19974248E+00
   14.88404350  0.48829669E-01    1.094000  0.19267099E+00
   14.89764866  0.47550552E-01    1.095000  0.18827249E+00
   14.91125382  0.47099973E-01    1.096000  0.18713092E+00
   14.92485898  0.46673777E-01    1.097000  0.18607427E+00
   14.93846413  0.45352182E-01    1.098000  0.18142409E+00
   14.95206929  0.45694929E-01    1.099000  0.18341849E+00
   14.96567445  0.44780248E-01    1.100000  0.18035780E+00
   14.97927961  0.43921867E-01    1.101000  0.17749968E+00
   14.99288477  0.42591953E-01    1.102000  0.17270612E+00
   15.00648993  0.41130153E-01    1.103000  0.16733970E+00
   15.02009509  0.40644542E-01    1.104000  0.16591838E+00
   15.03370024  0.40163123E-01    1.105000  0.16450098E+00
   15.04730540  0.39477318E-01    1.106000  0.16223053E+00
   15.06091056  0.38454555E-01    1.107000  0.15855206E+00
   15.07451572  0.37573529E-01    1.108000  0.15543202E+00
   15.08812088  0.37146393E-01    1.109000  0.15417176E+00
   15.10172604  0.37664380E-01    1.110000  0.15683536E+00
   15.11533120  0.37522895E-01    1.111000  0.15675804E+00
   15.12893635  0.38171291E-01    1.112000  0.15998749E+00
   15.14254151  0.37771718E-01    1.113000  0.15882798E+00
   15.15614667  0.35996473E-01    1.114000  0.15185418E+00
   15.16975183  0.36049151E-01    1.115000  0.15256813E+00
   15.18335699  0.35667656E-01    1.116000  0.15144008E+00
   15.19696215  0.35471953E-01    1.117000  0.15109300E+00
   15.21056731  0.34994330E-01    1.118000  0.14953590E+00
   15.22417246  0.35002773E-01    1.119000  0.15004943E+00
   15.23777762  0.35020273E-01    1.120000  0.15060214E+00
   15.25138278  0.35081610E-01    1.121000  0.15134444E+00
   15.26498794  0.35761093E-01    1.122000  0.15476357E+00
   15.27859310  0.36975221E-01    1.123000  0.16052232E+00
   15.29219826  0.37929631E-01    1.124000  0.16518312E+00
   15.30580342  0.38227034E-01    1.125000  0.16699974E+00
   15.31940857  0.39677864E-01    1.126000  0.17387910E+00
   15.33301373  0.41440625E-01    1.127000  0.18216926E+00
   15.34661889  0.39949971E-01    1.128000  0.17616141E+00
   15.36022405  0.40602040E-01    1.129000  0.17959057E+00
   15.37382921  0.42010246E-01    1.130000  0.18639237E+00
   15.38743437  0.42115247E-01    1.131000  0.18743271E+00
   15.40103953  0.42734396E-01    1.132000  0.19077113E+00
   15.41464468  0.42103581E-01    1.133000  0.18852941E+00
   15.42824984  0.44043712E-01    1.134000  0.19781761E+00
   15.44185500  0.43145733E-01    1.135000  0.19437296E+00
   15.45546016  0.41812797E-01    1.136000  0.18893838E+00
   15.46906532  0.40877678E-01    1.137000  0.18527047E+00
   15.48267048  0.40297437E-01    1.138000  0.18319031E+00
   15.50988079  0.38871028E-01    1.140000  0.17776635E+00
   15.52348595  0.37772447E-01    1.141000  0.17325751E+00
   15.53709111  0.36556754E-01    1.142000  0.16817993E+00
   15.55069627  0.37940609E-01    1.143000  0.17506390E+00
   15.56430143  0.36953726E-01    1.144000  0.17101433E+00
   15.57790659  0.36778032E-01    1.145000  0.17070292E+00
   15.59151175  0.36049187E-01    1.146000  0.16781176E+00
   15.60511690  0.35910028E-01    1.147000  0.16765379E+00
   15.61872206  0.35362702E-01    1.148000  0.16558084E+00
   15.63232722  0.35734459E-01    1.149000  0.16780897E+00
   15.64593238  0.35735155E-01    1.150000  0.16829968E+00
   15.65953754  0.34714565E-01    1.151000  0.16396659E+00
   15.67314270  0.35907253E-01    1.152000  0.17008978E+00
   15.68674786  0.35652090E-01    1.153000  0.16936740E+00
   15.70035301  0.36018420E-01    1.154000  0.17159898E+00
   15.71395817  0.35306499E-01    1.155000  0.16868884E+00
   15.72756333  0.36383679E-01    1.156000  0.17433172E+00
   15.74116849  0.34741744E-01    1.157000  0.16693831E+00
   15.75477365  0.33452894E-01    1.158000  0.16120154E+00
   15.76837881  0.33583603E-01    1.159000  0.16228949E+00
   15.78198397  0.33027883E-01    1.160000  0.16005454E+00
   15.79558912  0.31603781E-01    1.161000  0.15358437E+00
   15.80919428  0.31976056E-01    1.162000  0.15582967E+00
   15.82279944  0.31560670E-01    1.163000  0.15423586E+00
   15.83640460  0.31731636E-01    1.164000  0.15550420E+00
   15.85000976  0.31888421E-01    1.165000  0.15670751E+00
   15.86361492  0.30742958E-01    1.166000  0.15149777E+00
   15.87722008  0.29600095E-01    1.167000  0.14626963E+00
   15.89082524  0.29562388E-01    1.168000  0.14648654E+00
   15.90443039  0.28706097E-01    1.169000  0.14263504E+00
   15.91803555  0.27574984E-01    1.170000  0.13739089E+00
   15.93164071  0.27852108E-01    1.171000  0.13915156E+00
   15.94524587  0.27662075E-01    1.172000  0.13857946E+00
   15.95885103  0.28179319E-01    1.173000  0.14155509E+00
   15.97245619  0.26789155E-01    1.174000  0.13493720E+00
   15.98606135  0.27121543E-01    1.175000  0.13698139E+00
   15.99966650  0.26870039E-01    1.176000  0.13607765E+00
   16.01327166  0.25603329E-01    1.177000  0.13001190E+00
   16.02687682  0.26049655E-01    1.178000  0.13263364E+00
   16.04048198  0.25871138E-01    1.179000  0.13207760E+00
   16.05408714  0.26352079E-01    1.180000  0.13489236E+00
   16.06769230  0.26060382E-01    1.181000  0.13375468E+00
   16.08129746  0.26075064E-01    1.182000  0.13418571E+00
   16.09490261  0.25927590E-01    1.183000  0.13378045E+00
   16.10850777  0.25986473E-01    1.184000  0.13443874E+00
   16.12211293  0.25016650E-01    1.185000  0.12976268E+00
   16.13571809  0.24037137E-01    1.186000  0.12500977E+00
   16.14932325  0.23348436E-01    1.187000  0.12174653E+00
   16.16292841  0.23201587E-01    1.188000  0.12129729E+00
   16.17653357  0.23091781E-01    1.189000  0.12103821E+00
   16.19013872  0.22629516E-01    1.190000  0.11892387E+00
   16.20374388  0.22757196E-01    1.191000  0.11990528E+00
   16.21734904  0.23364536E-01    1.192000  0.12342399E+00
   16.23095420  0.24192575E-01    1.193000  0.12812813E+00
   16.24455936  0.23186477E-01    1.194000  0.12311593E+00
   16.25816452  0.23369399E-01    1.195000  0.12440598E+00
   16.27176968  0.23947577E-01    1.196000  0.12781054E+00
   16.28537483  0.24134690E-01    1.197000  0.12913839E+00
   16.29897999  0.24031600E-01    1.198000  0.12891458E+00
   16.31258515  0.23300254E-01    1.199000  0.12530919E+00
   16.32619031  0.23658193E-01    1.200000  0.12755690E+00
   16.33979547  0.23864262E-01    1.201000  0.12899347E+00
   16.35340063  0.23333312E-01    1.202000  0.12644180E+00
   16.36700579  0.23321127E-01    1.203000  0.12669388E+00
   16.39421610  0.22970911E-01    1.205000  0.12541797E+00
   16.40782126  0.22487927E-01    1.206000  0.12308769E+00
   16.42142642  0.22599498E-01    1.207000  0.12400664E+00
   16.43503158  0.22487702E-01    1.208000  0.12369994E+00
   16.44863674  0.22416518E-01    1.209000  0.12361414E+00
   16.46224190  0.22070711E-01    1.210000  0.12200827E+00
   16.47584705  0.22367818E-01    1.211000  0.12395580E+00
   16.48945221  0.21891245E-01    1.212000  0.12161338E+00
   16.50305737  0.21969161E-01    1.213000  0.12234590E+00
   16.51666253  0.22170307E-01    1.214000  0.12376849E+00
   16.53026769  0.21795621E-01    1.215000  0.12197406E+00
   16.54387285  0.21648585E-01    1.216000  0.12144650E+00
   16.55747801  0.22626837E-01    1.217000  0.12724304E+00
   16.57108316  0.21494715E-01    1.218000  0.12116970E+00
   16.58468832  0.20964080E-01    1.219000  0.11846437E+00
   16.59829348  0.20567533E-01    1.220000  0.11650410E+00
   16.61189864  0.20615493E-01    1.221000  0.11705697E+00
   16.62550380  0.21146270E-01    1.222000  0.12035922E+00
   16.63910896  0.20569111E-01    1.223000  0.11735475E+00
   16.65271412  0.20914323E-01    1.224000  0.11960960E+00
   16.67992443  0.20045841E-01    1.226000  0.11518959E+00
   16.69352959  0.19588100E-01    1.227000  0.11282646E+00
   16.70713475  0.19453368E-01    1.228000  0.11231576E+00
   16.72073991  0.19509913E-01    1.229000  0.11290835E+00
   16.73434507  0.19407024E-01    1.230000  0.11257763E+00
   16.74795023  0.19832463E-01    1.231000  0.11531607E+00
   16.76155538  0.18653219E-01    1.232000  0.10871378E+00
   16.77516054  0.19092301E-01    1.233000  0.11153324E+00
   16.78876570  0.18368008E-01    1.234000  0.10755262E+00
   16.80237086  0.18564798E-01    1.235000  0.10895814E+00
   16.81597602  0.18783683E-01    1.236000  0.11049901E+00
   16.82958118  0.17776171E-01    1.237000  0.10481458E+00
   16.84318634  0.17634199E-01    1.238000  0.10421800E+00
   16.85679150  0.18418141E-01    1.239000  0.10910232E+00
   16.87039665  0.17611944E-01    1.240000  0.10456694E+00
   16.88400181  0.17455762E-01    1.241000  0.10387775E+00
   16.89760697  0.17518254E-01    1.242000  0.10448859E+00
   16.91121213  0.17247944E-01    1.243000  0.10311158E+00
   16.92481729  0.17142336E-01    1.244000  0.10271406E+00
   16.93842245  0.16974712E-01    1.245000  0.10194123E+00
   16.95202761  0.16784594E-01    1.246000  0.10102843E+00
   16.96563276  0.16558677E-01    1.247000  0.99894472E-01
   16.97923792  0.16613091E-01    1.248000  0.10044935E+00
   16.99284308  0.16607991E-01    1.249000  0.10064505E+00
   17.00644824  0.15963833E-01    1.250000  0.96959182E-01
   17.02005340  0.15690251E-01    1.251000  0.95511553E-01
   17.03365856  0.16076361E-01    1.252000  0.98081220E-01
   17.04726372  0.16119299E-01    1.253000  0.98563057E-01
   17.06086887  0.16042781E-01    1.254000  0.98314007E-01
   17.07447403  0.15677451E-01    1.255000  0.96289023E-01
   17.08807919  0.16075406E-01    1.256000  0.98952491E-01
   17.10168435  0.15699679E-01    1.257000  0.96853845E-01
   17.11528951  0.15583653E-01    1.258000  0.96350631E-01
   17.12889467  0.15739315E-01    1.259000  0.97527747E-01
   17.14249983  0.14847279E-01    1.260000  0.92202820E-01
   17.15610498  0.15153677E-01    1.261000  0.94312279E-01
   17.16971014  0.15095682E-01    1.262000  0.94157243E-01
   17.18331530  0.14423095E-01    1.263000  0.90158811E-01
   17.19692046  0.14279015E-01    1.264000  0.89452940E-01
   17.21052562  0.14202527E-01    1.265000  0.89167497E-01
   17.22413078  0.14086553E-01    1.266000  0.88631523E-01
   17.23773594  0.13898722E-01    1.267000  0.87639289E-01
   17.25134109  0.13422335E-01    1.268000  0.84818491E-01
   17.26494625  0.13666738E-01    1.269000  0.86549339E-01
   17.27855141  0.13943336E-01    1.270000  0.88491186E-01
   17.29215657  0.13288654E-01    1.271000  0.84517516E-01
   17.30576173  0.13544703E-01    1.272000  0.86330774E-01
   17.31936689  0.13462672E-01    1.273000  0.85991565E-01
   17.33297205  0.13824250E-01    1.274000  0.88489683E-01
   17.34657720  0.13787772E-01    1.275000  0.88444254E-01
   17.36018236  0.15831275E-01    1.276000  0.10176863E+00
   17.37378752  0.19673329E-01    1.277000  0.12673497E+00
   17.38739268  0.21646715E-01    1.278000  0.13974273E+00
   17.40099784  0.16413564E-01    1.279000  0.10618344E+00
   17.41460300  0.14489744E-01    1.280000  0.93935417E-01
   17.42820816  0.13683674E-01    1.281000  0.88896405E-01
   17.44181331  0.13347720E-01    1.282000  0.86895937E-01
   17.45541847  0.12637151E-01    1.283000  0.82442383E-01
   17.46902363  0.12748521E-01    1.284000  0.83342836E-01
   17.48262879  0.12655710E-01    1.285000  0.82908716E-01
   17.49623395  0.13091265E-01    1.286000  0.85940652E-01
   17.50983911  0.13178470E-01    1.287000  0.86692884E-01
   17.52344427  0.12691134E-01    1.288000  0.83660120E-01
   17.53704942  0.12558619E-01    1.289000  0.82957884E-01
   17.55065458  0.12759055E-01    1.290000  0.84455930E-01
   17.56425974  0.12895070E-01    1.291000  0.85532149E-01
   17.57786490  0.12709533E-01    1.292000  0.84474861E-01
   17.59147006  0.12966148E-01    1.293000  0.86357330E-01
   17.60507522  0.12921769E-01    1.294000  0.86238017E-01
   17.61868038  0.13034713E-01    1.295000  0.87169590E-01
   17.63228553  0.12935876E-01    1.296000  0.86685065E-01
   17.64589069  0.12979504E-01    1.297000  0.87154469E-01
   17.65949585  0.12907794E-01    1.298000  0.86849021E-01
   17.67310101  0.12619752E-01    1.299000  0.85083091E-01
   17.68670617  0.12349034E-01    1.300000  0.83426342E-01
   17.70031133  0.12206966E-01    1.301000  0.82633077E-01
   17.71391649  0.12150389E-01    1.302000  0.82415824E-01
   17.72752164  0.11934077E-01    1.303000  0.81111371E-01
   17.74112680  0.12151479E-01    1.304000  0.82754723E-01
   17.75473196  0.12366205E-01    1.305000  0.84385743E-01
   17.76833712  0.12191457E-01    1.306000  0.83359574E-01
   17.78194228  0.11961113E-01    1.307000  0.81947742E-01
   17.79554744  0.11600798E-01    1.308000  0.79637401E-01
   17.80915260  0.11694200E-01    1.309000  0.80438099E-01
   17.82275776  0.11645700E-01    1.310000  0.80263347E-01
   17.83636291  0.11662256E-01    1.311000  0.80536529E-01
   17.84996807  0.11518716E-01    1.312000  0.79702402E-01
   17.86357323  0.11485354E-01    1.313000  0.79628222E-01
   17.87717839  0.11427222E-01    1.314000  0.79381059E-01
   17.89078355  0.11263294E-01    1.315000  0.78395944E-01
   17.90438871  0.11268865E-01    1.316000  0.78588435E-01
   17.91799387  0.11508659E-01    1.317000  0.80417724E-01
   17.93159902  0.11697317E-01    1.318000  0.81895547E-01
   17.94520418  0.11429064E-01    1.319000  0.80173345E-01
   17.95880934  0.11101853E-01    1.320000  0.78029436E-01
   17.97241450  0.11052565E-01    1.321000  0.77833772E-01
   17.98601966  0.11168839E-01    1.322000  0.78804942E-01
   17.99962482  0.11237889E-01    1.323000  0.79445433E-01
   18.01322998  0.11519002E-01    1.324000  0.81589866E-01
   18.02683513  0.11268501E-01    1.325000  0.79969258E-01
   18.04044029  0.11190945E-01    1.326000  0.79571510E-01
   18.05404545  0.11366213E-01    1.327000  0.80972766E-01
   18.06765061  0.11269860E-01    1.328000  0.80440074E-01
   18.08125577  0.11388039E-01    1.329000  0.81438929E-01
   18.09486093  0.11354257E-01    1.330000  0.81352219E-01
   18.10846609  0.11221132E-01    1.331000  0.80551457E-01
   18.12207124  0.10932469E-01    1.332000  0.78628394E-01
   18.13567640  0.10945656E-01    1.333000  0.78872543E-01
   18.14928156  0.10834759E-01    1.334000  0.78221226E-01
   18.16288672  0.10621958E-01    1.335000  0.76829807E-01
   18.17649188  0.10470263E-01    1.336000  0.75875398E-01
   18.19009704  0.10477364E-01    1.337000  0.76069769E-01
   18.20370220  0.10569147E-01    1.338000  0.76880320E-01
   18.21730735  0.10379143E-01    1.339000  0.75639800E-01
   18.23091251  0.10602420E-01    1.340000  0.77411593E-01
   18.24451767  0.10334203E-01    1.341000  0.75594214E-01
   18.25812283  0.10270345E-01    1.342000  0.75267191E-01
   18.27172799  0.10271070E-01    1.343000  0.75412607E-01
   18.28533315  0.10081662E-01    1.344000  0.74159445E-01
   18.29893831  0.10110303E-01    1.345000  0.74508033E-01
   18.31254346  0.10191467E-01    1.346000  0.75245187E-01
   18.32614862  0.10472460E-01    1.347000  0.77462647E-01
   18.33975378  0.10547558E-01    1.348000  0.78162010E-01
   18.35335894  0.10882549E-01    1.349000  0.80792883E-01
   18.36696410  0.10706214E-01    1.350000  0.79629793E-01
   18.38056926  0.10498479E-01    1.351000  0.78227921E-01
   18.39417442  0.10530287E-01    1.352000  0.78608569E-01
   18.40777957  0.10236194E-01    1.353000  0.76552790E-01
   18.42138473  0.10201944E-01    1.354000  0.76435812E-01
   18.43498989  0.10195299E-01    1.355000  0.76525093E-01
   18.44859505  0.10247226E-01    1.356000  0.77054628E-01
   18.46220021  0.99908909E-02    1.357000  0.75263379E-01
   18.47580537  0.10058019E-01    1.358000  0.75906260E-01
   18.48941053  0.99497955E-02    1.359000  0.75225237E-01
   18.50301568  0.98955465E-02    1.360000  0.74950068E-01
   18.51662084  0.98989761E-02    1.361000  0.75111070E-01
   18.53022600  0.99705912E-02    1.362000  0.75790471E-01
   18.54383116  0.96318442E-02    1.363000  0.73346901E-01
   18.55743632  0.96925729E-02    1.364000  0.73941563E-01
   18.57104148  0.95055009E-02    1.365000  0.72644109E-01
   18.58464664  0.93253798E-02    1.366000  0.71394767E-01
   18.59825179  0.92608131E-02    1.367000  0.71026768E-01
   18.61185695  0.91528482E-02    1.368000  0.70323568E-01
   18.62546211  0.90958534E-02    1.369000  0.70009734E-01
   18.63906727  0.87748425E-02    1.370000  0.67658643E-01
   18.65267243  0.90155308E-02    1.371000  0.69637451E-01
   18.66627759  0.88737208E-02    1.372000  0.68663128E-01
   18.67988275  0.89305299E-02    1.373000  0.69224522E-01
   18.69348790  0.88517869E-02    1.374000  0.68734892E-01
   18.70709306  0.39281311E+00    1.375000  0.30555859E+01
   18.72069822  0.87076644E-02    1.376000  0.67853320E-01
   18.73430338  0.86368704E-02    1.377000  0.67419477E-01
   18.74790854  0.85170978E-02    1.378000  0.66600708E-01
   18.76151370  0.83079775E-02    1.379000  0.65078785E-01
   18.77511886  0.84460058E-02    1.380000  0.66275207E-01
   18.78872402  0.83364882E-02    1.381000  0.65529543E-01
   18.80232917  0.82113151E-02    1.382000  0.64657617E-01
   18.81593433  0.83955699E-02    1.383000  0.66222997E-01
   18.82953949  0.82368151E-02    1.384000  0.65083116E-01
   18.84314465  0.81744892E-02    1.385000  0.64702152E-01
   18.85674981  0.83788869E-02    1.386000  0.66434278E-01
   18.87035497  0.82677908E-02    1.387000  0.65666198E-01
   18.88396013  0.81967622E-02    1.388000  0.65213867E-01
   18.89756528  0.80837128E-02    1.389000  0.64424705E-01
   18.91117044  0.81526745E-02    1.390000  0.65085514E-01
   18.92477560  0.82687613E-02    1.391000  0.66125063E-01
   18.93838076  0.81267851E-02    1.392000  0.65100535E-01
   18.95198592  0.79710844E-02    1.393000  0.63962006E-01
   18.96559108  0.80367244E-02    1.394000  0.64598342E-01
   18.97919624  0.80116556E-02    1.395000  0.64506124E-01
   18.99280139  0.79084359E-02    1.396000  0.63782921E-01
   19.00640655  0.76683225E-02    1.397000  0.61950963E-01
   19.02001171  0.77655618E-02    1.398000  0.62842467E-01
   19.03361687  0.75221315E-02    1.399000  0.60975123E-01
   19.04722203  0.75301151E-02    1.400000  0.61142552E-01
   19.06082719  0.72301629E-02    1.401000  0.58805642E-01
   19.07443235  0.76041896E-02    1.402000  0.61951466E-01
   19.08803750  0.77522560E-02    1.403000  0.63263509E-01
   19.10164266  0.72143824E-02    1.404000  0.58972514E-01
   19.11524782  0.72541429E-02    1.405000  0.59396477E-01
   19.12885298  0.70850412E-02    1.406000  0.58108526E-01
   19.14245814  0.69759767E-02    1.407000  0.57309180E-01
   19.15606330  0.70052836E-02    1.408000  0.57645497E-01
   19.16966846  0.69539223E-02    1.409000  0.57317706E-01
   19.18327361  0.68763762E-02    1.410000  0.56772329E-01
   19.19687877  0.69131371E-02    1.411000  0.57170130E-01
   19.21048393  0.70905098E-02    1.412000  0.58733681E-01
   19.22408909  0.70894846E-02    1.413000  0.58821892E-01
   19.23769425  0.69017119E-02    1.414000  0.57358072E-01
   19.25129941  0.67035220E-02    1.415000  0.55802414E-01
   19.26490457  0.67784752E-02    1.416000  0.56518811E-01
   19.27850972  0.67829280E-02    1.417000  0.56648460E-01
   19.29211488  0.65449732E-02    1.418000  0.54750427E-01
   19.30572004  0.66267401E-02    1.419000  0.55524820E-01
   19.31932520  0.66206711E-02    1.420000  0.55564277E-01
   19.33293036  0.65281382E-02    1.421000  0.54876737E-01
   19.34653552  0.65970691E-02    1.422000  0.55546170E-01
   19.36014068  0.64948272E-02    1.423000  0.54773903E-01
   19.37374583  0.62682985E-02    1.424000  0.52948983E-01
   19.38735099  0.64182234E-02    1.425000  0.54302961E-01
   19.40095615  0.64778879E-02    1.426000  0.54896128E-01
   19.41456131  0.17755581E-01    1.427000  0.15070986E+00
   19.42816647  0.62365217E-02    1.428000  0.53020835E-01
   19.44177163  0.64678972E-02    1.429000  0.55076137E-01
   19.45537679  0.63057640E-02    1.430000  0.53781536E-01
   19.46898194  0.64478599E-02    1.431000  0.55081416E-01
   19.48258710  0.63280280E-02    1.432000  0.54144058E-01
   19.49619226  0.64126958E-02    1.433000  0.54955967E-01
   19.50979742  0.65399941E-02    1.434000  0.56136105E-01
   19.52340258  0.65662718E-02    1.435000  0.56451226E-01
   19.53700774  0.63768878E-02    1.436000  0.54910047E-01
   19.55061290  0.64472292E-02    1.437000  0.55603685E-01
   19.56421805  0.64983639E-02    1.438000  0.56133333E-01
   19.57782321  0.64380446E-02    1.439000  0.55700108E-01
   19.59142837  0.64436424E-02    1.440000  0.55836432E-01
   19.99958313  0.70264474E-02    1.470000  0.63761947E-01
   24.99947891  0.20767732E-02    1.837500  0.29256351E-01
   29.99937469  0.10640998E-02    2.205000  0.20324573E-01
   34.99927048  0.57096768E-03    2.572500  0.13767798E-01
   39.99916626  0.37291052E-03    2.940000  0.10861369E-01
   44.99906204  0.22812611E-03    3.307500  0.77879476E-02
   49.99895782  0.15382093E-03    3.675000  0.60223396E-02
   54.99885361  0.10613154E-03    4.042500  0.46872430E-02
   59.99874939  0.76489213E-04    4.410000  0.37615340E-02
   64.99864517  0.57628302E-04    4.777500  0.31228867E-02
   69.99854095  0.44844849E-04    5.145000  0.26549496E-02
   74.99843674  0.35773587E-04    5.512500  0.22972311E-02
   79.99833252  0.29333560E-04    5.880000  0.20307239E-02
   84.99822830  0.24378801E-04    6.247500  0.18099195E-02
   89.99812408  0.20598392E-04    6.615000  0.16325127E-02
   94.99801987  0.17512116E-04    6.982500  0.14756973E-02
   99.99791565  0.15017946E-04    7.350000  0.13408032E-02
  104.99781143  0.12988158E-04    7.717500  0.12246912E-02
  109.99770721  0.11303049E-04    8.085000  0.11224578E-02
  114.99760300  0.98816382E-05    8.452500  0.10308386E-02
  119.99749878  0.86959390E-05    8.820000  0.95073951E-03
  124.99739456  0.76725290E-05    9.187500  0.87730981E-03
  129.99729034  0.67810088E-05    9.555000  0.80936171E-03
  134.99718613  0.60581446E-05    9.922500  0.75345125E-03
