EXCITATION
N(2p3_2Do) -> N(2p2_3P_3p_4So)
 1.200300e+1
SPECIES: e / N(2p3_2Do)
PROCESS: E + N(2p3_2Do) -> E + N(2p2_3P_3p_4So), Excitation
PARAM.:  E = 12.003 eV
UPDATED: 2019-01-30 20:10:46
COLUMNS: Energy (eV) | Cross section (m2)
-----------------------------
1.2002523970e+1    0.0000000e+7
1.2013355040e+1    3.9545720e-24
1.2026960200e+1    5.1669839e-24
1.2040565350e+1    6.4153544e-24
1.2054170510e+1    6.7053452e-24
1.2067775670e+1    6.6223965e-24
1.2081380830e+1    6.6569740e-24
1.2094985990e+1    6.7346724e-24
1.2108591150e+1    6.7534724e-24
1.2122196310e+1    6.7388711e-24
1.2135801460e+1    6.7357062e-24
1.2149406620e+1    6.7462130e-24
1.2163011780e+1    6.6796496e-24
1.2176616940e+1    6.5120515e-24
1.2190222100e+1    6.2097818e-24
1.2203827260e+1    6.1390907e-24
1.2217432420e+1    6.1046010e-24
1.2231037570e+1    6.0221975e-24
1.2244642730e+1    5.8956310e-24
1.2258247890e+1    5.8038374e-24
1.2271853050e+1    5.7496861e-24
1.2285458210e+1    5.8160180e-24
1.2299063370e+1    6.2241137e-24
1.2312668530e+1    7.6033178e-24
1.2326273680e+1    1.2176929e-23
1.2339878840e+1    2.5665057e-23
1.2353484000e+1    3.9269413e-23
1.2367089160e+1    3.0074543e-23
1.2380694320e+1    2.0419256e-23
1.2394299480e+1    1.5389052e-23
1.2407904640e+1    1.2714355e-23
1.2421509790e+1    1.1682309e-23
1.2435114950e+1    1.1082622e-23
1.2448720110e+1    1.0714098e-23
1.2462325270e+1    1.0482708e-23
1.2475930430e+1    1.0338362e-23
1.2489535590e+1    1.0257874e-23
1.2503140750e+1    1.0223423e-23
1.2516745900e+1    1.0225122e-23
1.2530351060e+1    1.0256614e-23
1.2543956220e+1    1.0313878e-23
1.2557561380e+1    1.0394354e-23
1.2571166540e+1    1.0496839e-23
1.2584771700e+1    1.0620895e-23
1.2598376860e+1    1.0765624e-23
1.2611982010e+1    1.0941612e-23
1.2625587170e+1    1.1152076e-23
1.2639192330e+1    1.1434934e-23
1.2652797490e+1    1.1924783e-23
1.2666402650e+1    1.3282597e-23
1.2680007810e+1    1.8324548e-23
1.2693612970e+1    2.0230727e-23
1.2707218120e+1    1.7550079e-23
1.2720823280e+1    1.6701618e-23
1.2734428440e+1    1.6722331e-23
1.2748033600e+1    1.7150378e-23
1.2761638760e+1    1.7815987e-23
1.2775243920e+1    1.8655964e-23
1.2788849080e+1    2.1347783e-23
1.2802454230e+1    2.5311391e-23
1.2816059390e+1    2.6468740e-23
1.2829664550e+1    2.8538533e-23
1.2843269710e+1    2.8255584e-23
1.2856874870e+1    2.6529978e-23
1.2870480030e+1    2.2762146e-23
1.2884085190e+1    1.6948411e-23
1.2897690340e+1    1.3629325e-23
1.2911295500e+1    1.1559627e-23
1.2924900660e+1    1.0680352e-23
1.2938505820e+1    9.9096446e-24
1.2952110980e+1    9.6743561e-24
1.2965716140e+1    9.3292650e-24
1.2979321300e+1    1.0446419e-23
1.2992926460e+1    1.1933899e-23
1.3006531610e+1    1.1181477e-23
1.3020136770e+1    1.0392519e-23
1.3033741930e+1    9.7788090e-24
1.3047347090e+1    8.9247167e-24
1.3060952250e+1    9.1908484e-24
1.3074557410e+1    9.1495031e-24
1.3088162570e+1    9.7587944e-24
1.3101767720e+1    9.9427852e-24
1.3115372880e+1    1.0088208e-23
1.3128978040e+1    1.0205832e-23
1.3142583200e+1    1.0491814e-23
1.3156188360e+1    1.1080600e-23
1.3169793520e+1    1.1125058e-23
1.3183398680e+1    1.1467212e-23
1.3197003830e+1    1.2370869e-23
1.3210608990e+1    1.2879687e-23
1.3224214150e+1    1.3364476e-23
1.3237819310e+1    1.4622701e-23
1.3251424470e+1    1.6086640e-23
1.3265029630e+1    1.5502009e-23
1.3278634790e+1    1.2897592e-23
1.3305845100e+1    1.2987189e-23
1.3319450260e+1    1.2807300e-23
1.3333055420e+1    1.3372525e-23
1.3346660580e+1    1.3272771e-23
1.3360265740e+1    1.3129004e-23
1.3373870900e+1    1.3369674e-23
1.3387476050e+1    1.3776458e-23
1.3401081210e+1    1.4225088e-23
1.3414686370e+1    1.5256985e-23
1.3428291530e+1    1.6306913e-23
1.3441896690e+1    1.7260674e-23
1.3455501850e+1    1.6042781e-23
1.3469107010e+1    1.9007914e-23
1.3482712160e+1    2.0603774e-23
1.3496317320e+1    2.3439654e-23
1.3509922480e+1    2.7044618e-23
1.3523527640e+1    3.1815287e-23
1.3537132800e+1    3.8417419e-23
1.3550737960e+1    4.6303510e-23
1.3564343120e+1    5.3138414e-23
1.3577948270e+1    5.1397787e-23
1.3591553430e+1    4.5541497e-23
1.3605158590e+1    3.5819358e-23
1.3618763750e+1    3.0224313e-23
1.3632368910e+1    2.4906989e-23
1.3645974070e+1    2.2271679e-23
1.3659579230e+1    2.2534205e-23
1.3673184380e+1    1.9888393e-23
1.3700394700e+1    1.4423128e-23
1.3713999860e+1    1.6972992e-23
1.3754815340e+1    1.4545030e-23
1.3768420490e+1    1.2941636e-23
1.3782025650e+1    1.2733915e-23
1.3795630810e+1    1.3059197e-23
1.3809235970e+1    1.3282189e-23
1.3822841130e+1    1.4595207e-23
1.3836446290e+1    1.3941771e-23
1.3850051450e+1    1.2905768e-23
1.3863656600e+1    1.3222645e-23
1.3877261760e+1    1.2943079e-23
1.3890866920e+1    1.2465782e-23
1.3904472080e+1    1.2528774e-23
1.3918077240e+1    1.2471267e-23
1.3931682400e+1    1.1958803e-23
1.3945287560e+1    1.1757856e-23
1.3958892720e+1    1.2306811e-23
1.3972497870e+1    1.2654125e-23
1.3986103030e+1    1.1555709e-23
1.3999708190e+1    1.1496521e-23
1.4013313350e+1    1.1958443e-23
1.4026918510e+1    1.2504518e-23
1.4040523670e+1    1.3768848e-23
1.4054128830e+1    1.3951944e-23
1.4067733980e+1    1.2276446e-23
1.4081339140e+1    1.2723353e-23
1.4094944300e+1    1.3179842e-23
1.4108549460e+1    1.3454545e-23
1.4122154620e+1    1.4171733e-23
1.4135759780e+1    1.4085973e-23
1.4149364940e+1    1.3497109e-23
1.4162970090e+1    1.3480669e-23
1.4176575250e+1    1.3570266e-23
1.4190180410e+1    1.1735011e-23
1.4203785570e+1    1.1773198e-23
1.4217390730e+1    1.3559678e-23
1.4230995890e+1    1.3230354e-23
1.4244601050e+1    1.2807261e-23
1.4258206200e+1    1.2612691e-23
1.4271811360e+1    1.2878308e-23
1.4285416520e+1    1.3312696e-23
1.4299021680e+1    1.3390553e-23
1.4312626840e+1    1.4024405e-23
1.4326232000e+1    1.4904976e-23
1.4339837160e+1    1.5356137e-23
1.4353442310e+1    1.3993050e-23
1.4367047470e+1    1.5367944e-23
1.4380652630e+1    1.6606008e-23
1.4394257790e+1    1.6383244e-23
1.4407862950e+1    1.5757310e-23
1.4421468110e+1    1.5878490e-23
1.4435073270e+1    1.6577011e-23
1.4448678420e+1    1.6768927e-23
1.4462283580e+1    1.7194180e-23
1.4475888740e+1    1.7656271e-23
1.4489493900e+1    1.8103010e-23
1.4503099060e+1    1.8516975e-23
1.4516704220e+1    1.8926517e-23
1.4530309380e+1    1.8266918e-23
1.4543914530e+1    1.9023579e-23
1.4557519690e+1    2.0039248e-23
1.4571124850e+1    1.9788738e-23
1.4584730010e+1    1.9095971e-23
1.4598335170e+1    1.8891858e-23
1.4611940330e+1    1.9499506e-23
1.4625545490e+1    1.9945456e-23
1.4639150640e+1    2.0809894e-23
1.4652755800e+1    2.1553356e-23
1.4666360960e+1    2.1888528e-23
1.4679966120e+1    2.2035331e-23
1.4693571280e+1    2.2640678e-23
1.4707176440e+1    2.2617522e-23
1.4720781600e+1    2.2653636e-23
1.4734386750e+1    2.2804496e-23
1.4747991910e+1    2.3171926e-23
1.4761597070e+1    2.3231807e-23
1.4775202230e+1    2.2659412e-23
1.4788807390e+1    2.1828927e-23
1.4802412550e+1    2.1365459e-23
1.4816017710e+1    1.9915066e-23
1.4829622860e+1    1.8006607e-23
1.4843228020e+1    1.6462056e-23
1.4856833180e+1    1.7828700e-23
1.4870438340e+1    1.6325370e-23
1.4884043500e+1    1.6498569e-23
1.4897648660e+1    1.6591430e-23
1.4911253820e+1    1.6712257e-23
1.4924858980e+1    1.7373234e-23
1.4938464130e+1    1.7001672e-23
1.4952069290e+1    1.6866541e-23
1.4965674450e+1    1.5582583e-23
1.4979279610e+1    1.6839322e-23
1.4992884770e+1    1.7006054e-23
1.5006489930e+1    1.6971321e-23
1.5020095090e+1    1.7118428e-23
1.5033700240e+1    1.8517507e-23
1.5047305400e+1    1.8926420e-23
1.5060910560e+1    2.0072286e-23
1.5074515720e+1    1.9131293e-23
1.5088120880e+1    1.9796312e-23
1.5101726040e+1    1.9681778e-23
1.5115331200e+1    2.0094108e-23
1.5128936350e+1    1.9780785e-23
1.5142541510e+1    2.0023272e-23
1.5156146670e+1    2.0319365e-23
1.5169751830e+1    1.9747268e-23
1.5183356990e+1    1.9268580e-23
1.5196962150e+1    1.9208160e-23
1.5210567310e+1    1.9657887e-23
1.5224172460e+1    1.9215718e-23
1.5237777620e+1    1.8727978e-23
1.5251382780e+1    1.8878338e-23
1.5264987940e+1    1.8936277e-23
1.5278593100e+1    1.7895952e-23
1.5292198260e+1    1.7727417e-23
1.5305803420e+1    1.7153990e-23
1.5319408570e+1    1.7295838e-23
1.5333013730e+1    1.7669760e-23
1.5346618890e+1    1.7323486e-23
1.5360224050e+1    1.7209178e-23
1.5373829210e+1    1.7530279e-23
1.5387434370e+1    1.7406688e-23
1.5401039530e+1    1.6529059e-23
1.5414644680e+1    1.6105132e-23
1.5428249840e+1    1.6131588e-23
1.5441855000e+1    1.6442322e-23
1.5455460160e+1    1.5768518e-23
1.5469065320e+1    1.5286487e-23
1.5482670480e+1    1.6583714e-23
1.5509880790e+1    1.4791339e-23
1.5523485950e+1    1.4409709e-23
1.5537091110e+1    1.5688910e-23
1.5550696270e+1    1.5953476e-23
1.5564301430e+1    1.6119794e-23
1.5577906590e+1    1.6640006e-23
1.5591511750e+1    1.5946934e-23
1.5605116900e+1    1.6732099e-23
1.5618722060e+1    1.6193715e-23
1.5632327220e+1    1.6340543e-23
1.5645932380e+1    1.5734689e-23
1.5659537540e+1    1.5631388e-23
1.5673142700e+1    1.5995404e-23
1.5686747860e+1    1.6424376e-23
1.5700353010e+1    1.6286591e-23
1.5713958170e+1    1.6785669e-23
1.5727563330e+1    1.6641608e-23
1.5741168490e+1    1.6641917e-23
1.5754773650e+1    1.7660419e-23
1.5768378810e+1    1.8080826e-23
1.5781983970e+1    1.7929219e-23
1.5795589120e+1    1.7514765e-23
1.5809194280e+1    1.6800996e-23
1.5822799440e+1    1.7124147e-23
1.5836404600e+1    1.4854028e-23
1.5850009760e+1    1.2498257e-23
1.5863614920e+1    1.2261014e-23
1.5877220080e+1    1.4670263e-23
1.5890825240e+1    1.5504452e-23
1.5904430390e+1    1.5506036e-23
1.5918035550e+1    1.5801368e-23
1.5931640710e+1    1.5830453e-23
1.5945245870e+1    1.6199926e-23
1.5958851030e+1    1.5959440e-23
1.5972456190e+1    1.6196028e-23
1.5986061350e+1    1.6355374e-23
1.5999666500e+1    1.6715985e-23
1.6013271660e+1    1.6864251e-23
1.6026876820e+1    1.7220859e-23
1.6040481980e+1    1.6134860e-23
1.6054087140e+1    1.6013348e-23
1.6067692300e+1    1.6750976e-23
1.6081297460e+1    1.6751805e-23
1.6094902610e+1    1.7127400e-23
1.6108507770e+1    1.6810416e-23
1.6122112930e+1    1.6601947e-23
1.6135718090e+1    1.7061562e-23
1.6149323250e+1    1.6828654e-23
1.6162928410e+1    1.7424950e-23
1.6176533570e+1    1.7035019e-23
1.6190138720e+1    1.7054889e-23
1.6203743880e+1    1.7725007e-23
1.6217349040e+1    1.8013178e-23
1.6230954200e+1    1.9024129e-23
1.6244559360e+1    1.8651862e-23
1.6258164520e+1    1.9617761e-23
1.6271769680e+1    1.9330719e-23
1.6285374830e+1    1.9496098e-23
1.6298979990e+1    1.9429005e-23
1.6312585150e+1    2.0129632e-23
1.6326190310e+1    2.0084925e-23
1.6339795470e+1    2.0810515e-23
1.6353400630e+1    2.0373957e-23
1.6367005790e+1    2.0640931e-23
1.6394216100e+1    2.0588617e-23
1.6407821260e+1    2.0044640e-23
1.6421426420e+1    1.9734078e-23
1.6435031580e+1    1.9518454e-23
1.6448636740e+1    1.9571376e-23
1.6462241900e+1    1.9433075e-23
1.6475847050e+1    1.9175181e-23
1.6489452210e+1    2.0159736e-23
1.6503057370e+1    2.0055965e-23
1.6516662530e+1    1.9741773e-23
1.6530267690e+1    1.9882432e-23
1.6543872850e+1    1.9693530e-23
1.6557478010e+1    2.0216178e-23
1.6571083160e+1    2.0220443e-23
1.6584688320e+1    2.0175877e-23
1.6598293480e+1    2.0127619e-23
1.6611898640e+1    2.0421888e-23
1.6625503800e+1    2.0471521e-23
1.6639108960e+1    2.0338942e-23
1.6652714120e+1    2.0479393e-23
1.6679924430e+1    2.0492653e-23
1.6693529590e+1    2.0701293e-23
1.6707134750e+1    2.0713042e-23
1.6720739910e+1    2.0231876e-23
1.6734345070e+1    2.0265316e-23
1.6747950230e+1    1.9938761e-23
1.6761555380e+1    1.9810350e-23
1.6775160540e+1    2.0055882e-23
1.6788765700e+1    2.0364879e-23
1.6802370860e+1    1.9649114e-23
1.6815976020e+1    1.9695941e-23
1.6829581180e+1    1.9179224e-23
1.6843186340e+1    1.9281199e-23
1.6856791500e+1    1.9041966e-23
1.6870396650e+1    1.8486431e-23
1.6884001810e+1    1.8503134e-23
1.6897606970e+1    1.8677255e-23
1.6911212130e+1    1.8405300e-23
1.6924817290e+1    1.8102506e-23
1.6938422450e+1    1.7987744e-23
1.6952027610e+1    1.7831029e-23
1.6965632760e+1    1.7491953e-23
1.6979237920e+1    1.7629303e-23
1.6992843080e+1    1.7391182e-23
1.7006448240e+1    1.7775577e-23
1.7020053400e+1    1.7388444e-23
1.7033658560e+1    1.7385258e-23
1.7047263720e+1    1.8657171e-23
1.7060868870e+1    1.8852420e-23
1.7074474030e+1    1.9022074e-23
1.7088079190e+1    1.8885455e-23
1.7101684350e+1    1.9071480e-23
1.7115289510e+1    1.9762120e-23
1.7128894670e+1    1.9442542e-23
1.7142499830e+1    1.9592557e-23
1.7156104980e+1    1.9164832e-23
1.7169710140e+1    1.9092433e-23
1.7183315300e+1    1.9436665e-23
1.7196920460e+1    1.9402079e-23
1.7210525620e+1    1.9638152e-23
1.7224130780e+1    1.9652653e-23
1.7237735940e+1    1.9709152e-23
1.7251341090e+1    1.9859926e-23
1.7264946250e+1    2.0462441e-23
1.7278551410e+1    2.0149212e-23
1.7292156570e+1    2.0115973e-23
1.7305761730e+1    2.0393569e-23
1.7319366890e+1    1.9858271e-23
1.7332972050e+1    1.9945969e-23
1.7346577200e+1    2.0936018e-23
1.7360182360e+1    2.0100345e-23
1.7373787520e+1    2.0425277e-23
1.7387392680e+1    2.0416551e-23
1.7400997840e+1    2.1707213e-23
1.7414603000e+1    2.1187490e-23
1.7428208160e+1    2.0907281e-23
1.7441813310e+1    2.0489032e-23
1.7455418470e+1    2.1779871e-23
1.7469023630e+1    2.2238830e-23
1.7482628790e+1    2.1722068e-23
1.7496233950e+1    2.1961495e-23
1.7509839110e+1    2.2607265e-23
1.7523444270e+1    2.3865598e-23
1.7537049420e+1    2.2548383e-23
1.7550654580e+1    2.2437119e-23
1.7564259740e+1    2.1842701e-23
1.7577864900e+1    2.1990842e-23
1.7591470060e+1    2.2017541e-23
1.7605075220e+1    2.2006284e-23
1.7618680380e+1    2.0969658e-23
1.7632285530e+1    2.1182370e-23
1.7645890690e+1    2.1691593e-23
1.7659495850e+1    2.1411657e-23
1.7673101010e+1    2.1080038e-23
1.7686706170e+1    2.1113923e-23
1.7700311330e+1    2.1217096e-23
1.7713916490e+1    2.0799018e-23
1.7727521640e+1    2.0616666e-23
1.7741126800e+1    2.1030775e-23
1.7754731960e+1    2.0511099e-23
1.7768337120e+1    2.0849020e-23
1.7781942280e+1    2.0719797e-23
1.7795547440e+1    2.0858125e-23
1.7809152600e+1    2.0322766e-23
1.7822757760e+1    2.0071995e-23
1.7836362910e+1    1.9976742e-23
1.7849968070e+1    1.9698676e-23
1.7863573230e+1    1.9822462e-23
1.7877178390e+1    1.9895773e-23
1.7890783550e+1    1.9877315e-23
1.7904388710e+1    1.9703293e-23
1.7917993870e+1    1.9435798e-23
1.7931599020e+1    2.0123007e-23
1.7945204180e+1    2.0029385e-23
1.7958809340e+1    1.9838826e-23
1.7972414500e+1    1.9878727e-23
1.7986019660e+1    1.9681543e-23
1.7999624820e+1    1.8802060e-23
1.8013229980e+1    1.8731123e-23
1.8026835130e+1    1.8368300e-23
1.8040440290e+1    1.8311193e-23
1.8054045450e+1    1.8953167e-23
1.8067650610e+1    1.8707891e-23
1.8081255770e+1    1.9396388e-23
1.8094860930e+1    1.7930258e-23
1.8108466090e+1    1.7764356e-23
1.8122071240e+1    1.8033344e-23
1.8135676400e+1    1.7492796e-23
1.8149281560e+1    1.7693838e-23
1.8162886720e+1    1.7423441e-23
1.8176491880e+1    1.7136861e-23
1.8190097040e+1    1.7258167e-23
1.8203702200e+1    1.7031585e-23
1.8217307350e+1    1.6747561e-23
1.8230912510e+1    1.7127768e-23
1.8244517670e+1    1.6360200e-23
1.8258122830e+1    1.6848119e-23
1.8271727990e+1    1.6748688e-23
1.8285333150e+1    1.6865768e-23
1.8298938310e+1    1.7049685e-23
1.8312543460e+1    1.7945178e-23
1.8326148620e+1    1.7080907e-23
1.8339753780e+1    1.6860530e-23
1.8353358940e+1    1.6928039e-23
1.8366964100e+1    1.7064692e-23
1.8380569260e+1    1.7275607e-23
1.8394174420e+1    1.7241716e-23
1.8407779570e+1    1.7183452e-23
1.8421384730e+1    1.7289936e-23
1.8434989890e+1    1.7206362e-23
1.8448595050e+1    1.7600382e-23
1.8462200210e+1    1.7700591e-23
1.8475805370e+1    1.7897054e-23
1.8489410530e+1    1.7832035e-23
1.8503015680e+1    1.8311011e-23
1.8516620840e+1    1.8067999e-23
1.8530226000e+1    1.8265211e-23
1.8543831160e+1    1.8648712e-23
1.8557436320e+1    1.8291730e-23
1.8571041480e+1    1.8402638e-23
1.8584646640e+1    1.8841933e-23
1.8598251790e+1    1.8966682e-23
1.8611856950e+1    1.9006737e-23
1.8625462110e+1    1.9621166e-23
1.8639067270e+1    1.9111748e-23
1.8652672430e+1    1.9673122e-23
1.8666277590e+1    1.9503937e-23
1.8679882750e+1    1.9294069e-23
1.8693487900e+1    1.9456207e-23
1.8707093060e+1    1.9467754e-23
1.8720698220e+1    1.9414290e-23
1.8734303380e+1    1.9442194e-23
1.8747908540e+1    1.9578165e-23
1.8761513700e+1    1.9433339e-23
1.8775118860e+1    1.9071259e-23
1.8788724020e+1    1.9411971e-23
1.8802329170e+1    1.9373562e-23
1.8815934330e+1    2.0184134e-23
1.8829539490e+1    1.9367629e-23
1.8843144650e+1    1.9165075e-23
1.8856749810e+1    1.9522123e-23
1.8870354970e+1    1.9064300e-23
1.8883960130e+1    1.8954510e-23
1.8897565280e+1    1.9237904e-23
1.8911170440e+1    1.9117028e-23
1.8924775600e+1    1.9238922e-23
1.8938380760e+1    1.9419665e-23
1.8951985920e+1    1.9136004e-23
1.8965591080e+1    1.9551353e-23
1.8979196240e+1    2.0363138e-23
1.8992801390e+1    1.9039822e-23
1.9006406550e+1    1.9157266e-23
1.9020011710e+1    1.9313182e-23
1.9033616870e+1    1.9545179e-23
1.9047222030e+1    1.9540146e-23
1.9060827190e+1    1.9210884e-23
1.9074432350e+1    1.9310124e-23
1.9088037500e+1    1.9444484e-23
1.9101642660e+1    1.9166561e-23
1.9115247820e+1    1.9123274e-23
1.9128852980e+1    1.9312731e-23
1.9142458140e+1    1.9088966e-23
1.9156063300e+1    1.9050051e-23
1.9169668460e+1    1.9036499e-23
1.9183273610e+1    1.9416619e-23
1.9196878770e+1    1.9308637e-23
1.9210483930e+1    1.8889517e-23
1.9224089090e+1    1.9393386e-23
1.9237694250e+1    1.9306814e-23
1.9251299410e+1    1.9008970e-23
1.9264904570e+1    1.9207914e-23
1.9278509720e+1    1.9262688e-23
1.9292114880e+1    1.9272574e-23
1.9305720040e+1    1.8711899e-23
1.9319325200e+1    1.8912623e-23
1.9332930360e+1    1.8718628e-23
1.9346535520e+1    1.9604680e-23
1.9360140680e+1    1.8917398e-23
1.9373745830e+1    1.8543873e-23
1.9387350990e+1    1.8513373e-23
1.9400956150e+1    1.9111057e-23
1.9414561310e+1    1.8520111e-23
1.9428166470e+1    1.8118352e-23
1.9441771630e+1    1.8653624e-23
1.9455376790e+1    1.8293899e-23
1.9468981940e+1    1.8541251e-23
1.9482587100e+1    1.8515099e-23
1.9496192260e+1    1.8213151e-23
1.9509797420e+1    1.8039734e-23
1.9523402580e+1    1.7791823e-23
1.9537007740e+1    1.7672582e-23
1.9550612900e+1    1.7853872e-23
1.9564218050e+1    1.7873577e-23
1.9577823210e+1    1.7619931e-23
1.9591428370e+1    1.7303923e-23
1.9999583130e+1    1.7630125e-23
2.4999478910e+1    1.4662638e-23
2.9999374690e+1    1.3120366e-23
3.4999270480e+1    1.0825323e-23
3.9999166260e+1    8.6532298e-24
4.4999062040e+1    7.2136479e-24
4.9998957820e+1    5.8699915e-24
5.4998853610e+1    5.0735024e-24
5.9998749390e+1    4.4750288e-24
6.4998645170e+1    3.8328949e-24
6.9998540950e+1    3.2442564e-24
7.4998436740e+1    2.7401404e-24
7.9998332520e+1    2.3077279e-24
8.4998228300e+1    1.9557676e-24
8.9998124080e+1    1.6448291e-24
9.4998019870e+1    1.3942247e-24
9.9997915650e+1    1.1872236e-24
1.0499781143e+2    1.0140532e-24
1.0999770721e+2    8.6893780e-25
1.1499760300e+2    7.4867783e-25
1.1999749878e+2    6.4742077e-25
1.2499739456e+2    5.6199002e-25
1.2999729034e+2    4.9018422e-25
1.3499718613e+2    4.2916694e-25
-----------------------------

