EXCITATION
N(2p3_2Po) -> N(2p2_3P_3d_4Fe)
 1.297100e+1
SPECIES: e / N(2p3_2Po)
PROCESS: E + N(2p3_2Po) -> E + N(2p2_3P_3d_4Fe), Excitation
PARAM.:  E = 12.971 eV
UPDATED: 2019-01-30 20:10:46
COLUMNS: Energy (eV) | Cross section (m2)
-----------------------------
1.2970549230e+1    0.0000000e+7
1.2979321300e+1    3.1241344e-24
1.2992926460e+1    8.2923124e-24
1.3006531610e+1    1.3768193e-23
1.3020136770e+1    2.2445698e-23
1.3033741930e+1    3.8155191e-23
1.3047347090e+1    4.6375456e-23
1.3060952250e+1    2.9923587e-23
1.3074557410e+1    3.0704863e-23
1.3088162570e+1    2.8524292e-23
1.3101767720e+1    2.6796647e-23
1.3115372880e+1    2.6599917e-23
1.3128978040e+1    2.7018862e-23
1.3142583200e+1    2.6978133e-23
1.3156188360e+1    3.2111761e-23
1.3169793520e+1    3.2821149e-23
1.3183398680e+1    3.3510471e-23
1.3197003830e+1    3.2816069e-23
1.3210608990e+1    3.3384056e-23
1.3224214150e+1    3.4995192e-23
1.3237819310e+1    3.5629264e-23
1.3251424470e+1    3.2466905e-23
1.3265029630e+1    2.8333728e-23
1.3278634790e+1    2.9069042e-23
1.3305845100e+1    3.3116961e-23
1.3319450260e+1    3.4625649e-23
1.3333055420e+1    3.3637516e-23
1.3346660580e+1    4.1143769e-23
1.3360265740e+1    3.6193903e-23
1.3373870900e+1    3.6450151e-23
1.3387476050e+1    3.6393133e-23
1.3401081210e+1    3.6766676e-23
1.3414686370e+1    3.7661371e-23
1.3428291530e+1    3.7981230e-23
1.3441896690e+1    3.8631410e-23
1.3455501850e+1    3.9112396e-23
1.3469107010e+1    4.0334730e-23
1.3482712160e+1    4.0832320e-23
1.3496317320e+1    4.1579096e-23
1.3509922480e+1    4.2802613e-23
1.3523527640e+1    4.1209286e-23
1.3537132800e+1    4.5803826e-23
1.3550737960e+1    4.9486678e-23
1.3564343120e+1    4.9119248e-23
1.3577948270e+1    4.7609614e-23
1.3591553430e+1    4.9911489e-23
1.3605158590e+1    4.8813092e-23
1.3618763750e+1    4.9174984e-23
1.3632368910e+1    3.5875876e-23
1.3645974070e+1    2.9431021e-23
1.3659579230e+1    2.0564140e-23
1.3673184380e+1    2.2740554e-23
1.3700394700e+1    2.6674510e-23
1.3713999860e+1    2.0319564e-23
1.3754815340e+1    1.7610740e-23
1.3768420490e+1    1.8554584e-23
1.3782025650e+1    2.2694267e-23
1.3795630810e+1    2.1305707e-23
1.3809235970e+1    2.6524285e-23
1.3822841130e+1    3.1268985e-23
1.3836446290e+1    3.4147593e-23
1.3850051450e+1    3.3300671e-23
1.3863656600e+1    3.2347592e-23
1.3877261760e+1    3.3744788e-23
1.3890866920e+1    3.6209575e-23
1.3904472080e+1    3.8307934e-23
1.3918077240e+1    3.7304604e-23
1.3931682400e+1    4.0641806e-23
1.3945287560e+1    3.8596084e-23
1.3958892720e+1    3.7917293e-23
1.3972497870e+1    3.5834920e-23
1.3986103030e+1    3.7860164e-23
1.3999708190e+1    3.7757644e-23
1.4013313350e+1    3.5314461e-23
1.4026918510e+1    3.7969721e-23
1.4040523670e+1    4.1566830e-23
1.4054128830e+1    4.3679213e-23
1.4067733980e+1    4.1744789e-23
1.4081339140e+1    4.3801052e-23
1.4094944300e+1    4.3007620e-23
1.4108549460e+1    4.1659419e-23
1.4122154620e+1    3.8074943e-23
1.4135759780e+1    3.7510771e-23
1.4149364940e+1    3.7648286e-23
1.4162970090e+1    3.6371417e-23
1.4176575250e+1    3.5572971e-23
1.4190180410e+1    3.5545884e-23
1.4203785570e+1    3.5944919e-23
1.4217390730e+1    3.3203520e-23
1.4230995890e+1    3.1783356e-23
1.4244601050e+1    3.0119455e-23
1.4258206200e+1    3.4376215e-23
1.4271811360e+1    3.2561436e-23
1.4285416520e+1    3.2347922e-23
1.4299021680e+1    3.1249707e-23
1.4312626840e+1    3.0006584e-23
1.4326232000e+1    2.8293177e-23
1.4339837160e+1    2.7680876e-23
1.4353442310e+1    3.0184052e-23
1.4367047470e+1    2.9202848e-23
1.4380652630e+1    2.8116358e-23
1.4394257790e+1    2.8263099e-23
1.4407862950e+1    2.6398409e-23
1.4421468110e+1    2.6743588e-23
1.4435073270e+1    2.5121739e-23
1.4448678420e+1    2.6701031e-23
1.4462283580e+1    2.8656104e-23
1.4475888740e+1    2.9982932e-23
1.4489493900e+1    3.1775607e-23
1.4503099060e+1    3.3604653e-23
1.4516704220e+1    3.5765792e-23
1.4530309380e+1    3.3567650e-23
1.4543914530e+1    3.4612567e-23
1.4557519690e+1    3.6047795e-23
1.4571124850e+1    3.7902726e-23
1.4584730010e+1    4.1274974e-23
1.4598335170e+1    4.3293102e-23
1.4611940330e+1    4.6217281e-23
1.4625545490e+1    4.6574240e-23
1.4639150640e+1    4.5919441e-23
1.4652755800e+1    4.6617168e-23
1.4666360960e+1    4.7679496e-23
1.4679966120e+1    4.5226468e-23
1.4693571280e+1    4.4682814e-23
1.4707176440e+1    4.4199726e-23
1.4720781600e+1    4.3390754e-23
1.4734386750e+1    4.0721137e-23
1.4747991910e+1    4.3149575e-23
1.4761597070e+1    4.1557732e-23
1.4775202230e+1    4.5821575e-23
1.4788807390e+1    4.2806871e-23
1.4802412550e+1    4.1510950e-23
1.4816017710e+1    3.9170637e-23
1.4829622860e+1    3.9598061e-23
1.4843228020e+1    4.1117626e-23
1.4856833180e+1    3.8191398e-23
1.4870438340e+1    3.9091091e-23
1.4884043500e+1    3.7755738e-23
1.4897648660e+1    3.8812282e-23
1.4911253820e+1    3.8996058e-23
1.4924858980e+1    3.8340591e-23
1.4938464130e+1    3.6496579e-23
1.4952069290e+1    3.9058015e-23
1.4965674450e+1    3.5403773e-23
1.4979279610e+1    3.3618650e-23
1.4992884770e+1    3.2178172e-23
1.5006489930e+1    3.1806275e-23
1.5020095090e+1    3.1277023e-23
1.5033700240e+1    3.0605116e-23
1.5047305400e+1    2.9618621e-23
1.5060910560e+1    3.0512204e-23
1.5074515720e+1    3.0358618e-23
1.5088120880e+1    2.9482544e-23
1.5101726040e+1    2.8292221e-23
1.5115331200e+1    2.7496235e-23
1.5128936350e+1    2.7753658e-23
1.5142541510e+1    2.5017842e-23
1.5156146670e+1    2.4590973e-23
1.5169751830e+1    2.5843112e-23
1.5183356990e+1    2.4915620e-23
1.5196962150e+1    2.5081504e-23
1.5210567310e+1    2.5393233e-23
1.5224172460e+1    2.5114241e-23
1.5237777620e+1    2.5028404e-23
1.5251382780e+1    2.4952644e-23
1.5264987940e+1    2.6347784e-23
1.5278593100e+1    2.7202749e-23
1.5292198260e+1    2.7609201e-23
1.5305803420e+1    2.8674717e-23
1.5319408570e+1    2.9202263e-23
1.5333013730e+1    3.1222861e-23
1.5346618890e+1    2.9198682e-23
1.5360224050e+1    3.0126253e-23
1.5373829210e+1    3.0518836e-23
1.5387434370e+1    3.1731388e-23
1.5401039530e+1    3.2719661e-23
1.5414644680e+1    3.3501173e-23
1.5428249840e+1    3.3521011e-23
1.5441855000e+1    3.4196918e-23
1.5455460160e+1    3.4358982e-23
1.5469065320e+1    3.3220071e-23
1.5482670480e+1    3.4657465e-23
1.5509880790e+1    3.5038580e-23
1.5523485950e+1    3.4618445e-23
1.5537091110e+1    3.4205881e-23
1.5550696270e+1    3.3873829e-23
1.5564301430e+1    3.4832582e-23
1.5577906590e+1    3.3739587e-23
1.5591511750e+1    3.4439384e-23
1.5605116900e+1    3.4068023e-23
1.5618722060e+1    3.4772993e-23
1.5632327220e+1    3.6710884e-23
1.5645932380e+1    3.7162771e-23
1.5659537540e+1    3.6345040e-23
1.5673142700e+1    3.7990772e-23
1.5686747860e+1    3.7488254e-23
1.5700353010e+1    3.8226073e-23
1.5713958170e+1    3.9251615e-23
1.5727563330e+1    3.8890160e-23
1.5741168490e+1    3.6180864e-23
1.5754773650e+1    3.4527009e-23
1.5768378810e+1    3.6338856e-23
1.5781983970e+1    3.6456078e-23
1.5795589120e+1    3.2183367e-23
1.5809194280e+1    3.2061138e-23
1.5822799440e+1    3.1065147e-23
1.5836404600e+1    3.3314156e-23
1.5850009760e+1    4.1420752e-23
1.5863614920e+1    4.7809042e-23
1.5877220080e+1    4.7734514e-23
1.5890825240e+1    4.4269050e-23
1.5904430390e+1    4.2774132e-23
1.5918035550e+1    3.9927975e-23
1.5931640710e+1    3.7188570e-23
1.5945245870e+1    3.5454106e-23
1.5958851030e+1    3.4356930e-23
1.5972456190e+1    3.5479443e-23
1.5986061350e+1    3.4892466e-23
1.5999666500e+1    3.2736460e-23
1.6013271660e+1    3.1882661e-23
1.6026876820e+1    3.1577110e-23
1.6040481980e+1    3.0592554e-23
1.6054087140e+1    2.9371912e-23
1.6067692300e+1    2.9519825e-23
1.6081297460e+1    2.9724919e-23
1.6094902610e+1    2.9153804e-23
1.6108507770e+1    2.9057718e-23
1.6122112930e+1    2.8355524e-23
1.6135718090e+1    2.6296644e-23
1.6149323250e+1    2.6259827e-23
1.6162928410e+1    2.6764149e-23
1.6176533570e+1    2.6085499e-23
1.6190138720e+1    2.8638398e-23
1.6203743880e+1    2.8455978e-23
1.6217349040e+1    2.8091989e-23
1.6230954200e+1    2.6324297e-23
1.6244559360e+1    2.6222712e-23
1.6258164520e+1    2.5831264e-23
1.6271769680e+1    2.6330031e-23
1.6285374830e+1    2.6104367e-23
1.6298979990e+1    2.6409561e-23
1.6312585150e+1    2.6094913e-23
1.6326190310e+1    2.6751762e-23
1.6339795470e+1    2.8384227e-23
1.6353400630e+1    2.7321751e-23
1.6367005790e+1    2.7440606e-23
1.6394216100e+1    2.7914323e-23
1.6407821260e+1    2.7545978e-23
1.6421426420e+1    2.8499130e-23
1.6435031580e+1    2.8637358e-23
1.6448636740e+1    2.8882268e-23
1.6462241900e+1    3.0742309e-23
1.6475847050e+1    3.0452713e-23
1.6489452210e+1    3.0353041e-23
1.6503057370e+1    3.0654751e-23
1.6516662530e+1    3.2231737e-23
1.6530267690e+1    3.3576449e-23
1.6543872850e+1    3.5476851e-23
1.6557478010e+1    3.5843488e-23
1.6571083160e+1    3.5011900e-23
1.6584688320e+1    3.6016311e-23
1.6598293480e+1    3.6529810e-23
1.6611898640e+1    3.6374621e-23
1.6625503800e+1    3.7303142e-23
1.6639108960e+1    3.8176980e-23
1.6652714120e+1    3.9368784e-23
1.6679924430e+1    3.9686775e-23
1.6693529590e+1    4.0202412e-23
1.6707134750e+1    4.1613748e-23
1.6720739910e+1    3.8169120e-23
1.6734345070e+1    3.7888318e-23
1.6747950230e+1    3.8023337e-23
1.6761555380e+1    3.8928810e-23
1.6775160540e+1    3.6053328e-23
1.6788765700e+1    3.6416704e-23
1.6802370860e+1    3.7368870e-23
1.6815976020e+1    3.9980534e-23
1.6829581180e+1    3.4249387e-23
1.6843186340e+1    3.4455986e-23
1.6856791500e+1    3.6008372e-23
1.6870396650e+1    3.3387369e-23
1.6884001810e+1    3.3400200e-23
1.6897606970e+1    3.3870122e-23
1.6911212130e+1    3.3155903e-23
1.6924817290e+1    3.2977085e-23
1.6938422450e+1    3.2007086e-23
1.6952027610e+1    3.2418250e-23
1.6965632760e+1    3.1048176e-23
1.6979237920e+1    3.3527674e-23
1.6992843080e+1    3.2382439e-23
1.7006448240e+1    3.0776982e-23
1.7020053400e+1    3.1117280e-23
1.7033658560e+1    3.3638977e-23
1.7047263720e+1    3.3570402e-23
1.7060868870e+1    3.3667317e-23
1.7074474030e+1    3.2535462e-23
1.7088079190e+1    3.2798465e-23
1.7101684350e+1    3.2278302e-23
1.7115289510e+1    3.0070302e-23
1.7128894670e+1    2.8605720e-23
1.7142499830e+1    2.7815644e-23
1.7156104980e+1    2.8121061e-23
1.7169710140e+1    2.7179930e-23
1.7183315300e+1    2.8012942e-23
1.7196920460e+1    2.7317166e-23
1.7210525620e+1    2.6725923e-23
1.7224130780e+1    2.6842837e-23
1.7237735940e+1    2.6904041e-23
1.7251341090e+1    2.5940495e-23
1.7264946250e+1    2.5543851e-23
1.7278551410e+1    2.4794674e-23
1.7292156570e+1    2.4208195e-23
1.7305761730e+1    2.5150020e-23
1.7319366890e+1    2.4276842e-23
1.7332972050e+1    2.4264211e-23
1.7346577200e+1    2.4949949e-23
1.7360182360e+1    2.3922977e-23
1.7373787520e+1    2.3626845e-23
1.7387392680e+1    2.4422433e-23
1.7400997840e+1    2.5273363e-23
1.7414603000e+1    2.4401958e-23
1.7428208160e+1    2.4053016e-23
1.7441813310e+1    2.5162253e-23
1.7455418470e+1    2.4539033e-23
1.7469023630e+1    2.6018931e-23
1.7482628790e+1    2.4859395e-23
1.7496233950e+1    2.5594083e-23
1.7509839110e+1    2.6332135e-23
1.7523444270e+1    2.6443295e-23
1.7537049420e+1    2.5646519e-23
1.7550654580e+1    2.5810746e-23
1.7564259740e+1    2.6356271e-23
1.7577864900e+1    2.6243355e-23
1.7591470060e+1    2.6706528e-23
1.7605075220e+1    2.7649917e-23
1.7618680380e+1    2.7243414e-23
1.7632285530e+1    2.7468014e-23
1.7645890690e+1    2.7791197e-23
1.7659495850e+1    2.7937250e-23
1.7673101010e+1    2.9180618e-23
1.7686706170e+1    2.9077148e-23
1.7700311330e+1    2.8868146e-23
1.7713916490e+1    2.8878503e-23
1.7727521640e+1    2.8818325e-23
1.7741126800e+1    2.8710778e-23
1.7754731960e+1    2.8745456e-23
1.7768337120e+1    3.0957856e-23
1.7781942280e+1    3.0506951e-23
1.7795547440e+1    3.1741745e-23
1.7809152600e+1    3.0011458e-23
1.7822757760e+1    2.9899171e-23
1.7836362910e+1    3.0509757e-23
1.7849968070e+1    3.1743655e-23
1.7863573230e+1    3.1697467e-23
1.7877178390e+1    3.2458980e-23
1.7890783550e+1    3.2185517e-23
1.7904388710e+1    3.3692294e-23
1.7917993870e+1    3.2794021e-23
1.7931599020e+1    3.3996560e-23
1.7945204180e+1    3.3711246e-23
1.7958809340e+1    3.4266948e-23
1.7972414500e+1    3.3801752e-23
1.7986019660e+1    3.3588831e-23
1.7999624820e+1    3.4197023e-23
1.8013229980e+1    3.3610588e-23
1.8026835130e+1    3.4484199e-23
1.8040440290e+1    3.5018153e-23
1.8054045450e+1    3.3937488e-23
1.8067650610e+1    3.4773209e-23
1.8081255770e+1    3.6754967e-23
1.8094860930e+1    3.6420920e-23
1.8108466090e+1    3.5032671e-23
1.8122071240e+1    3.5122642e-23
1.8135676400e+1    3.4446629e-23
1.8149281560e+1    3.4592818e-23
1.8162886720e+1    3.4860932e-23
1.8176491880e+1    3.5877232e-23
1.8190097040e+1    3.5599427e-23
1.8203702200e+1    3.5370819e-23
1.8217307350e+1    3.4514374e-23
1.8230912510e+1    3.4446923e-23
1.8244517670e+1    3.3105373e-23
1.8258122830e+1    3.3855591e-23
1.8271727990e+1    3.3696739e-23
1.8285333150e+1    3.2453216e-23
1.8298938310e+1    3.2665071e-23
1.8312543460e+1    3.2769490e-23
1.8326148620e+1    3.1503774e-23
1.8339753780e+1    3.0599424e-23
1.8353358940e+1    3.1829801e-23
1.8366964100e+1    3.0344919e-23
1.8380569260e+1    2.9747451e-23
1.8394174420e+1    3.0025575e-23
1.8407779570e+1    2.8611055e-23
1.8421384730e+1    2.9092117e-23
1.8434989890e+1    2.8820295e-23
1.8448595050e+1    2.7739564e-23
1.8462200210e+1    2.8104274e-23
1.8475805370e+1    2.7683598e-23
1.8489410530e+1    2.7274172e-23
1.8503015680e+1    2.6346286e-23
1.8516620840e+1    2.6565990e-23
1.8530226000e+1    2.6662414e-23
1.8543831160e+1    2.6086907e-23
1.8557436320e+1    2.5374121e-23
1.8571041480e+1    2.5704308e-23
1.8584646640e+1    2.5360931e-23
1.8598251790e+1    2.5149049e-23
1.8611856950e+1    2.4772206e-23
1.8625462110e+1    2.4510829e-23
1.8639067270e+1    2.4963768e-23
1.8652672430e+1    2.3995567e-23
1.8666277590e+1    2.3299427e-23
1.8679882750e+1    2.3279957e-23
1.8693487900e+1    2.3093832e-23
1.8707093060e+1    4.4747603e-22
1.8720698220e+1    2.2665875e-23
1.8734303380e+1    2.3475576e-23
1.8747908540e+1    2.3221815e-23
1.8761513700e+1    2.2732157e-23
1.8775118860e+1    2.3099794e-23
1.8788724020e+1    2.2226683e-23
1.8802329170e+1    2.2971542e-23
1.8815934330e+1    2.2826345e-23
1.8829539490e+1    2.3317436e-23
1.8843144650e+1    2.3444936e-23
1.8856749810e+1    2.3344901e-23
1.8870354970e+1    2.2804650e-23
1.8883960130e+1    2.3013843e-23
1.8897565280e+1    2.2459862e-23
1.8911170440e+1    2.1968942e-23
1.8924775600e+1    2.2809737e-23
1.8938380760e+1    2.3207904e-23
1.8951985920e+1    2.3192385e-23
1.8965591080e+1    2.4157188e-23
1.8979196240e+1    2.4778064e-23
1.8992801390e+1    2.4737221e-23
1.9006406550e+1    2.5129630e-23
1.9020011710e+1    2.5650938e-23
1.9033616870e+1    2.5796597e-23
1.9047222030e+1    2.6498474e-23
1.9060827190e+1    2.5967916e-23
1.9074432350e+1    2.6572651e-23
1.9088037500e+1    2.6213466e-23
1.9101642660e+1    2.6891029e-23
1.9115247820e+1    2.6992435e-23
1.9128852980e+1    2.6459659e-23
1.9142458140e+1    2.6798776e-23
1.9156063300e+1    2.6722663e-23
1.9169668460e+1    2.8244995e-23
1.9183273610e+1    2.7446294e-23
1.9196878770e+1    2.7661124e-23
1.9210483930e+1    2.7889400e-23
1.9224089090e+1    2.7688947e-23
1.9237694250e+1    2.8866002e-23
1.9251299410e+1    2.8299416e-23
1.9264904570e+1    2.7927708e-23
1.9278509720e+1    2.9295647e-23
1.9292114880e+1    2.7794494e-23
1.9305720040e+1    2.8389778e-23
1.9319325200e+1    2.8531441e-23
1.9332930360e+1    2.9077655e-23
1.9346535520e+1    2.9646398e-23
1.9360140680e+1    2.8927959e-23
1.9373745830e+1    2.8856136e-23
1.9387350990e+1    2.8758065e-23
1.9400956150e+1    2.9144569e-23
1.9414561310e+1    3.6621070e-23
1.9428166470e+1    2.8810595e-23
1.9441771630e+1    3.0202820e-23
1.9455376790e+1    2.9695549e-23
1.9468981940e+1    2.8328013e-23
1.9482587100e+1    2.8889581e-23
1.9496192260e+1    2.8444028e-23
1.9509797420e+1    2.9677248e-23
1.9523402580e+1    2.8246745e-23
1.9537007740e+1    2.8952665e-23
1.9550612900e+1    2.8867641e-23
1.9564218050e+1    2.9626469e-23
1.9577823210e+1    2.8745377e-23
1.9591428370e+1    2.9186805e-23
1.9999583130e+1    2.5790701e-23
2.4999478910e+1    2.0132644e-23
2.9999374690e+1    1.1127774e-23
3.4999270480e+1    7.5925248e-24
3.9999166260e+1    5.4620014e-24
4.4999062040e+1    3.7862156e-24
4.9998957820e+1    2.9358098e-24
5.4998853610e+1    2.4732485e-24
5.9998749390e+1    2.0451410e-24
6.4998645170e+1    1.6307399e-24
6.9998540950e+1    1.2696049e-24
7.4998436740e+1    1.0127655e-24
7.9998332520e+1    7.7695513e-25
8.4998228300e+1    6.3912388e-25
8.9998124080e+1    5.0815928e-25
9.4998019870e+1    4.0559377e-25
9.9997915650e+1    3.3457162e-25
1.0499781143e+2    2.7861844e-25
1.0999770721e+2    2.3355778e-25
1.1499760300e+2    1.9762577e-25
1.1999749878e+2    1.6817972e-25
1.2499739456e+2    1.4411109e-25
1.2999729034e+2    1.2390811e-25
1.3499718613e+2    1.0760238e-25
-----------------------------

