EXCITATION
N(2s_2p4_4Pe) -> N(2p2_3P_3p_2So)
 1.161800e+1
SPECIES: e / N(2s_2p4_4Pe)
PROCESS: E + N(2s_2p4_4Pe) -> E + N(2p2_3P_3p_2So), Excitation
PARAM.:  E = 11.618 eV
UPDATED: 2019-01-30 20:10:47
COLUMNS: Energy (eV) | Cross section (m2)
-----------------------------
1.1617938520e+1    0.0000000e+7
1.1618805440e+1    4.2438352e-23
1.1632410600e+1    3.1997217e-22
1.1646015750e+1    7.4453122e-22
1.1659620910e+1    2.1303687e-21
1.1673226070e+1    2.9901136e-21
1.1686831230e+1    3.8172952e-21
1.1700436390e+1    4.5463853e-21
1.1714041550e+1    5.1562646e-21
1.1727646710e+1    5.6270642e-21
1.1741251860e+1    5.9388226e-21
1.1754857020e+1    6.0729158e-21
1.1768462180e+1    6.0114199e-21
1.1782067340e+1    5.7318729e-21
1.1795672500e+1    5.1650226e-21
1.1809277660e+1    4.1603148e-21
1.1822882820e+1    3.3430564e-21
1.1836487970e+1    2.8120235e-21
1.1850093130e+1    2.4612216e-21
1.1863698290e+1    2.2365620e-21
1.1877303450e+1    2.1662768e-21
1.1890908610e+1    2.0977871e-21
1.1904513770e+1    1.9851424e-21
1.1918118930e+1    1.9706931e-21
1.1931724080e+1    1.9955821e-21
1.1945329240e+1    2.0614019e-21
1.1958934400e+1    2.1651133e-21
1.1972539560e+1    2.2780216e-21
1.1986144720e+1    2.4302755e-21
1.1999749880e+1    2.5805330e-21
1.2013355040e+1    2.6601526e-21
1.2026960200e+1    3.4917882e-21
1.2040565350e+1    2.4201458e-21
1.2054170510e+1    2.2088522e-21
1.2067775670e+1    2.0767113e-21
1.2081380830e+1    2.0161547e-21
1.2094985990e+1    2.0052829e-21
1.2108591150e+1    2.0038284e-21
1.2122196310e+1    2.0392101e-21
1.2135801460e+1    2.0732334e-21
1.2149406620e+1    2.1350769e-21
1.2163011780e+1    2.1608019e-21
1.2176616940e+1    2.1625505e-21
1.2190222100e+1    2.1505854e-21
1.2203827260e+1    2.1302461e-21
1.2217432420e+1    2.1011727e-21
1.2231037570e+1    2.0751173e-21
1.2244642730e+1    2.0118223e-21
1.2258247890e+1    1.9711832e-21
1.2271853050e+1    1.9288052e-21
1.2285458210e+1    1.8863855e-21
1.2299063370e+1    1.8461224e-21
1.2312668530e+1    1.8057393e-21
1.2326273680e+1    1.7768854e-21
1.2339878840e+1    1.7468019e-21
1.2353484000e+1    1.6865348e-21
1.2367089160e+1    1.6275992e-21
1.2380694320e+1    1.5896208e-21
1.2394299480e+1    1.5583780e-21
1.2407904640e+1    1.5287329e-21
1.2421509790e+1    1.5034013e-21
1.2435114950e+1    1.4803482e-21
1.2448720110e+1    1.4590822e-21
1.2462325270e+1    1.4404364e-21
1.2475930430e+1    1.4242125e-21
1.2489535590e+1    1.4106394e-21
1.2503140750e+1    1.3985380e-21
1.2516745900e+1    1.3886469e-21
1.2530351060e+1    1.3810129e-21
1.2543956220e+1    1.3757343e-21
1.2557561380e+1    1.3729927e-21
1.2571166540e+1    1.3731132e-21
1.2584771700e+1    1.3766626e-21
1.2598376860e+1    1.3847813e-21
1.2611982010e+1    1.3988039e-21
1.2625587170e+1    1.4229752e-21
1.2639192330e+1    1.4651001e-21
1.2652797490e+1    1.5452622e-21
1.2666402650e+1    1.7170554e-21
1.2680007810e+1    1.9544267e-21
1.2693612970e+1    1.4891804e-21
1.2707218120e+1    1.2589571e-21
1.2720823280e+1    1.2357973e-21
1.2734428440e+1    1.2465562e-21
1.2748033600e+1    1.2633121e-21
1.2761638760e+1    1.2808918e-21
1.2775243920e+1    1.3014174e-21
1.2788849080e+1    1.4131413e-21
1.2802454230e+1    1.5301402e-21
1.2816059390e+1    1.5354933e-21
1.2829664550e+1    1.6277013e-21
1.2843269710e+1    1.7116075e-21
1.2856874870e+1    1.8256893e-21
1.2870480030e+1    1.9749700e-21
1.2884085190e+1    1.9480900e-21
1.2897690340e+1    1.7309232e-21
1.2911295500e+1    1.4357685e-21
1.2924900660e+1    1.4548753e-21
1.2938505820e+1    1.3893205e-21
1.2952110980e+1    1.3952956e-21
1.2965716140e+1    1.3834324e-21
1.2979321300e+1    1.5126197e-21
1.2992926460e+1    1.4364271e-21
1.3006531610e+1    1.4246957e-21
1.3020136770e+1    1.4963221e-21
1.3033741930e+1    1.6654749e-21
1.3047347090e+1    1.7021334e-21
1.3060952250e+1    1.6325606e-21
1.3074557410e+1    1.4422145e-21
1.3088162570e+1    1.4140921e-21
1.3101767720e+1    1.3948712e-21
1.3115372880e+1    1.3746866e-21
1.3128978040e+1    1.3677792e-21
1.3142583200e+1    1.3633084e-21
1.3156188360e+1    1.3182344e-21
1.3169793520e+1    1.3288661e-21
1.3183398680e+1    1.3239895e-21
1.3197003830e+1    1.3305332e-21
1.3210608990e+1    1.3218276e-21
1.3224214150e+1    1.3010471e-21
1.3237819310e+1    1.2825302e-21
1.3251424470e+1    1.2719546e-21
1.3265029630e+1    1.2497520e-21
1.3278634790e+1    1.1589635e-21
1.3305845100e+1    1.1892334e-21
1.3319450260e+1    1.2285697e-21
1.3333055420e+1    1.2144286e-21
1.3346660580e+1    1.2221594e-21
1.3360265740e+1    1.2201136e-21
1.3373870900e+1    1.2261999e-21
1.3387476050e+1    1.2236275e-21
1.3401081210e+1    1.2353229e-21
1.3414686370e+1    1.2603153e-21
1.3428291530e+1    1.2384984e-21
1.3441896690e+1    1.2122148e-21
1.3455501850e+1    1.1657697e-21
1.3469107010e+1    1.2475629e-21
1.3482712160e+1    1.2633633e-21
1.3496317320e+1    1.3110611e-21
1.3509922480e+1    1.2477674e-21
1.3523527640e+1    1.2473668e-21
1.3537132800e+1    1.2182521e-21
1.3550737960e+1    1.1616334e-21
1.3564343120e+1    1.0626173e-21
1.3577948270e+1    1.0500447e-21
1.3591553430e+1    1.0228271e-21
1.3605158590e+1    9.7439484e-22
1.3618763750e+1    9.7932121e-22
1.3632368910e+1    1.0324801e-21
1.3645974070e+1    1.0401719e-21
1.3659579230e+1    9.6719841e-22
1.3673184380e+1    8.7190416e-22
1.3700394700e+1    8.5694875e-22
1.3713999860e+1    8.1456974e-22
1.3754815340e+1    8.8877401e-22
1.3768420490e+1    8.9237539e-22
1.3782025650e+1    8.6969757e-22
1.3795630810e+1    8.9284955e-22
1.3809235970e+1    8.6287346e-22
1.3822841130e+1    8.3101313e-22
1.3836446290e+1    8.3348315e-22
1.3850051450e+1    8.4511719e-22
1.3863656600e+1    8.3894035e-22
1.3877261760e+1    8.3560582e-22
1.3890866920e+1    8.3468323e-22
1.3904472080e+1    7.8427392e-22
1.3918077240e+1    7.7077525e-22
1.3931682400e+1    8.7701546e-22
1.3945287560e+1    8.7221516e-22
1.3958892720e+1    8.7340846e-22
1.3972497870e+1    8.5184160e-22
1.3986103030e+1    8.5333571e-22
1.3999708190e+1    8.5802710e-22
1.4013313350e+1    8.7548646e-22
1.4026918510e+1    8.6950195e-22
1.4040523670e+1    8.7719492e-22
1.4054128830e+1    8.5579453e-22
1.4067733980e+1    8.5464596e-22
1.4081339140e+1    8.5161450e-22
1.4094944300e+1    8.1816560e-22
1.4108549460e+1    8.1040339e-22
1.4122154620e+1    8.0310322e-22
1.4135759780e+1    8.1163544e-22
1.4149364940e+1    8.0254571e-22
1.4162970090e+1    7.6859330e-22
1.4176575250e+1    7.5861789e-22
1.4190180410e+1    7.2032064e-22
1.4203785570e+1    7.3136945e-22
1.4217390730e+1    7.6805915e-22
1.4230995890e+1    7.5714362e-22
1.4244601050e+1    7.3075217e-22
1.4258206200e+1    7.2733185e-22
1.4271811360e+1    7.2220952e-22
1.4285416520e+1    7.1287226e-22
1.4299021680e+1    7.0272037e-22
1.4312626840e+1    6.9992241e-22
1.4326232000e+1    7.0680076e-22
1.4339837160e+1    7.1182930e-22
1.4353442310e+1    6.8457525e-22
1.4367047470e+1    6.8802734e-22
1.4380652630e+1    7.0357751e-22
1.4394257790e+1    7.0226491e-22
1.4407862950e+1    6.8174242e-22
1.4421468110e+1    6.7729276e-22
1.4435073270e+1    6.6153857e-22
1.4448678420e+1    6.6589865e-22
1.4462283580e+1    6.6390212e-22
1.4475888740e+1    6.5176323e-22
1.4489493900e+1    6.4284451e-22
1.4503099060e+1    6.2762751e-22
1.4516704220e+1    6.3205403e-22
1.4530309380e+1    6.4411691e-22
1.4543914530e+1    6.3209663e-22
1.4557519690e+1    6.3396448e-22
1.4571124850e+1    6.2887823e-22
1.4584730010e+1    6.1162356e-22
1.4598335170e+1    6.2386726e-22
1.4611940330e+1    6.1650392e-22
1.4625545490e+1    6.2998586e-22
1.4639150640e+1    6.3234085e-22
1.4652755800e+1    6.2883981e-22
1.4666360960e+1    6.0510589e-22
1.4679966120e+1    5.9827076e-22
1.4693571280e+1    6.0203613e-22
1.4707176440e+1    5.8559402e-22
1.4720781600e+1    5.8225523e-22
1.4734386750e+1    5.7492255e-22
1.4747991910e+1    5.7701949e-22
1.4761597070e+1    5.7425628e-22
1.4775202230e+1    5.5950570e-22
1.4788807390e+1    5.6684632e-22
1.4802412550e+1    5.8263020e-22
1.4816017710e+1    5.9016663e-22
1.4829622860e+1    5.9257298e-22
1.4843228020e+1    5.7961446e-22
1.4856833180e+1    5.6040805e-22
1.4870438340e+1    5.6327026e-22
1.4884043500e+1    5.6607264e-22
1.4897648660e+1    5.5258022e-22
1.4911253820e+1    5.4875822e-22
1.4924858980e+1    5.5788177e-22
1.4938464130e+1    5.4306219e-22
1.4952069290e+1    5.4078931e-22
1.4965674450e+1    5.4925223e-22
1.4979279610e+1    5.4597560e-22
1.4992884770e+1    5.4351127e-22
1.5006489930e+1    5.4569053e-22
1.5020095090e+1    5.4013506e-22
1.5033700240e+1    5.3951895e-22
1.5047305400e+1    5.2697384e-22
1.5060910560e+1    5.2346733e-22
1.5074515720e+1    5.1476108e-22
1.5088120880e+1    5.0704778e-22
1.5101726040e+1    5.0206060e-22
1.5115331200e+1    4.9707104e-22
1.5128936350e+1    4.8170651e-22
1.5142541510e+1    5.1305637e-22
1.5156146670e+1    4.9737588e-22
1.5169751830e+1    4.8899395e-22
1.5183356990e+1    4.8688398e-22
1.5196962150e+1    4.8891687e-22
1.5210567310e+1    4.9213770e-22
1.5224172460e+1    4.8865377e-22
1.5237777620e+1    4.7961048e-22
1.5251382780e+1    4.7482512e-22
1.5264987940e+1    4.7330720e-22
1.5278593100e+1    4.6544992e-22
1.5292198260e+1    4.7660629e-22
1.5305803420e+1    4.7490810e-22
1.5319408570e+1    4.7117180e-22
1.5333013730e+1    4.7140614e-22
1.5346618890e+1    4.6108499e-22
1.5360224050e+1    4.5714157e-22
1.5373829210e+1    4.5373189e-22
1.5387434370e+1    4.4378890e-22
1.5401039530e+1    4.4358927e-22
1.5414644680e+1    4.3867220e-22
1.5428249840e+1    4.3228833e-22
1.5441855000e+1    4.3076733e-22
1.5455460160e+1    4.2800219e-22
1.5469065320e+1    4.1772089e-22
1.5482670480e+1    4.1735923e-22
1.5509880790e+1    4.1389005e-22
1.5523485950e+1    4.1897786e-22
1.5537091110e+1    4.1380861e-22
1.5550696270e+1    4.1009968e-22
1.5564301430e+1    4.0565537e-22
1.5577906590e+1    4.1615633e-22
1.5591511750e+1    4.2055459e-22
1.5605116900e+1    4.1075579e-22
1.5618722060e+1    4.0983947e-22
1.5632327220e+1    4.1696117e-22
1.5645932380e+1    3.9699386e-22
1.5659537540e+1    3.9402579e-22
1.5673142700e+1    3.8888868e-22
1.5686747860e+1    3.9273065e-22
1.5700353010e+1    3.8869195e-22
1.5713958170e+1    3.9197297e-22
1.5727563330e+1    4.0190416e-22
1.5741168490e+1    4.0100039e-22
1.5754773650e+1    3.8469371e-22
1.5768378810e+1    3.8465848e-22
1.5781983970e+1    3.8517469e-22
1.5795589120e+1    3.8426347e-22
1.5809194280e+1    3.8174316e-22
1.5822799440e+1    3.7362308e-22
1.5836404600e+1    3.6464740e-22
1.5850009760e+1    3.5070310e-22
1.5863614920e+1    3.4891689e-22
1.5877220080e+1    3.5311815e-22
1.5890825240e+1    3.5683157e-22
1.5904430390e+1    3.6305159e-22
1.5918035550e+1    3.6484763e-22
1.5931640710e+1    3.6323135e-22
1.5945245870e+1    3.5739446e-22
1.5958851030e+1    3.6389627e-22
1.5972456190e+1    3.4800067e-22
1.5986061350e+1    3.5337492e-22
1.5999666500e+1    3.5393911e-22
1.6013271660e+1    3.5217263e-22
1.6026876820e+1    3.4997679e-22
1.6040481980e+1    3.4272094e-22
1.6054087140e+1    3.4549296e-22
1.6067692300e+1    3.4952497e-22
1.6081297460e+1    3.4491336e-22
1.6094902610e+1    3.4337543e-22
1.6108507770e+1    3.3973070e-22
1.6122112930e+1    3.4073328e-22
1.6135718090e+1    3.3887022e-22
1.6149323250e+1    3.3625736e-22
1.6162928410e+1    3.2749771e-22
1.6176533570e+1    3.2674264e-22
1.6190138720e+1    3.2526816e-22
1.6203743880e+1    3.2275179e-22
1.6217349040e+1    3.2945309e-22
1.6230954200e+1    3.3135140e-22
1.6244559360e+1    3.2245705e-22
1.6258164520e+1    3.2142792e-22
1.6271769680e+1    3.1819854e-22
1.6285374830e+1    3.1978998e-22
1.6298979990e+1    3.1495699e-22
1.6312585150e+1    3.0727034e-22
1.6326190310e+1    3.0730446e-22
1.6339795470e+1    3.0020260e-22
1.6353400630e+1    3.0008867e-22
1.6367005790e+1    2.8615517e-22
1.6394216100e+1    2.8602767e-22
1.6407821260e+1    2.8354346e-22
1.6421426420e+1    2.8338193e-22
1.6435031580e+1    2.8283976e-22
1.6448636740e+1    2.8258602e-22
1.6462241900e+1    2.8010999e-22
1.6475847050e+1    2.7761506e-22
1.6489452210e+1    2.7574307e-22
1.6503057370e+1    2.7553773e-22
1.6516662530e+1    2.7896840e-22
1.6530267690e+1    2.7869491e-22
1.6543872850e+1    2.7473958e-22
1.6557478010e+1    2.7742617e-22
1.6571083160e+1    2.7431508e-22
1.6584688320e+1    2.7364739e-22
1.6598293480e+1    2.6842661e-22
1.6611898640e+1    2.7279013e-22
1.6625503800e+1    2.7033722e-22
1.6639108960e+1    2.7256255e-22
1.6652714120e+1    2.6974584e-22
1.6679924430e+1    2.6738551e-22
1.6693529590e+1    2.5770847e-22
1.6707134750e+1    2.6055934e-22
1.6720739910e+1    2.5342242e-22
1.6734345070e+1    2.5231459e-22
1.6747950230e+1    2.5248147e-22
1.6761555380e+1    2.4031163e-22
1.6775160540e+1    2.3993190e-22
1.6788765700e+1    2.4332634e-22
1.6802370860e+1    2.4326855e-22
1.6815976020e+1    2.4216670e-22
1.6829581180e+1    2.4238483e-22
1.6843186340e+1    2.4208844e-22
1.6856791500e+1    2.4492221e-22
1.6870396650e+1    2.4781678e-22
1.6884001810e+1    2.4436958e-22
1.6897606970e+1    2.4435271e-22
1.6911212130e+1    2.4032119e-22
1.6924817290e+1    2.4339931e-22
1.6938422450e+1    2.3620229e-22
1.6952027610e+1    2.4048167e-22
1.6965632760e+1    2.4192271e-22
1.6979237920e+1    2.4097669e-22
1.6992843080e+1    2.4128421e-22
1.7006448240e+1    2.4090004e-22
1.7020053400e+1    2.3945172e-22
1.7033658560e+1    2.3618292e-22
1.7047263720e+1    2.3432638e-22
1.7060868870e+1    2.3367573e-22
1.7074474030e+1    2.3508469e-22
1.7088079190e+1    2.3782052e-22
1.7101684350e+1    2.3742394e-22
1.7115289510e+1    2.3802698e-22
1.7128894670e+1    2.3563214e-22
1.7142499830e+1    2.3409593e-22
1.7156104980e+1    2.3298832e-22
1.7169710140e+1    2.3724328e-22
1.7183315300e+1    2.3121215e-22
1.7196920460e+1    2.3008512e-22
1.7210525620e+1    2.2922480e-22
1.7224130780e+1    2.2941697e-22
1.7237735940e+1    2.2853474e-22
1.7251341090e+1    2.2681272e-22
1.7264946250e+1    2.2745658e-22
1.7278551410e+1    2.2651267e-22
1.7292156570e+1    2.2344331e-22
1.7305761730e+1    2.1928517e-22
1.7319366890e+1    2.1860283e-22
1.7332972050e+1    2.1665384e-22
1.7346577200e+1    2.1786985e-22
1.7360182360e+1    2.1889649e-22
1.7373787520e+1    2.1721247e-22
1.7387392680e+1    2.1350261e-22
1.7400997840e+1    2.1504355e-22
1.7414603000e+1    2.1383114e-22
1.7428208160e+1    2.1154112e-22
1.7441813310e+1    2.1216118e-22
1.7455418470e+1    2.1028111e-22
1.7469023630e+1    2.0805101e-22
1.7482628790e+1    2.0681362e-22
1.7496233950e+1    2.1003139e-22
1.7509839110e+1    2.0654461e-22
1.7523444270e+1    2.0284373e-22
1.7537049420e+1    2.0049591e-22
1.7550654580e+1    1.9982648e-22
1.7564259740e+1    1.9871948e-22
1.7577864900e+1    2.0081364e-22
1.7591470060e+1    1.9868991e-22
1.7605075220e+1    1.9708823e-22
1.7618680380e+1    1.9463817e-22
1.7632285530e+1    1.9374833e-22
1.7645890690e+1    1.9636097e-22
1.7659495850e+1    1.9108021e-22
1.7673101010e+1    1.9129400e-22
1.7686706170e+1    1.8953960e-22
1.7700311330e+1    1.8710971e-22
1.7713916490e+1    1.8442608e-22
1.7727521640e+1    1.8394538e-22
1.7741126800e+1    1.8348469e-22
1.7754731960e+1    1.8117274e-22
1.7768337120e+1    1.8077172e-22
1.7781942280e+1    1.7766803e-22
1.7795547440e+1    1.7635924e-22
1.7809152600e+1    1.7660017e-22
1.7822757760e+1    1.7476457e-22
1.7836362910e+1    1.7248189e-22
1.7849968070e+1    1.7251460e-22
1.7863573230e+1    1.7223639e-22
1.7877178390e+1    1.7080989e-22
1.7890783550e+1    1.6966066e-22
1.7904388710e+1    1.6832617e-22
1.7917993870e+1    1.6793540e-22
1.7931599020e+1    1.6863023e-22
1.7945204180e+1    1.6637659e-22
1.7958809340e+1    1.6577430e-22
1.7972414500e+1    1.6464450e-22
1.7986019660e+1    1.6430254e-22
1.7999624820e+1    1.6371906e-22
1.8013229980e+1    1.6264618e-22
1.8026835130e+1    1.6276637e-22
1.8040440290e+1    1.6111016e-22
1.8054045450e+1    1.6005867e-22
1.8067650610e+1    1.5979397e-22
1.8081255770e+1    1.5937627e-22
1.8094860930e+1    1.5819018e-22
1.8108466090e+1    1.5787782e-22
1.8122071240e+1    1.5786478e-22
1.8135676400e+1    1.5840246e-22
1.8149281560e+1    1.5644246e-22
1.8162886720e+1    1.5702316e-22
1.8176491880e+1    1.5646526e-22
1.8190097040e+1    1.5710426e-22
1.8203702200e+1    1.5795083e-22
1.8217307350e+1    1.5888501e-22
1.8230912510e+1    1.5959701e-22
1.8244517670e+1    1.5654664e-22
1.8258122830e+1    1.5982221e-22
1.8271727990e+1    1.6173352e-22
1.8285333150e+1    1.5918088e-22
1.8298938310e+1    1.5677549e-22
1.8312543460e+1    1.5319409e-22
1.8326148620e+1    1.5053008e-22
1.8339753780e+1    1.5041859e-22
1.8353358940e+1    1.5033145e-22
1.8366964100e+1    1.4906679e-22
1.8380569260e+1    1.5023923e-22
1.8394174420e+1    1.4810575e-22
1.8407779570e+1    1.4765395e-22
1.8421384730e+1    1.4779238e-22
1.8434989890e+1    1.4683908e-22
1.8448595050e+1    1.4776012e-22
1.8462200210e+1    1.4711276e-22
1.8475805370e+1    1.4538247e-22
1.8489410530e+1    1.4560605e-22
1.8503015680e+1    1.4293579e-22
1.8516620840e+1    1.4362035e-22
1.8530226000e+1    1.4394796e-22
1.8543831160e+1    1.4407497e-22
1.8557436320e+1    1.4428153e-22
1.8571041480e+1    1.4239251e-22
1.8584646640e+1    1.4220978e-22
1.8598251790e+1    1.4127623e-22
1.8611856950e+1    1.4120894e-22
1.8625462110e+1    1.4082144e-22
1.8639067270e+1    1.4006967e-22
1.8652672430e+1    1.4103034e-22
1.8666277590e+1    1.4153702e-22
1.8679882750e+1    1.4193976e-22
1.8693487900e+1    1.4263228e-22
1.8707093060e+1    1.3998104e-22
1.8720698220e+1    1.4072931e-22
1.8734303380e+1    1.3908492e-22
1.8747908540e+1    1.4002057e-22
1.8761513700e+1    1.4128997e-22
1.8775118860e+1    1.4025083e-22
1.8788724020e+1    1.3418597e-22
1.8802329170e+1    1.3685300e-22
1.8815934330e+1    1.3676269e-22
1.8829539490e+1    1.3588367e-22
1.8843144650e+1    1.3532045e-22
1.8856749810e+1    1.3501020e-22
1.8870354970e+1    1.3358565e-22
1.8883960130e+1    1.3238776e-22
1.8897565280e+1    1.3173308e-22
1.8911170440e+1    1.3164374e-22
1.8924775600e+1    1.3109337e-22
1.8938380760e+1    1.2892794e-22
1.8951985920e+1    1.2801423e-22
1.8965591080e+1    1.2703543e-22
1.8979196240e+1    1.2724963e-22
1.8992801390e+1    1.2561121e-22
1.9006406550e+1    1.2711679e-22
1.9020011710e+1    1.2689692e-22
1.9033616870e+1    1.2527294e-22
1.9047222030e+1    1.2500383e-22
1.9060827190e+1    1.2618262e-22
1.9074432350e+1    1.2356823e-22
1.9088037500e+1    1.2211627e-22
1.9101642660e+1    1.2158750e-22
1.9115247820e+1    1.2117964e-22
1.9128852980e+1    1.2019559e-22
1.9142458140e+1    1.2029928e-22
1.9156063300e+1    1.1997603e-22
1.9169668460e+1    1.1809538e-22
1.9183273610e+1    1.1759264e-22
1.9196878770e+1    1.1714096e-22
1.9210483930e+1    1.1825627e-22
1.9224089090e+1    1.1587588e-22
1.9237694250e+1    1.1658653e-22
1.9251299410e+1    1.1609374e-22
1.9264904570e+1    1.1694278e-22
1.9278509720e+1    1.1590082e-22
1.9292114880e+1    1.1389424e-22
1.9305720040e+1    1.1381470e-22
1.9319325200e+1    1.1370026e-22
1.9332930360e+1    1.1321409e-22
1.9346535520e+1    1.1268799e-22
1.9360140680e+1    1.1153251e-22
1.9373745830e+1    1.1239503e-22
1.9387350990e+1    1.1103976e-22
1.9400956150e+1    1.1144377e-22
1.9414561310e+1    1.1012534e-22
1.9428166470e+1    1.0888977e-22
1.9441771630e+1    1.0953343e-22
1.9455376790e+1    1.0843767e-22
1.9468981940e+1    1.0784771e-22
1.9482587100e+1    1.0771408e-22
1.9496192260e+1    1.0579724e-22
1.9509797420e+1    1.0594766e-22
1.9523402580e+1    1.0583508e-22
1.9537007740e+1    1.0490922e-22
1.9550612900e+1    1.0443114e-22
1.9564218050e+1    1.0406220e-22
1.9577823210e+1    1.0215366e-22
1.9591428370e+1    1.0249418e-22
1.9999583130e+1    9.5146469e-23
2.4999478910e+1    3.1581346e-23
2.9999374690e+1    1.6947186e-23
3.4999270480e+1    1.0720353e-23
3.9999166260e+1    7.6286032e-24
4.4999062040e+1    5.7498451e-24
4.9998957820e+1    4.1027995e-24
5.4998853610e+1    2.9610454e-24
5.9998749390e+1    2.1891682e-24
6.4998645170e+1    1.6675774e-24
6.9998540950e+1    1.2752762e-24
7.4998436740e+1    9.8966859e-25
7.9998332520e+1    7.7520853e-25
8.4998228300e+1    6.1658003e-25
8.9998124080e+1    4.9680220e-25
9.4998019870e+1    4.0485160e-25
9.9997915650e+1    3.3456243e-25
1.0499781143e+2    2.7918671e-25
1.0999770721e+2    2.3503263e-25
1.1499760300e+2    1.9996718e-25
1.1999749878e+2    1.7142433e-25
1.2499739456e+2    1.4798040e-25
1.2999729034e+2    1.2874474e-25
1.3499718613e+2    1.1270710e-25
-----------------------------

