EXCITATION
N(2p3_4So) -> N(2p2_3P_3p_4So)
 1.200300e+1
SPECIES: e / N(2p3_4So)
PROCESS: E + N(2p3_4So) -> E + N(2p2_3P_3p_4So), Excitation
PARAM.:  E = 12.003 eV
UPDATED: 2019-01-30 20:10:46
COLUMNS: Energy (eV) | Cross section (m2)
-----------------------------
1.2002523970e+1    0.0000000e+7
1.2013355040e+1    9.6707679e-23
1.2026960200e+1    1.1079698e-22
1.2040565350e+1    1.2305242e-22
1.2054170510e+1    1.3163500e-22
1.2067775670e+1    1.3565770e-22
1.2081380830e+1    1.3952228e-22
1.2094985990e+1    1.4257287e-22
1.2108591150e+1    1.4479810e-22
1.2122196310e+1    1.4642689e-22
1.2135801460e+1    1.4759933e-22
1.2149406620e+1    1.4917308e-22
1.2163011780e+1    1.4845567e-22
1.2176616940e+1    1.4747206e-22
1.2190222100e+1    1.4862535e-22
1.2203827260e+1    1.5066661e-22
1.2217432420e+1    1.5286920e-22
1.2231037570e+1    1.5506541e-22
1.2244642730e+1    1.5715617e-22
1.2258247890e+1    1.5918627e-22
1.2271853050e+1    1.6112022e-22
1.2285458210e+1    1.6296842e-22
1.2299063370e+1    1.6474972e-22
1.2312668530e+1    1.6647564e-22
1.2326273680e+1    1.6842116e-22
1.2339878840e+1    1.7145959e-22
1.2353484000e+1    1.7589912e-22
1.2367089160e+1    1.7785402e-22
1.2380694320e+1    1.7885372e-22
1.2394299480e+1    1.8015233e-22
1.2407904640e+1    1.8170872e-22
1.2421509790e+1    1.8354018e-22
1.2435114950e+1    1.8547450e-22
1.2448720110e+1    1.8748835e-22
1.2462325270e+1    1.8956618e-22
1.2475930430e+1    1.9171566e-22
1.2489535590e+1    1.9392753e-22
1.2503140750e+1    1.9620160e-22
1.2516745900e+1    1.9853647e-22
1.2530351060e+1    2.0093187e-22
1.2543956220e+1    2.0338492e-22
1.2557561380e+1    2.0589207e-22
1.2571166540e+1    2.0844573e-22
1.2584771700e+1    2.1103099e-22
1.2598376860e+1    2.1360928e-22
1.2611982010e+1    2.1615471e-22
1.2625587170e+1    2.1849055e-22
1.2639192330e+1    2.2027540e-22
1.2652797490e+1    2.2040511e-22
1.2666402650e+1    2.1467376e-22
1.2680007810e+1    1.9236912e-22
1.2693612970e+1    2.0332299e-22
1.2707218120e+1    2.2675334e-22
1.2720823280e+1    2.3724772e-22
1.2734428440e+1    2.4389206e-22
1.2748033600e+1    2.4837197e-22
1.2761638760e+1    2.5426702e-22
1.2775243920e+1    2.6536669e-22
1.2788849080e+1    2.6773290e-22
1.2802454230e+1    2.9120160e-22
1.2816059390e+1    4.5372283e-22
1.2829664550e+1    4.0296628e-22
1.2843269710e+1    3.7577809e-22
1.2856874870e+1    3.4236288e-22
1.2870480030e+1    2.6612162e-22
1.2884085190e+1    2.1133665e-22
1.2897690340e+1    1.9987347e-22
1.2911295500e+1    1.9243914e-22
1.2924900660e+1    1.8613483e-22
1.2938505820e+1    1.9078017e-22
1.2952110980e+1    2.1026302e-22
1.2965716140e+1    2.2152484e-22
1.2979321300e+1    2.2345701e-22
1.2992926460e+1    2.2314991e-22
1.3006531610e+1    1.8314448e-22
1.3020136770e+1    1.5479981e-22
1.3033741930e+1    1.5365767e-22
1.3047347090e+1    1.8034516e-22
1.3060952250e+1    1.9644615e-22
1.3074557410e+1    2.0003373e-22
1.3088162570e+1    2.0753990e-22
1.3101767720e+1    2.1110278e-22
1.3115372880e+1    2.1353297e-22
1.3128978040e+1    2.1333071e-22
1.3142583200e+1    2.1650874e-22
1.3156188360e+1    2.2196678e-22
1.3169793520e+1    2.2175197e-22
1.3183398680e+1    2.2423797e-22
1.3197003830e+1    2.2986167e-22
1.3210608990e+1    2.3469935e-22
1.3224214150e+1    2.4247275e-22
1.3237819310e+1    2.5771855e-22
1.3251424470e+1    2.7543060e-22
1.3265029630e+1    2.7988187e-22
1.3278634790e+1    2.5784876e-22
1.3305845100e+1    2.5457335e-22
1.3319450260e+1    2.4553474e-22
1.3333055420e+1    2.5558281e-22
1.3346660580e+1    2.5380195e-22
1.3360265740e+1    2.4649227e-22
1.3373870900e+1    2.5224317e-22
1.3387476050e+1    2.4630615e-22
1.3401081210e+1    2.4339620e-22
1.3414686370e+1    2.4560796e-22
1.3428291530e+1    2.4323617e-22
1.3441896690e+1    2.4037302e-22
1.3455501850e+1    2.3238822e-22
1.3469107010e+1    2.4622091e-22
1.3482712160e+1    2.3114510e-22
1.3496317320e+1    2.2637214e-22
1.3509922480e+1    2.1928906e-22
1.3523527640e+1    2.1062892e-22
1.3537132800e+1    1.9913576e-22
1.3550737960e+1    1.8287040e-22
1.3564343120e+1    1.6759480e-22
1.3577948270e+1    1.5770410e-22
1.3591553430e+1    1.5669184e-22
1.3605158590e+1    1.6629142e-22
1.3618763750e+1    1.7554820e-22
1.3632368910e+1    1.9065883e-22
1.3645974070e+1    2.0376673e-22
1.3659579230e+1    2.2114072e-22
1.3673184380e+1    2.6400994e-22
1.3700394700e+1    2.6709945e-22
1.3713999860e+1    2.8478940e-22
1.3754815340e+1    2.9697838e-22
1.3768420490e+1    2.9268850e-22
1.3782025650e+1    2.8876621e-22
1.3795630810e+1    2.7832121e-22
1.3809235970e+1    2.7613350e-22
1.3822841130e+1    2.6141679e-22
1.3836446290e+1    2.6472321e-22
1.3850051450e+1    2.5966353e-22
1.3863656600e+1    2.6229063e-22
1.3877261760e+1    2.7232159e-22
1.3890866920e+1    2.7567824e-22
1.3904472080e+1    2.8001723e-22
1.3918077240e+1    2.7825565e-22
1.3931682400e+1    2.7567359e-22
1.3945287560e+1    2.7608547e-22
1.3958892720e+1    2.6776509e-22
1.3972497870e+1    2.5744241e-22
1.3986103030e+1    2.5717561e-22
1.3999708190e+1    2.6289377e-22
1.4013313350e+1    2.5572032e-22
1.4026918510e+1    2.5194037e-22
1.4040523670e+1    2.6206028e-22
1.4054128830e+1    2.5801334e-22
1.4067733980e+1    2.4733768e-22
1.4081339140e+1    2.4623987e-22
1.4094944300e+1    2.4562174e-22
1.4108549460e+1    2.4349414e-22
1.4122154620e+1    2.4378874e-22
1.4135759780e+1    2.4172329e-22
1.4149364940e+1    2.4095255e-22
1.4162970090e+1    2.3307865e-22
1.4176575250e+1    2.4110671e-22
1.4190180410e+1    2.3549896e-22
1.4203785570e+1    2.4000125e-22
1.4217390730e+1    2.4381656e-22
1.4230995890e+1    2.5094929e-22
1.4244601050e+1    2.4142852e-22
1.4258206200e+1    2.4272877e-22
1.4271811360e+1    2.4623978e-22
1.4285416520e+1    2.4294404e-22
1.4299021680e+1    2.4412868e-22
1.4312626840e+1    2.5020865e-22
1.4326232000e+1    2.5405886e-22
1.4339837160e+1    2.5831663e-22
1.4353442310e+1    2.6242316e-22
1.4367047470e+1    2.5785274e-22
1.4380652630e+1    2.6524379e-22
1.4394257790e+1    2.7049745e-22
1.4407862950e+1    2.7260351e-22
1.4421468110e+1    2.7253830e-22
1.4435073270e+1    2.7940393e-22
1.4448678420e+1    2.8140948e-22
1.4462283580e+1    2.7686752e-22
1.4475888740e+1    2.7649695e-22
1.4489493900e+1    2.7575188e-22
1.4503099060e+1    2.7578852e-22
1.4516704220e+1    2.7620952e-22
1.4530309380e+1    2.7677705e-22
1.4543914530e+1    2.7787135e-22
1.4557519690e+1    2.8347110e-22
1.4571124850e+1    2.8610541e-22
1.4584730010e+1    2.8518346e-22
1.4598335170e+1    2.8244612e-22
1.4611940330e+1    2.8079765e-22
1.4625545490e+1    2.8011259e-22
1.4639150640e+1    2.7858126e-22
1.4652755800e+1    2.6867610e-22
1.4666360960e+1    2.7155137e-22
1.4679966120e+1    2.7216817e-22
1.4693571280e+1    2.7208156e-22
1.4707176440e+1    2.6998081e-22
1.4720781600e+1    2.6657967e-22
1.4734386750e+1    2.6899147e-22
1.4747991910e+1    2.6513864e-22
1.4761597070e+1    2.6993226e-22
1.4775202230e+1    2.7288190e-22
1.4788807390e+1    2.7222621e-22
1.4802412550e+1    2.8068189e-22
1.4816017710e+1    2.8590928e-22
1.4829622860e+1    2.8959937e-22
1.4843228020e+1    2.9014043e-22
1.4856833180e+1    2.8544518e-22
1.4870438340e+1    2.8308009e-22
1.4884043500e+1    2.8497374e-22
1.4897648660e+1    2.8444015e-22
1.4911253820e+1    2.8496767e-22
1.4924858980e+1    2.7641493e-22
1.4938464130e+1    2.7503034e-22
1.4952069290e+1    2.8591524e-22
1.4965674450e+1    2.8226474e-22
1.4979279610e+1    2.7812624e-22
1.4992884770e+1    2.7897910e-22
1.5006489930e+1    2.8049453e-22
1.5020095090e+1    2.7685025e-22
1.5033700240e+1    2.6490492e-22
1.5047305400e+1    2.6365034e-22
1.5060910560e+1    2.5621805e-22
1.5074515720e+1    2.5389054e-22
1.5088120880e+1    2.4901883e-22
1.5101726040e+1    2.5782964e-22
1.5115331200e+1    2.5251958e-22
1.5128936350e+1    2.5616681e-22
1.5142541510e+1    2.5630228e-22
1.5156146670e+1    2.5949131e-22
1.5169751830e+1    2.6842934e-22
1.5183356990e+1    2.6989203e-22
1.5196962150e+1    2.7396748e-22
1.5210567310e+1    2.7129519e-22
1.5224172460e+1    2.7538724e-22
1.5237777620e+1    2.8207730e-22
1.5251382780e+1    2.8706366e-22
1.5264987940e+1    2.9070219e-22
1.5278593100e+1    2.9340569e-22
1.5292198260e+1    2.9523484e-22
1.5305803420e+1    2.9801078e-22
1.5319408570e+1    3.0592875e-22
1.5333013730e+1    3.0684926e-22
1.5346618890e+1    3.0508196e-22
1.5360224050e+1    3.0473758e-22
1.5373829210e+1    3.0881471e-22
1.5387434370e+1    3.1354152e-22
1.5401039530e+1    3.1414317e-22
1.5414644680e+1    3.1415574e-22
1.5428249840e+1    3.1780378e-22
1.5441855000e+1    3.2091527e-22
1.5455460160e+1    3.2320590e-22
1.5469065320e+1    3.2284012e-22
1.5482670480e+1    3.2005460e-22
1.5509880790e+1    3.2715128e-22
1.5523485950e+1    3.3133063e-22
1.5537091110e+1    3.2892557e-22
1.5550696270e+1    3.2881236e-22
1.5564301430e+1    3.3356055e-22
1.5577906590e+1    3.4157924e-22
1.5591511750e+1    3.5258432e-22
1.5605116900e+1    3.5531920e-22
1.5618722060e+1    3.5894503e-22
1.5632327220e+1    3.5363938e-22
1.5645932380e+1    3.5282328e-22
1.5659537540e+1    3.5064902e-22
1.5673142700e+1    3.4963695e-22
1.5686747860e+1    3.4449378e-22
1.5700353010e+1    3.4141255e-22
1.5713958170e+1    3.4120089e-22
1.5727563330e+1    3.3942475e-22
1.5741168490e+1    3.3664095e-22
1.5754773650e+1    3.3737208e-22
1.5768378810e+1    3.2635492e-22
1.5781983970e+1    3.2743952e-22
1.5795589120e+1    3.2192408e-22
1.5809194280e+1    3.1936460e-22
1.5822799440e+1    3.1371616e-22
1.5836404600e+1    3.0988054e-22
1.5850009760e+1    3.0820012e-22
1.5863614920e+1    3.1840014e-22
1.5877220080e+1    3.2282905e-22
1.5890825240e+1    3.2881896e-22
1.5904430390e+1    3.3206826e-22
1.5918035550e+1    3.3290767e-22
1.5931640710e+1    3.3588373e-22
1.5945245870e+1    3.3326527e-22
1.5958851030e+1    3.3662844e-22
1.5972456190e+1    3.3676481e-22
1.5986061350e+1    3.3507891e-22
1.5999666500e+1    3.3240018e-22
1.6013271660e+1    3.3131901e-22
1.6026876820e+1    3.2775482e-22
1.6040481980e+1    3.2182536e-22
1.6054087140e+1    2.9117482e-22
1.6067692300e+1    3.0901535e-22
1.6081297460e+1    3.2349191e-22
1.6094902610e+1    3.3055654e-22
1.6108507770e+1    3.3200795e-22
1.6122112930e+1    3.3492024e-22
1.6135718090e+1    3.3881665e-22
1.6149323250e+1    3.3985533e-22
1.6162928410e+1    3.3598942e-22
1.6176533570e+1    3.3610884e-22
1.6190138720e+1    3.3756012e-22
1.6203743880e+1    3.4309064e-22
1.6217349040e+1    3.5404542e-22
1.6230954200e+1    3.6237538e-22
1.6244559360e+1    3.5916920e-22
1.6258164520e+1    3.5299892e-22
1.6271769680e+1    3.4995395e-22
1.6285374830e+1    3.5048169e-22
1.6298979990e+1    3.5221463e-22
1.6312585150e+1    3.5382815e-22
1.6326190310e+1    3.4984084e-22
1.6339795470e+1    3.4787474e-22
1.6353400630e+1    3.4426629e-22
1.6367005790e+1    3.4585517e-22
1.6394216100e+1    3.4774691e-22
1.6407821260e+1    3.4487462e-22
1.6421426420e+1    3.4928721e-22
1.6435031580e+1    3.4809841e-22
1.6448636740e+1    3.4880554e-22
1.6462241900e+1    3.4919087e-22
1.6475847050e+1    3.4584485e-22
1.6489452210e+1    3.4921432e-22
1.6503057370e+1    3.5099828e-22
1.6516662530e+1    3.4869415e-22
1.6530267690e+1    3.5257686e-22
1.6543872850e+1    3.5203003e-22
1.6557478010e+1    3.5293805e-22
1.6571083160e+1    3.5415030e-22
1.6584688320e+1    3.5523458e-22
1.6598293480e+1    3.5913381e-22
1.6611898640e+1    3.6369801e-22
1.6625503800e+1    3.6355364e-22
1.6639108960e+1    3.6435799e-22
1.6652714120e+1    3.6866443e-22
1.6679924430e+1    3.6824941e-22
1.6693529590e+1    3.7088004e-22
1.6707134750e+1    3.6930538e-22
1.6720739910e+1    3.6992552e-22
1.6734345070e+1    3.7388110e-22
1.6747950230e+1    3.7174000e-22
1.6761555380e+1    3.6624502e-22
1.6775160540e+1    3.6609592e-22
1.6788765700e+1    3.7202653e-22
1.6802370860e+1    3.7257123e-22
1.6815976020e+1    3.7357893e-22
1.6829581180e+1    3.7294997e-22
1.6843186340e+1    3.7092886e-22
1.6856791500e+1    3.7266369e-22
1.6870396650e+1    3.6236686e-22
1.6884001810e+1    3.4336770e-22
1.6897606970e+1    3.4568397e-22
1.6911212130e+1    3.4835648e-22
1.6924817290e+1    3.5212110e-22
1.6938422450e+1    3.5641547e-22
1.6952027610e+1    3.5890328e-22
1.6965632760e+1    3.6081477e-22
1.6979237920e+1    3.6477540e-22
1.6992843080e+1    3.6684939e-22
1.7006448240e+1    3.7353899e-22
1.7020053400e+1    3.7737763e-22
1.7033658560e+1    3.8047226e-22
1.7047263720e+1    3.7642656e-22
1.7060868870e+1    3.7614355e-22
1.7074474030e+1    3.7803238e-22
1.7088079190e+1    3.8070664e-22
1.7101684350e+1    3.7578615e-22
1.7115289510e+1    3.7186244e-22
1.7128894670e+1    3.7299256e-22
1.7142499830e+1    3.7175162e-22
1.7156104980e+1    3.6814924e-22
1.7169710140e+1    3.6820755e-22
1.7183315300e+1    3.6983271e-22
1.7196920460e+1    3.6813454e-22
1.7210525620e+1    3.7238279e-22
1.7224130780e+1    3.7263114e-22
1.7237735940e+1    3.7232375e-22
1.7251341090e+1    3.7098021e-22
1.7264946250e+1    3.7264940e-22
1.7278551410e+1    3.7260272e-22
1.7292156570e+1    3.7549645e-22
1.7305761730e+1    3.7342611e-22
1.7319366890e+1    3.6120995e-22
1.7332972050e+1    3.4254987e-22
1.7346577200e+1    3.5761128e-22
1.7360182360e+1    3.6248217e-22
1.7373787520e+1    3.6242421e-22
1.7387392680e+1    3.6556633e-22
1.7400997840e+1    3.6627391e-22
1.7414603000e+1    3.6824709e-22
1.7428208160e+1    3.8136447e-22
1.7441813310e+1    3.7679001e-22
1.7455418470e+1    3.7756268e-22
1.7469023630e+1    3.7911311e-22
1.7482628790e+1    3.8654673e-22
1.7496233950e+1    3.8758122e-22
1.7509839110e+1    3.5632072e-22
1.7523444270e+1    3.5326556e-22
1.7537049420e+1    3.6901540e-22
1.7550654580e+1    3.6868044e-22
1.7564259740e+1    3.6057073e-22
1.7577864900e+1    3.6216078e-22
1.7591470060e+1    3.6822441e-22
1.7605075220e+1    3.6446558e-22
1.7618680380e+1    3.6648645e-22
1.7632285530e+1    3.6207880e-22
1.7645890690e+1    3.5730302e-22
1.7659495850e+1    3.5592028e-22
1.7673101010e+1    3.5783202e-22
1.7686706170e+1    3.5901796e-22
1.7700311330e+1    3.5540349e-22
1.7713916490e+1    3.5728513e-22
1.7727521640e+1    3.6106180e-22
1.7741126800e+1    3.6151128e-22
1.7754731960e+1    3.6438257e-22
1.7768337120e+1    3.6774433e-22
1.7781942280e+1    3.6655115e-22
1.7795547440e+1    3.6724325e-22
1.7809152600e+1    3.7379267e-22
1.7822757760e+1    3.7629674e-22
1.7836362910e+1    3.7615726e-22
1.7849968070e+1    3.7746939e-22
1.7863573230e+1    3.7999538e-22
1.7877178390e+1    3.8306892e-22
1.7890783550e+1    3.8487683e-22
1.7904388710e+1    3.8549894e-22
1.7917993870e+1    3.8729755e-22
1.7931599020e+1    3.8658235e-22
1.7945204180e+1    3.8966069e-22
1.7958809340e+1    3.9083343e-22
1.7972414500e+1    3.9021857e-22
1.7986019660e+1    3.9124691e-22
1.7999624820e+1    3.9341571e-22
1.8013229980e+1    3.9609622e-22
1.8026835130e+1    3.9217526e-22
1.8040440290e+1    3.9491071e-22
1.8054045450e+1    3.9863884e-22
1.8067650610e+1    3.9672334e-22
1.8081255770e+1    3.9774308e-22
1.8094860930e+1    3.9956976e-22
1.8108466090e+1    4.0624447e-22
1.8122071240e+1    4.0487509e-22
1.8135676400e+1    4.0797648e-22
1.8149281560e+1    4.0660708e-22
1.8162886720e+1    4.0612735e-22
1.8176491880e+1    4.0561847e-22
1.8190097040e+1    4.0916038e-22
1.8203702200e+1    4.1082031e-22
1.8217307350e+1    4.1285849e-22
1.8230912510e+1    4.1347882e-22
1.8244517670e+1    4.2009327e-22
1.8258122830e+1    4.2436276e-22
1.8271727990e+1    4.2945133e-22
1.8285333150e+1    4.2409581e-22
1.8298938310e+1    4.2177076e-22
1.8312543460e+1    4.1462230e-22
1.8326148620e+1    4.2018112e-22
1.8339753780e+1    4.1731429e-22
1.8353358940e+1    4.1605643e-22
1.8366964100e+1    4.1417878e-22
1.8380569260e+1    4.1309254e-22
1.8394174420e+1    4.1650749e-22
1.8407779570e+1    4.2135909e-22
1.8421384730e+1    4.2328160e-22
1.8434989890e+1    4.3355861e-22
1.8448595050e+1    4.2169914e-22
1.8462200210e+1    4.2053829e-22
1.8475805370e+1    4.3630345e-22
1.8489410530e+1    4.2452711e-22
1.8503015680e+1    4.2564743e-22
1.8516620840e+1    4.2667525e-22
1.8530226000e+1    4.2609337e-22
1.8543831160e+1    4.2479786e-22
1.8557436320e+1    4.3673581e-22
1.8571041480e+1    4.3143983e-22
1.8584646640e+1    4.2801786e-22
1.8598251790e+1    4.3229907e-22
1.8611856950e+1    4.2995860e-22
1.8625462110e+1    4.2821389e-22
1.8639067270e+1    4.2421838e-22
1.8652672430e+1    4.2075296e-22
1.8666277590e+1    4.1247491e-22
1.8679882750e+1    4.0346623e-22
1.8693487900e+1    3.9210297e-22
1.8707093060e+1    3.8092032e-22
1.8720698220e+1    3.8157735e-22
1.8734303380e+1    3.8494583e-22
1.8747908540e+1    3.8886261e-22
1.8761513700e+1    3.9300150e-22
1.8775118860e+1    3.9631009e-22
1.8788724020e+1    3.9651830e-22
1.8802329170e+1    3.9717139e-22
1.8815934330e+1    3.9714729e-22
1.8829539490e+1    3.9881329e-22
1.8843144650e+1    4.0031945e-22
1.8856749810e+1    4.0596282e-22
1.8870354970e+1    4.0813028e-22
1.8883960130e+1    4.1136432e-22
1.8897565280e+1    4.0461759e-22
1.8911170440e+1    4.0810862e-22
1.8924775600e+1    4.1079519e-22
1.8938380760e+1    4.1377532e-22
1.8951985920e+1    4.1349481e-22
1.8965591080e+1    4.1399210e-22
1.8979196240e+1    4.1746369e-22
1.8992801390e+1    4.1524263e-22
1.9006406550e+1    4.1421679e-22
1.9020011710e+1    4.0930000e-22
1.9033616870e+1    4.1875686e-22
1.9047222030e+1    4.1504734e-22
1.9060827190e+1    4.1461064e-22
1.9074432350e+1    4.1805166e-22
1.9088037500e+1    4.2747269e-22
1.9101642660e+1    4.2049056e-22
1.9115247820e+1    4.1338364e-22
1.9128852980e+1    4.3241583e-22
1.9142458140e+1    4.2906858e-22
1.9156063300e+1    4.2381171e-22
1.9169668460e+1    4.2534625e-22
1.9183273610e+1    4.2528391e-22
1.9196878770e+1    4.2422702e-22
1.9210483930e+1    4.2588701e-22
1.9224089090e+1    4.2804537e-22
1.9237694250e+1    4.2915109e-22
1.9251299410e+1    4.2942980e-22
1.9264904570e+1    4.2789607e-22
1.9278509720e+1    4.2755604e-22
1.9292114880e+1    4.2977180e-22
1.9305720040e+1    4.3249202e-22
1.9319325200e+1    4.3796017e-22
1.9332930360e+1    4.4300897e-22
1.9346535520e+1    4.4543426e-22
1.9360140680e+1    4.4631291e-22
1.9373745830e+1    4.4482483e-22
1.9387350990e+1    4.4716309e-22
1.9400956150e+1    4.4306077e-22
1.9414561310e+1    4.4608048e-22
1.9428166470e+1    4.4596451e-22
1.9441771630e+1    4.4082662e-22
1.9455376790e+1    4.3789911e-22
1.9468981940e+1    4.3696956e-22
1.9482587100e+1    4.3226999e-22
1.9496192260e+1    4.3132415e-22
1.9509797420e+1    4.2659643e-22
1.9523402580e+1    4.2471139e-22
1.9537007740e+1    4.3094820e-22
1.9550612900e+1    4.2595600e-22
1.9564218050e+1    4.3249695e-22
1.9577823210e+1    4.3195381e-22
1.9591428370e+1    4.3150260e-22
1.9999583130e+1    4.5210203e-22
2.4999478910e+1    5.0986322e-22
2.9999374690e+1    5.1814403e-22
3.4999270480e+1    4.7691711e-22
3.9999166260e+1    4.4599017e-22
4.4999062040e+1    4.1492125e-22
4.9998957820e+1    3.8850119e-22
5.4998853610e+1    3.7434086e-22
5.9998749390e+1    3.6852036e-22
6.4998645170e+1    3.5944262e-22
6.9998540950e+1    3.4886645e-22
7.4998436740e+1    3.3737951e-22
7.9998332520e+1    3.2582952e-22
8.4998228300e+1    3.1442023e-22
8.9998124080e+1    3.0367369e-22
9.4998019870e+1    2.9326716e-22
9.9997915650e+1    2.8333042e-22
1.0499781143e+2    2.7387613e-22
1.0999770721e+2    2.6492241e-22
1.1499760300e+2    2.5643677e-22
1.1999749878e+2    2.4839455e-22
1.2499739456e+2    2.4078403e-22
1.2999729034e+2    2.3357944e-22
1.3499718613e+2    2.2675196e-22
-----------------------------

