EXCITATION
N(2p2_3P_3d_4Pe) -> N(2p2_3P_4p_2Do)
 1.329200e+1
SPECIES: e / N(2p2_3P_3d_4Pe)
PROCESS: E + N(2p2_3P_3d_4Pe) -> E + N(2p2_3P_4p_2Do), Excitation
PARAM.:  E = 13.292 eV
UPDATED: 2019-01-30 20:10:48
COLUMNS: Energy (eV) | Cross section (m2)
-----------------------------
1.3292105800e+1    0.0000000e+7
1.3305845100e+1    1.8929880e-20
1.3319450260e+1    2.4897868e-20
1.3333055420e+1    3.3669263e-20
1.3346660580e+1    3.5268675e-20
1.3360265740e+1    3.2132536e-20
1.3373870900e+1    3.5606084e-20
1.3387476050e+1    2.3305174e-20
1.3401081210e+1    2.5277339e-20
1.3414686370e+1    2.5478628e-20
1.3428291530e+1    3.0731623e-20
1.3441896690e+1    3.2451605e-20
1.3455501850e+1    3.4950033e-20
1.3469107010e+1    3.4770464e-20
1.3482712160e+1    3.5836441e-20
1.3496317320e+1    3.6797820e-20
1.3509922480e+1    3.6661813e-20
1.3523527640e+1    3.6936731e-20
1.3537132800e+1    3.7577832e-20
1.3550737960e+1    3.7827465e-20
1.3564343120e+1    3.8263712e-20
1.3577948270e+1    3.9024511e-20
1.3591553430e+1    3.8959033e-20
1.3605158590e+1    3.9154566e-20
1.3618763750e+1    3.6548213e-20
1.3632368910e+1    3.8077954e-20
1.3645974070e+1    4.0364939e-20
1.3659579230e+1    3.9669036e-20
1.3673184380e+1    4.4682642e-20
1.3700394700e+1    4.1866860e-20
1.3713999860e+1    3.8734041e-20
1.3754815340e+1    4.4760222e-20
1.3768420490e+1    4.6455403e-20
1.3782025650e+1    3.8975400e-20
1.3795630810e+1    4.0861125e-20
1.3809235970e+1    3.8294582e-20
1.3822841130e+1    3.6317936e-20
1.3836446290e+1    3.2191386e-20
1.3850051450e+1    3.0844390e-20
1.3863656600e+1    2.8667598e-20
1.3877261760e+1    2.8014522e-20
1.3890866920e+1    2.8576049e-20
1.3904472080e+1    2.4762063e-20
1.3918077240e+1    2.6954525e-20
1.3931682400e+1    2.8237587e-20
1.3945287560e+1    2.6398877e-20
1.3958892720e+1    2.6183436e-20
1.3972497870e+1    2.7136362e-20
1.3986103030e+1    2.9932784e-20
1.3999708190e+1    2.8727035e-20
1.4013313350e+1    2.8723695e-20
1.4026918510e+1    2.6220079e-20
1.4040523670e+1    2.5424696e-20
1.4054128830e+1    2.5020459e-20
1.4067733980e+1    2.7835840e-20
1.4081339140e+1    2.6710529e-20
1.4094944300e+1    2.6481847e-20
1.4108549460e+1    2.5055154e-20
1.4122154620e+1    2.3580279e-20
1.4135759780e+1    2.2456021e-20
1.4149364940e+1    2.2300787e-20
1.4162970090e+1    2.1682769e-20
1.4176575250e+1    2.1506835e-20
1.4190180410e+1    2.0711438e-20
1.4203785570e+1    2.0856396e-20
1.4217390730e+1    1.9471400e-20
1.4230995890e+1    1.8344648e-20
1.4244601050e+1    1.8066823e-20
1.4258206200e+1    1.7707381e-20
1.4271811360e+1    1.8362021e-20
1.4285416520e+1    1.8443595e-20
1.4299021680e+1    1.9274894e-20
1.4312626840e+1    1.9822336e-20
1.4326232000e+1    2.0336163e-20
1.4339837160e+1    2.1185775e-20
1.4353442310e+1    2.1675681e-20
1.4367047470e+1    2.0098112e-20
1.4380652630e+1    2.0498403e-20
1.4394257790e+1    1.9638290e-20
1.4407862950e+1    1.9135305e-20
1.4421468110e+1    1.8761410e-20
1.4435073270e+1    1.7262914e-20
1.4448678420e+1    1.6190819e-20
1.4462283580e+1    1.5685578e-20
1.4475888740e+1    1.4721333e-20
1.4489493900e+1    1.4168788e-20
1.4503099060e+1    1.3901832e-20
1.4516704220e+1    1.4113225e-20
1.4530309380e+1    1.3583269e-20
1.4543914530e+1    1.3303212e-20
1.4557519690e+1    1.3260356e-20
1.4571124850e+1    1.3338508e-20
1.4584730010e+1    1.3917885e-20
1.4598335170e+1    1.4170686e-20
1.4611940330e+1    1.4617223e-20
1.4625545490e+1    1.4515685e-20
1.4639150640e+1    1.4435524e-20
1.4652755800e+1    1.4410203e-20
1.4666360960e+1    1.4660022e-20
1.4679966120e+1    1.4400866e-20
1.4693571280e+1    1.4085950e-20
1.4707176440e+1    1.4181999e-20
1.4720781600e+1    1.4197319e-20
1.4734386750e+1    1.4233302e-20
1.4747991910e+1    1.3614037e-20
1.4761597070e+1    1.3883686e-20
1.4775202230e+1    1.4023118e-20
1.4788807390e+1    1.4563460e-20
1.4802412550e+1    1.4053411e-20
1.4816017710e+1    1.3943110e-20
1.4829622860e+1    1.3565117e-20
1.4843228020e+1    1.3464423e-20
1.4856833180e+1    1.3223802e-20
1.4870438340e+1    1.2576985e-20
1.4884043500e+1    1.2160475e-20
1.4897648660e+1    1.1933164e-20
1.4911253820e+1    1.1185500e-20
1.4924858980e+1    1.1340866e-20
1.4938464130e+1    1.0903269e-20
1.4952069290e+1    1.0605676e-20
1.4965674450e+1    1.0395691e-20
1.4979279610e+1    9.9414827e-21
1.4992884770e+1    9.4188329e-21
1.5006489930e+1    9.2246434e-21
1.5020095090e+1    9.2618025e-21
1.5033700240e+1    8.4309218e-21
1.5047305400e+1    8.2550666e-21
1.5060910560e+1    8.1336727e-21
1.5074515720e+1    7.9704845e-21
1.5088120880e+1    7.8439295e-21
1.5101726040e+1    7.5827844e-21
1.5115331200e+1    7.4553596e-21
1.5128936350e+1    7.4119068e-21
1.5142541510e+1    7.3397298e-21
1.5156146670e+1    7.1410345e-21
1.5169751830e+1    7.1144351e-21
1.5183356990e+1    7.2184822e-21
1.5196962150e+1    7.0772635e-21
1.5210567310e+1    7.0556856e-21
1.5224172460e+1    7.0547809e-21
1.5237777620e+1    7.0843015e-21
1.5251382780e+1    7.3085391e-21
1.5264987940e+1    7.2872154e-21
1.5278593100e+1    7.3654705e-21
1.5292198260e+1    7.1898759e-21
1.5305803420e+1    7.0588315e-21
1.5319408570e+1    7.5495262e-21
1.5333013730e+1    7.7284087e-21
1.5346618890e+1    7.8019973e-21
1.5360224050e+1    7.6393174e-21
1.5373829210e+1    7.3458710e-21
1.5387434370e+1    7.1171038e-21
1.5401039530e+1    6.7939362e-21
1.5414644680e+1    6.7521262e-21
1.5428249840e+1    6.7331664e-21
1.5441855000e+1    6.6398683e-21
1.5455460160e+1    6.4952174e-21
1.5469065320e+1    6.3524795e-21
1.5482670480e+1    5.9454554e-21
1.5509880790e+1    5.9540944e-21
1.5523485950e+1    5.9539632e-21
1.5537091110e+1    5.8199389e-21
1.5550696270e+1    5.8074833e-21
1.5564301430e+1    5.8542020e-21
1.5577906590e+1    5.5702804e-21
1.5591511750e+1    5.8704976e-21
1.5605116900e+1    5.7150793e-21
1.5618722060e+1    5.7822116e-21
1.5632327220e+1    5.7244313e-21
1.5645932380e+1    5.9030565e-21
1.5659537540e+1    5.5818463e-21
1.5673142700e+1    5.5415597e-21
1.5686747860e+1    5.6283052e-21
1.5700353010e+1    5.8271458e-21
1.5713958170e+1    5.5722793e-21
1.5727563330e+1    5.4237959e-21
1.5741168490e+1    5.4341051e-21
1.5754773650e+1    5.3744383e-21
1.5768378810e+1    5.0785042e-21
1.5781983970e+1    5.0372628e-21
1.5795589120e+1    5.1198084e-21
1.5809194280e+1    5.0236239e-21
1.5822799440e+1    5.0020483e-21
1.5836404600e+1    4.8573436e-21
1.5850009760e+1    4.9277445e-21
1.5863614920e+1    4.9199355e-21
1.5877220080e+1    4.9703521e-21
1.5890825240e+1    4.8495741e-21
1.5904430390e+1    4.7412084e-21
1.5918035550e+1    4.5990052e-21
1.5931640710e+1    4.7475174e-21
1.5945245870e+1    4.5827560e-21
1.5958851030e+1    4.6127294e-21
1.5972456190e+1    4.5711289e-21
1.5986061350e+1    4.4537238e-21
1.5999666500e+1    4.3783258e-21
1.6013271660e+1    4.1225803e-21
1.6026876820e+1    4.1778046e-21
1.6040481980e+1    4.1726851e-21
1.6054087140e+1    4.1304957e-21
1.6067692300e+1    4.1461093e-21
1.6081297460e+1    4.0906274e-21
1.6094902610e+1    4.0306383e-21
1.6108507770e+1    3.9644786e-21
1.6122112930e+1    3.9755865e-21
1.6135718090e+1    3.8992204e-21
1.6149323250e+1    3.7043846e-21
1.6162928410e+1    3.6725942e-21
1.6176533570e+1    3.7223285e-21
1.6190138720e+1    3.7288349e-21
1.6203743880e+1    3.6630638e-21
1.6217349040e+1    3.5959117e-21
1.6230954200e+1    3.4063043e-21
1.6244559360e+1    3.4485820e-21
1.6258164520e+1    3.4288670e-21
1.6271769680e+1    3.4710036e-21
1.6285374830e+1    3.2945581e-21
1.6298979990e+1    3.2243710e-21
1.6312585150e+1    3.2778025e-21
1.6326190310e+1    3.2564240e-21
1.6339795470e+1    3.1630549e-21
1.6353400630e+1    3.1302099e-21
1.6367005790e+1    3.2034238e-21
1.6394216100e+1    3.2173100e-21
1.6407821260e+1    3.2616854e-21
1.6421426420e+1    3.1857898e-21
1.6435031580e+1    3.2471536e-21
1.6448636740e+1    3.3000724e-21
1.6462241900e+1    3.2787063e-21
1.6475847050e+1    3.4006961e-21
1.6489452210e+1    3.4348297e-21
1.6503057370e+1    3.4523825e-21
1.6516662530e+1    3.4384827e-21
1.6530267690e+1    3.4291123e-21
1.6543872850e+1    3.4855979e-21
1.6557478010e+1    3.4372334e-21
1.6571083160e+1    3.3970046e-21
1.6584688320e+1    3.3735870e-21
1.6598293480e+1    3.4860910e-21
1.6611898640e+1    3.5702759e-21
1.6625503800e+1    3.6563476e-21
1.6639108960e+1    3.7132719e-21
1.6652714120e+1    3.6177279e-21
1.6679924430e+1    3.6519107e-21
1.6693529590e+1    3.4904531e-21
1.6707134750e+1    3.3280635e-21
1.6720739910e+1    3.2827451e-21
1.6734345070e+1    3.2621885e-21
1.6747950230e+1    3.1794179e-21
1.6761555380e+1    3.1277226e-21
1.6775160540e+1    3.1020880e-21
1.6788765700e+1    3.0773258e-21
1.6802370860e+1    3.0275498e-21
1.6815976020e+1    2.9482059e-21
1.6829581180e+1    2.8785987e-21
1.6843186340e+1    2.8161677e-21
1.6856791500e+1    2.7205305e-21
1.6870396650e+1    2.5848912e-21
1.6884001810e+1    2.7332133e-21
1.6897606970e+1    2.7026257e-21
1.6911212130e+1    2.6653921e-21
1.6924817290e+1    2.6432948e-21
1.6938422450e+1    2.6766619e-21
1.6952027610e+1    2.6105115e-21
1.6965632760e+1    2.6614292e-21
1.6979237920e+1    2.6128508e-21
1.6992843080e+1    2.5889020e-21
1.7006448240e+1    2.5945641e-21
1.7020053400e+1    2.5940521e-21
1.7033658560e+1    2.5500374e-21
1.7047263720e+1    2.5317665e-21
1.7060868870e+1    2.5795296e-21
1.7074474030e+1    2.5296662e-21
1.7088079190e+1    2.4516123e-21
1.7101684350e+1    2.4229068e-21
1.7115289510e+1    2.5570568e-21
1.7128894670e+1    2.4480187e-21
1.7142499830e+1    2.4243943e-21
1.7156104980e+1    2.4753601e-21
1.7169710140e+1    2.4429045e-21
1.7183315300e+1    2.4882781e-21
1.7196920460e+1    2.4090461e-21
1.7210525620e+1    2.4377588e-21
1.7224130780e+1    2.3788675e-21
1.7237735940e+1    2.4001993e-21
1.7251341090e+1    2.3745476e-21
1.7264946250e+1    2.3539029e-21
1.7278551410e+1    2.3489719e-21
1.7292156570e+1    2.4411087e-21
1.7305761730e+1    2.3191627e-21
1.7319366890e+1    2.3634730e-21
1.7332972050e+1    2.3099482e-21
1.7346577200e+1    2.2844675e-21
1.7360182360e+1    2.2167412e-21
1.7373787520e+1    2.2126442e-21
1.7387392680e+1    2.2155208e-21
1.7400997840e+1    2.2437617e-21
1.7414603000e+1    2.3196828e-21
1.7428208160e+1    2.1842899e-21
1.7441813310e+1    2.1663240e-21
1.7455418470e+1    2.1127974e-21
1.7469023630e+1    2.1045180e-21
1.7482628790e+1    2.0871627e-21
1.7496233950e+1    2.1415749e-21
1.7509839110e+1    2.1183439e-21
1.7523444270e+1    2.0910177e-21
1.7537049420e+1    2.0961843e-21
1.7550654580e+1    2.1618123e-21
1.7564259740e+1    2.1588361e-21
1.7577864900e+1    2.2125503e-21
1.7591470060e+1    2.1975771e-21
1.7605075220e+1    2.1706405e-21
1.7618680380e+1    2.2338135e-21
1.7632285530e+1    2.1903726e-21
1.7645890690e+1    2.1548054e-21
1.7659495850e+1    2.1699354e-21
1.7673101010e+1    2.1857444e-21
1.7686706170e+1    2.1102351e-21
1.7700311330e+1    2.1329951e-21
1.7713916490e+1    2.0770088e-21
1.7727521640e+1    2.0365625e-21
1.7741126800e+1    2.0189287e-21
1.7754731960e+1    1.9598839e-21
1.7768337120e+1    1.9946760e-21
1.7781942280e+1    1.9164550e-21
1.7795547440e+1    1.9760286e-21
1.7809152600e+1    1.9675826e-21
1.7822757760e+1    1.9611559e-21
1.7836362910e+1    1.9571769e-21
1.7849968070e+1    1.9306646e-21
1.7863573230e+1    1.9188286e-21
1.7877178390e+1    1.9247044e-21
1.7890783550e+1    1.9435045e-21
1.7904388710e+1    1.8925022e-21
1.7917993870e+1    1.8583729e-21
1.7931599020e+1    1.8326852e-21
1.7945204180e+1    1.8598647e-21
1.7958809340e+1    1.8313921e-21
1.7972414500e+1    1.8091536e-21
1.7986019660e+1    1.7967328e-21
1.7999624820e+1    1.7545764e-21
1.8013229980e+1    1.7674373e-21
1.8026835130e+1    1.7229297e-21
1.8040440290e+1    1.7064004e-21
1.8054045450e+1    1.6838715e-21
1.8067650610e+1    1.6976455e-21
1.8081255770e+1    1.6597195e-21
1.8094860930e+1    1.6305283e-21
1.8108466090e+1    1.6229164e-21
1.8122071240e+1    1.6069151e-21
1.8135676400e+1    1.5974733e-21
1.8149281560e+1    1.6334487e-21
1.8162886720e+1    1.6153895e-21
1.8176491880e+1    1.5872660e-21
1.8190097040e+1    1.5531136e-21
1.8203702200e+1    1.6017217e-21
1.8217307350e+1    1.5961963e-21
1.8230912510e+1    1.5188901e-21
1.8244517670e+1    1.5194269e-21
1.8258122830e+1    1.4858232e-21
1.8271727990e+1    1.5070511e-21
1.8285333150e+1    1.5001498e-21
1.8298938310e+1    1.5175469e-21
1.8312543460e+1    1.4956784e-21
1.8326148620e+1    1.4250834e-21
1.8339753780e+1    1.4370366e-21
1.8353358940e+1    1.4162288e-21
1.8366964100e+1    1.3881143e-21
1.8380569260e+1    1.3559611e-21
1.8394174420e+1    1.3651539e-21
1.8407779570e+1    1.3548785e-21
1.8421384730e+1    1.3561337e-21
1.8434989890e+1    1.3471476e-21
1.8448595050e+1    1.3183512e-21
1.8462200210e+1    1.3171670e-21
1.8475805370e+1    1.3033440e-21
1.8489410530e+1    1.3026286e-21
1.8503015680e+1    1.2892848e-21
1.8516620840e+1    1.2730445e-21
1.8530226000e+1    1.2674745e-21
1.8543831160e+1    1.2735253e-21
1.8557436320e+1    1.2480177e-21
1.8571041480e+1    1.2304965e-21
1.8584646640e+1    1.2384775e-21
1.8598251790e+1    1.2404671e-21
1.8611856950e+1    1.2169637e-21
1.8625462110e+1    1.2228097e-21
1.8639067270e+1    1.2353682e-21
1.8652672430e+1    1.2256925e-21
1.8666277590e+1    1.2592878e-21
1.8679882750e+1    1.2275537e-21
1.8693487900e+1    1.2383264e-21
1.8707093060e+1    1.3528511e-19
1.8720698220e+1    1.2366160e-21
1.8734303380e+1    1.2230112e-21
1.8747908540e+1    1.1908182e-21
1.8761513700e+1    1.1784516e-21
1.8775118860e+1    1.2342289e-21
1.8788724020e+1    1.2121156e-21
1.8802329170e+1    1.1754236e-21
1.8815934330e+1    1.1874489e-21
1.8829539490e+1    1.1694587e-21
1.8843144650e+1    1.1764379e-21
1.8856749810e+1    1.1449760e-21
1.8870354970e+1    1.1397684e-21
1.8883960130e+1    1.1135555e-21
1.8897565280e+1    1.1594122e-21
1.8911170440e+1    1.1123942e-21
1.8924775600e+1    1.0862548e-21
1.8938380760e+1    1.1113692e-21
1.8951985920e+1    1.1080599e-21
1.8965591080e+1    1.1026826e-21
1.8979196240e+1    1.1024237e-21
1.8992801390e+1    1.1264054e-21
1.9006406550e+1    1.0693528e-21
1.9020011710e+1    1.0792830e-21
1.9033616870e+1    1.0785646e-21
1.9047222030e+1    1.0564224e-21
1.9060827190e+1    1.0530369e-21
1.9074432350e+1    1.0520837e-21
1.9088037500e+1    1.0026137e-21
1.9101642660e+1    1.0308702e-21
1.9115247820e+1    1.0328899e-21
1.9128852980e+1    9.9860818e-22
1.9142458140e+1    1.0311716e-21
1.9156063300e+1    9.7817512e-22
1.9169668460e+1    9.8464269e-22
1.9183273610e+1    9.7605632e-22
1.9196878770e+1    9.7086204e-22
1.9210483930e+1    9.5518583e-22
1.9224089090e+1    9.6008790e-22
1.9237694250e+1    9.3537507e-22
1.9251299410e+1    9.4092889e-22
1.9264904570e+1    9.3476058e-22
1.9278509720e+1    9.4344999e-22
1.9292114880e+1    9.3948721e-22
1.9305720040e+1    9.5749799e-22
1.9319325200e+1    9.4557391e-22
1.9332930360e+1    9.4658252e-22
1.9346535520e+1    9.3561884e-22
1.9360140680e+1    9.1326549e-22
1.9373745830e+1    9.1244446e-22
1.9387350990e+1    8.9664462e-22
1.9400956150e+1    9.0606287e-22
1.9414561310e+1    1.0948502e-20
1.9428166470e+1    9.1993439e-22
1.9441771630e+1    8.7560264e-22
1.9455376790e+1    9.0446624e-22
1.9468981940e+1    8.7622330e-22
1.9482587100e+1    8.5640498e-22
1.9496192260e+1    8.9342094e-22
1.9509797420e+1    8.9504065e-22
1.9523402580e+1    4.8625557e-21
1.9537007740e+1    8.7208057e-22
1.9550612900e+1    8.6797536e-22
1.9564218050e+1    8.5789864e-22
1.9577823210e+1    8.4735982e-22
1.9591428370e+1    8.5271169e-22
1.9999583130e+1    8.4576050e-21
2.4999478910e+1    1.3768314e-22
2.9999374690e+1    5.6300842e-23
3.4999270480e+1    3.2584140e-23
3.9999166260e+1    1.9482258e-23
4.4999062040e+1    1.2464589e-23
4.9998957820e+1    8.4603361e-24
5.4998853610e+1    5.9732328e-24
5.9998749390e+1    4.2207483e-24
6.4998645170e+1    3.1311851e-24
6.9998540950e+1    2.3801866e-24
7.4998436740e+1    1.8354676e-24
7.9998332520e+1    1.4309451e-24
8.4998228300e+1    1.1536742e-24
8.9998124080e+1    9.0583602e-25
9.4998019870e+1    7.3155834e-25
9.9997915650e+1    5.9699280e-25
1.0499781143e+2    4.8841328e-25
1.0999770721e+2    3.9724176e-25
1.1499760300e+2    3.3582072e-25
1.1999749878e+2    2.9077968e-25
1.2499739456e+2    2.3632920e-25
1.2999729034e+2    1.9987471e-25
1.3499718613e+2    1.7239241e-25
-----------------------------

