EXCITATION
N(2p2_3P_3d_4Pe) -> N(2p2_3P_4p_4Po)
 1.326800e+1
SPECIES: e / N(2p2_3P_3d_4Pe)
PROCESS: E + N(2p2_3P_3d_4Pe) -> E + N(2p2_3P_4p_4Po), Excitation
PARAM.:  E = 13.268 eV
UPDATED: 2019-01-30 20:10:48
COLUMNS: Energy (eV) | Cross section (m2)
-----------------------------
1.3267779230e+1    0.0000000e+7
1.3278634790e+1    3.2960837e-20
1.3305845100e+1    8.1228807e-20
1.3319450260e+1    1.0536818e-19
1.3333055420e+1    1.5208062e-19
1.3346660580e+1    1.7908948e-19
1.3360265740e+1    1.5916305e-19
1.3373870900e+1    1.9376462e-19
1.3387476050e+1    2.1258114e-19
1.3401081210e+1    2.3559116e-19
1.3414686370e+1    2.5563016e-19
1.3428291530e+1    2.6582686e-19
1.3441896690e+1    2.7854497e-19
1.3455501850e+1    2.9244269e-19
1.3469107010e+1    2.9286178e-19
1.3482712160e+1    2.9717205e-19
1.3496317320e+1    3.0010653e-19
1.3509922480e+1    3.0103757e-19
1.3523527640e+1    3.0628836e-19
1.3537132800e+1    3.1253785e-19
1.3550737960e+1    3.1994769e-19
1.3564343120e+1    3.2885276e-19
1.3577948270e+1    3.8433502e-19
1.3591553430e+1    4.0514004e-19
1.3605158590e+1    4.1020562e-19
1.3618763750e+1    4.1398245e-19
1.3632368910e+1    4.4342941e-19
1.3645974070e+1    4.4246337e-19
1.3659579230e+1    4.5702429e-19
1.3673184380e+1    4.7067350e-19
1.3700394700e+1    5.1677027e-19
1.3713999860e+1    4.8640016e-19
1.3754815340e+1    5.0474568e-19
1.3768420490e+1    4.9135061e-19
1.3782025650e+1    4.9160067e-19
1.3795630810e+1    5.0139738e-19
1.3809235970e+1    4.9947523e-19
1.3822841130e+1    4.9542812e-19
1.3836446290e+1    5.0127598e-19
1.3850051450e+1    5.0892090e-19
1.3863656600e+1    5.1408069e-19
1.3877261760e+1    5.2191320e-19
1.3890866920e+1    5.2949812e-19
1.3904472080e+1    5.2525651e-19
1.3918077240e+1    5.2253494e-19
1.3931682400e+1    5.2882510e-19
1.3945287560e+1    5.3058963e-19
1.3958892720e+1    5.3377743e-19
1.3972497870e+1    5.3746473e-19
1.3986103030e+1    5.5392564e-19
1.3999708190e+1    5.5980399e-19
1.4013313350e+1    5.5308310e-19
1.4026918510e+1    5.4772923e-19
1.4040523670e+1    5.3592008e-19
1.4054128830e+1    5.3097432e-19
1.4067733980e+1    5.2909359e-19
1.4081339140e+1    5.3092678e-19
1.4094944300e+1    5.3380211e-19
1.4108549460e+1    5.2782595e-19
1.4122154620e+1    5.2268592e-19
1.4135759780e+1    5.2531887e-19
1.4149364940e+1    5.2727886e-19
1.4162970090e+1    5.2928583e-19
1.4176575250e+1    5.2748897e-19
1.4190180410e+1    5.3091386e-19
1.4203785570e+1    5.3423723e-19
1.4217390730e+1    5.3041315e-19
1.4230995890e+1    5.2956070e-19
1.4244601050e+1    5.3814381e-19
1.4258206200e+1    5.4164460e-19
1.4271811360e+1    5.3914243e-19
1.4285416520e+1    5.3817036e-19
1.4299021680e+1    5.3804304e-19
1.4312626840e+1    5.3887628e-19
1.4326232000e+1    5.4077195e-19
1.4339837160e+1    5.4161099e-19
1.4353442310e+1    5.3771034e-19
1.4367047470e+1    5.4631276e-19
1.4380652630e+1    5.4654307e-19
1.4394257790e+1    5.4651073e-19
1.4407862950e+1    5.4366331e-19
1.4421468110e+1    5.4178279e-19
1.4435073270e+1    5.3944868e-19
1.4448678420e+1    5.3480549e-19
1.4462283580e+1    5.3588464e-19
1.4475888740e+1    5.3306592e-19
1.4489493900e+1    5.2857024e-19
1.4503099060e+1    5.2621491e-19
1.4516704220e+1    5.2651455e-19
1.4530309380e+1    5.2270610e-19
1.4543914530e+1    5.1820990e-19
1.4557519690e+1    5.1790025e-19
1.4571124850e+1    5.1737566e-19
1.4584730010e+1    5.1532072e-19
1.4598335170e+1    5.1516575e-19
1.4611940330e+1    5.1395979e-19
1.4625545490e+1    5.1187567e-19
1.4639150640e+1    5.1174278e-19
1.4652755800e+1    5.1024167e-19
1.4666360960e+1    5.1187653e-19
1.4679966120e+1    5.1163158e-19
1.4693571280e+1    5.1003850e-19
1.4707176440e+1    5.0797634e-19
1.4720781600e+1    5.0568533e-19
1.4734386750e+1    5.0430546e-19
1.4747991910e+1    5.0181293e-19
1.4761597070e+1    5.0092400e-19
1.4775202230e+1    5.0028985e-19
1.4788807390e+1    5.0008117e-19
1.4802412550e+1    4.9876088e-19
1.4816017710e+1    4.9784373e-19
1.4829622860e+1    4.9601032e-19
1.4843228020e+1    4.9459716e-19
1.4856833180e+1    4.9491053e-19
1.4870438340e+1    4.9485221e-19
1.4884043500e+1    4.9536285e-19
1.4897648660e+1    4.9481097e-19
1.4911253820e+1    4.9499419e-19
1.4924858980e+1    4.9789220e-19
1.4938464130e+1    4.9637666e-19
1.4952069290e+1    4.9407589e-19
1.4965674450e+1    4.9336425e-19
1.4979279610e+1    4.9160593e-19
1.4992884770e+1    4.9015249e-19
1.5006489930e+1    4.8734981e-19
1.5020095090e+1    4.8501578e-19
1.5033700240e+1    4.8311694e-19
1.5047305400e+1    4.8216285e-19
1.5060910560e+1    4.7743715e-19
1.5074515720e+1    4.7769820e-19
1.5088120880e+1    4.7537301e-19
1.5101726040e+1    4.7280925e-19
1.5115331200e+1    4.7017459e-19
1.5128936350e+1    4.6945323e-19
1.5142541510e+1    4.6875177e-19
1.5156146670e+1    4.6701360e-19
1.5169751830e+1    4.6632456e-19
1.5183356990e+1    4.6570924e-19
1.5196962150e+1    4.6355500e-19
1.5210567310e+1    4.6221731e-19
1.5224172460e+1    4.6033981e-19
1.5237777620e+1    4.5858307e-19
1.5251382780e+1    4.5728371e-19
1.5264987940e+1    4.5723264e-19
1.5278593100e+1    4.5527454e-19
1.5292198260e+1    4.5397052e-19
1.5305803420e+1    4.5185193e-19
1.5319408570e+1    4.5123146e-19
1.5333013730e+1    4.4972016e-19
1.5346618890e+1    4.4921399e-19
1.5360224050e+1    4.4716395e-19
1.5373829210e+1    4.4517339e-19
1.5387434370e+1    4.4317129e-19
1.5401039530e+1    4.4126451e-19
1.5414644680e+1    4.3987118e-19
1.5428249840e+1    4.3792981e-19
1.5441855000e+1    4.3507519e-19
1.5455460160e+1    4.3370617e-19
1.5469065320e+1    4.3280296e-19
1.5482670480e+1    4.3029071e-19
1.5509880790e+1    4.2789048e-19
1.5523485950e+1    4.2606735e-19
1.5537091110e+1    4.2458779e-19
1.5550696270e+1    4.2356865e-19
1.5564301430e+1    4.2235755e-19
1.5577906590e+1    4.2040907e-19
1.5591511750e+1    4.1832204e-19
1.5605116900e+1    4.1558089e-19
1.5618722060e+1    4.1351169e-19
1.5632327220e+1    4.1256047e-19
1.5645932380e+1    4.1131786e-19
1.5659537540e+1    4.1001882e-19
1.5673142700e+1    4.0896632e-19
1.5686747860e+1    4.0777063e-19
1.5700353010e+1    4.0672219e-19
1.5713958170e+1    4.0517573e-19
1.5727563330e+1    4.0430540e-19
1.5741168490e+1    4.0252986e-19
1.5754773650e+1    4.0045842e-19
1.5768378810e+1    3.9913291e-19
1.5781983970e+1    3.9724454e-19
1.5795589120e+1    3.9609388e-19
1.5809194280e+1    3.9462201e-19
1.5822799440e+1    3.9251785e-19
1.5836404600e+1    3.9127963e-19
1.5850009760e+1    3.8921764e-19
1.5863614920e+1    3.8735229e-19
1.5877220080e+1    3.8621687e-19
1.5890825240e+1    3.8541168e-19
1.5904430390e+1    3.8368018e-19
1.5918035550e+1    3.8271417e-19
1.5931640710e+1    3.8125546e-19
1.5945245870e+1    3.7968306e-19
1.5958851030e+1    3.7955168e-19
1.5972456190e+1    3.7822842e-19
1.5986061350e+1    3.7826583e-19
1.5999666500e+1    3.7655381e-19
1.6013271660e+1    3.7556105e-19
1.6026876820e+1    3.7374743e-19
1.6040481980e+1    3.7223217e-19
1.6054087140e+1    3.7038560e-19
1.6067692300e+1    3.6965092e-19
1.6081297460e+1    3.6861347e-19
1.6094902610e+1    3.6789985e-19
1.6108507770e+1    3.6661152e-19
1.6122112930e+1    3.6566089e-19
1.6135718090e+1    3.6449587e-19
1.6149323250e+1    3.6365106e-19
1.6162928410e+1    3.6244717e-19
1.6176533570e+1    3.6135240e-19
1.6190138720e+1    3.5981569e-19
1.6203743880e+1    3.5867064e-19
1.6217349040e+1    3.5831317e-19
1.6230954200e+1    3.5667147e-19
1.6244559360e+1    3.5543293e-19
1.6258164520e+1    3.5440751e-19
1.6271769680e+1    3.5364427e-19
1.6285374830e+1    3.5265905e-19
1.6298979990e+1    3.5136700e-19
1.6312585150e+1    3.4979387e-19
1.6326190310e+1    3.4864876e-19
1.6339795470e+1    3.4797842e-19
1.6353400630e+1    3.4668218e-19
1.6367005790e+1    3.4500665e-19
1.6394216100e+1    3.4338612e-19
1.6407821260e+1    3.4179399e-19
1.6421426420e+1    3.4016254e-19
1.6435031580e+1    3.3883006e-19
1.6448636740e+1    3.3805491e-19
1.6462241900e+1    3.3701520e-19
1.6475847050e+1    3.3585801e-19
1.6489452210e+1    3.3462903e-19
1.6503057370e+1    3.3381991e-19
1.6516662530e+1    3.3284001e-19
1.6530267690e+1    3.3176527e-19
1.6543872850e+1    3.3078474e-19
1.6557478010e+1    3.2942868e-19
1.6571083160e+1    3.2818747e-19
1.6584688320e+1    3.2667376e-19
1.6598293480e+1    3.2611050e-19
1.6611898640e+1    3.2524631e-19
1.6625503800e+1    3.2444724e-19
1.6639108960e+1    3.2329628e-19
1.6652714120e+1    3.2204377e-19
1.6679924430e+1    3.2026626e-19
1.6693529590e+1    3.1844974e-19
1.6707134750e+1    3.1647485e-19
1.6720739910e+1    3.1524659e-19
1.6734345070e+1    3.1395097e-19
1.6747950230e+1    3.1269315e-19
1.6761555380e+1    3.1151063e-19
1.6775160540e+1    3.1032846e-19
1.6788765700e+1    3.0944965e-19
1.6802370860e+1    3.0857480e-19
1.6815976020e+1    3.0732888e-19
1.6829581180e+1    3.0627335e-19
1.6843186340e+1    3.0523946e-19
1.6856791500e+1    3.0433707e-19
1.6870396650e+1    3.0303010e-19
1.6884001810e+1    3.0225338e-19
1.6897606970e+1    3.0139487e-19
1.6911212130e+1    3.0047485e-19
1.6924817290e+1    2.9961527e-19
1.6938422450e+1    2.9845602e-19
1.6952027610e+1    2.9758145e-19
1.6965632760e+1    2.9680143e-19
1.6979237920e+1    2.9592592e-19
1.6992843080e+1    2.9516728e-19
1.7006448240e+1    2.9426038e-19
1.7020053400e+1    2.9321143e-19
1.7033658560e+1    2.9218089e-19
1.7047263720e+1    2.9151421e-19
1.7060868870e+1    2.9070942e-19
1.7074474030e+1    2.8995854e-19
1.7088079190e+1    2.8891167e-19
1.7101684350e+1    2.8777837e-19
1.7115289510e+1    2.8739386e-19
1.7128894670e+1    2.8692385e-19
1.7142499830e+1    2.8579755e-19
1.7156104980e+1    2.8519883e-19
1.7169710140e+1    2.8387172e-19
1.7183315300e+1    2.8323398e-19
1.7196920460e+1    2.8207984e-19
1.7210525620e+1    2.8187829e-19
1.7224130780e+1    2.8071205e-19
1.7237735940e+1    2.7945546e-19
1.7251341090e+1    2.7822523e-19
1.7264946250e+1    2.7750021e-19
1.7278551410e+1    2.7637172e-19
1.7292156570e+1    2.7553844e-19
1.7305761730e+1    2.7456443e-19
1.7319366890e+1    2.7405227e-19
1.7332972050e+1    2.7322625e-19
1.7346577200e+1    2.7252242e-19
1.7360182360e+1    2.7179150e-19
1.7373787520e+1    2.7084018e-19
1.7387392680e+1    2.6987802e-19
1.7400997840e+1    2.6893162e-19
1.7414603000e+1    2.6823077e-19
1.7428208160e+1    2.6746219e-19
1.7441813310e+1    2.6647776e-19
1.7455418470e+1    2.6581267e-19
1.7469023630e+1    2.6516709e-19
1.7482628790e+1    2.6474187e-19
1.7496233950e+1    2.6387864e-19
1.7509839110e+1    2.6270649e-19
1.7523444270e+1    2.6162648e-19
1.7537049420e+1    2.6103724e-19
1.7550654580e+1    2.5998899e-19
1.7564259740e+1    2.5930045e-19
1.7577864900e+1    2.5857534e-19
1.7591470060e+1    2.5768380e-19
1.7605075220e+1    2.5681963e-19
1.7618680380e+1    2.5600275e-19
1.7632285530e+1    2.5503868e-19
1.7645890690e+1    2.5391836e-19
1.7659495850e+1    2.5345105e-19
1.7673101010e+1    2.5209172e-19
1.7686706170e+1    2.5248317e-19
1.7700311330e+1    2.5209680e-19
1.7713916490e+1    2.5111055e-19
1.7727521640e+1    2.5040620e-19
1.7741126800e+1    2.4957885e-19
1.7754731960e+1    2.4882368e-19
1.7768337120e+1    2.4823247e-19
1.7781942280e+1    2.4776217e-19
1.7795547440e+1    2.4687239e-19
1.7809152600e+1    2.4617305e-19
1.7822757760e+1    2.4525697e-19
1.7836362910e+1    2.4490851e-19
1.7849968070e+1    2.4421891e-19
1.7863573230e+1    2.4324793e-19
1.7877178390e+1    2.4223462e-19
1.7890783550e+1    2.4186261e-19
1.7904388710e+1    2.4115142e-19
1.7917993870e+1    2.4041631e-19
1.7931599020e+1    2.3983240e-19
1.7945204180e+1    2.3929209e-19
1.7958809340e+1    2.3874000e-19
1.7972414500e+1    2.3781958e-19
1.7986019660e+1    2.3705841e-19
1.7999624820e+1    2.3645748e-19
1.8013229980e+1    2.3560955e-19
1.8026835130e+1    2.3494061e-19
1.8040440290e+1    2.3416124e-19
1.8054045450e+1    2.3351812e-19
1.8067650610e+1    2.3285082e-19
1.8081255770e+1    2.3232163e-19
1.8094860930e+1    2.3161517e-19
1.8108466090e+1    2.3092333e-19
1.8122071240e+1    2.3023278e-19
1.8135676400e+1    2.2942315e-19
1.8149281560e+1    2.2863658e-19
1.8162886720e+1    2.2797494e-19
1.8176491880e+1    2.2724116e-19
1.8190097040e+1    2.2655782e-19
1.8203702200e+1    2.2568885e-19
1.8217307350e+1    2.2502704e-19
1.8230912510e+1    2.2449016e-19
1.8244517670e+1    2.2363933e-19
1.8258122830e+1    2.2311850e-19
1.8271727990e+1    2.2232100e-19
1.8285333150e+1    2.2159690e-19
1.8298938310e+1    2.2091847e-19
1.8312543460e+1    2.2030086e-19
1.8326148620e+1    2.1938335e-19
1.8339753780e+1    2.1880972e-19
1.8353358940e+1    2.1805452e-19
1.8366964100e+1    2.1746017e-19
1.8380569260e+1    2.1687583e-19
1.8394174420e+1    2.1641996e-19
1.8407779570e+1    2.1587620e-19
1.8421384730e+1    2.1538599e-19
1.8434989890e+1    2.1495128e-19
1.8448595050e+1    2.1450157e-19
1.8462200210e+1    2.1377338e-19
1.8475805370e+1    2.1317301e-19
1.8489410530e+1    2.1280046e-19
1.8503015680e+1    2.1266932e-19
1.8516620840e+1    2.1153103e-19
1.8530226000e+1    2.1141796e-19
1.8543831160e+1    2.1103726e-19
1.8557436320e+1    2.1039569e-19
1.8571041480e+1    2.1001302e-19
1.8584646640e+1    2.0938662e-19
1.8598251790e+1    2.0894374e-19
1.8611856950e+1    2.0849244e-19
1.8625462110e+1    2.0813213e-19
1.8639067270e+1    2.0756958e-19
1.8652672430e+1    2.0715873e-19
1.8666277590e+1    2.0669292e-19
1.8679882750e+1    2.0575899e-19
1.8693487900e+1    2.0532234e-19
1.8707093060e+1    2.3320881e-19
1.8720698220e+1    2.0450763e-19
1.8734303380e+1    2.0381226e-19
1.8747908540e+1    2.0361556e-19
1.8761513700e+1    2.0287669e-19
1.8775118860e+1    2.0216412e-19
1.8788724020e+1    2.0210507e-19
1.8802329170e+1    2.0144145e-19
1.8815934330e+1    2.0095022e-19
1.8829539490e+1    2.0028129e-19
1.8843144650e+1    1.9975406e-19
1.8856749810e+1    1.9916793e-19
1.8870354970e+1    1.9881779e-19
1.8883960130e+1    1.9794383e-19
1.8897565280e+1    1.9755150e-19
1.8911170440e+1    1.9688526e-19
1.8924775600e+1    1.9636704e-19
1.8938380760e+1    1.9592190e-19
1.8951985920e+1    1.9538975e-19
1.8965591080e+1    1.9475587e-19
1.8979196240e+1    1.9439938e-19
1.8992801390e+1    1.9376683e-19
1.9006406550e+1    1.9298871e-19
1.9020011710e+1    1.9255767e-19
1.9033616870e+1    1.9200120e-19
1.9047222030e+1    1.9136375e-19
1.9060827190e+1    1.9104790e-19
1.9074432350e+1    1.9052332e-19
1.9088037500e+1    1.8984536e-19
1.9101642660e+1    1.8944631e-19
1.9115247820e+1    1.8886532e-19
1.9128852980e+1    1.8852638e-19
1.9142458140e+1    1.8791811e-19
1.9156063300e+1    1.8749123e-19
1.9169668460e+1    1.8696736e-19
1.9183273610e+1    1.8656897e-19
1.9196878770e+1    1.8613398e-19
1.9210483930e+1    1.8553942e-19
1.9224089090e+1    1.8486415e-19
1.9237694250e+1    1.8417658e-19
1.9251299410e+1    1.8431184e-19
1.9264904570e+1    1.8382001e-19
1.9278509720e+1    1.8321355e-19
1.9292114880e+1    1.8300811e-19
1.9305720040e+1    1.8251422e-19
1.9319325200e+1    1.8205233e-19
1.9332930360e+1    1.8170376e-19
1.9346535520e+1    1.8116253e-19
1.9360140680e+1    1.8038895e-19
1.9373745830e+1    1.8001704e-19
1.9387350990e+1    1.7976780e-19
1.9400956150e+1    1.7925070e-19
1.9414561310e+1    1.7815102e-19
1.9428166470e+1    1.7833195e-19
1.9441771630e+1    1.7799462e-19
1.9455376790e+1    1.7745835e-19
1.9468981940e+1    1.7702904e-19
1.9482587100e+1    1.8703790e-19
1.9496192260e+1    1.7616211e-19
1.9509797420e+1    1.7579241e-19
1.9523402580e+1    1.7905188e-19
1.9537007740e+1    1.7500593e-19
1.9550612900e+1    1.7435559e-19
1.9564218050e+1    1.7415491e-19
1.9577823210e+1    1.7366321e-19
1.9591428370e+1    1.7342707e-19
1.9999583130e+1    1.6169743e-19
2.4999478910e+1    8.2165269e-20
2.9999374690e+1    5.0667654e-20
3.4999270480e+1    3.4362203e-20
3.9999166260e+1    2.4647955e-20
4.4999062040e+1    1.8320779e-20
4.9998957820e+1    1.3948762e-20
5.4998853610e+1    1.0829003e-20
5.9998749390e+1    8.5396267e-21
6.4998645170e+1    6.8246341e-21
6.9998540950e+1    5.5181779e-21
7.4998436740e+1    4.5069831e-21
7.9998332520e+1    3.7150386e-21
8.4998228300e+1    3.0875835e-21
8.9998124080e+1    2.5854620e-21
9.4998019870e+1    2.1802786e-21
9.9997915650e+1    1.8504116e-21
1.0499781143e+2    1.5798879e-21
1.0999770721e+2    1.3562444e-21
1.1499760300e+2    1.1708470e-21
1.1999749878e+2    1.0155242e-21
1.2499739456e+2    8.8488551e-22
1.2999729034e+2    7.7461792e-22
1.3499718613e+2    6.8059140e-22
-----------------------------

