EXCITATION
N(2p2_3P_3s_4Pe) -> N(2p2_3P_4p_2So)
 1.319300e+1
SPECIES: e / N(2p2_3P_3s_4Pe)
PROCESS: E + N(2p2_3P_3s_4Pe) -> E + N(2p2_3P_4p_2So), Excitation
PARAM.:  E = 13.193 eV
UPDATED: 2019-01-30 20:10:46
COLUMNS: Energy (eV) | Cross section (m2)
-----------------------------
1.3193039560e+1    0.0000000e+7
1.3197003830e+1    1.3655683e-23
1.3210608990e+1    6.2940363e-23
1.3224214150e+1    9.7891794e-23
1.3237819310e+1    1.6831019e-22
1.3251424470e+1    2.4357736e-22
1.3265029630e+1    3.3063956e-22
1.3278634790e+1    4.6763383e-22
1.3305845100e+1    5.7224054e-22
1.3319450260e+1    5.8815853e-22
1.3333055420e+1    5.7550854e-22
1.3346660580e+1    6.2711917e-22
1.3360265740e+1    6.4860867e-22
1.3373870900e+1    6.2382963e-22
1.3387476050e+1    3.5657597e-22
1.3401081210e+1    3.2763503e-22
1.3414686370e+1    4.0151440e-22
1.3428291530e+1    3.3894999e-22
1.3441896690e+1    2.9179258e-22
1.3455501850e+1    3.7035258e-22
1.3469107010e+1    3.6016032e-22
1.3482712160e+1    3.7458745e-22
1.3496317320e+1    5.9931449e-22
1.3509922480e+1    3.9571418e-22
1.3523527640e+1    4.0566237e-22
1.3537132800e+1    4.1275139e-22
1.3550737960e+1    4.2546379e-22
1.3564343120e+1    4.2584095e-22
1.3577948270e+1    4.2054558e-22
1.3591553430e+1    4.5996202e-22
1.3605158590e+1    4.4531211e-22
1.3618763750e+1    5.4116507e-22
1.3632368910e+1    5.4014085e-22
1.3645974070e+1    5.2772733e-22
1.3659579230e+1    7.0414395e-22
1.3673184380e+1    5.5638965e-22
1.3700394700e+1    5.4224119e-22
1.3713999860e+1    5.2624608e-22
1.3754815340e+1    5.8877372e-22
1.3768420490e+1    5.5458320e-22
1.3782025650e+1    4.9078111e-22
1.3795630810e+1    3.5624744e-22
1.3809235970e+1    3.2368404e-22
1.3822841130e+1    3.0143815e-22
1.3836446290e+1    2.9370921e-22
1.3850051450e+1    2.9157737e-22
1.3863656600e+1    4.0424396e-22
1.3877261760e+1    4.1564806e-22
1.3890866920e+1    5.2386994e-22
1.3904472080e+1    5.8953824e-22
1.3918077240e+1    6.0211525e-22
1.3931682400e+1    5.2457604e-22
1.3945287560e+1    5.0369189e-22
1.3958892720e+1    6.0399267e-22
1.3972497870e+1    4.5948279e-22
1.3986103030e+1    4.5292865e-22
1.3999708190e+1    4.4587293e-22
1.4013313350e+1    5.5195462e-22
1.4026918510e+1    6.5223724e-22
1.4040523670e+1    6.9626923e-22
1.4054128830e+1    6.0418567e-22
1.4067733980e+1    6.0924240e-22
1.4081339140e+1    5.8726707e-22
1.4094944300e+1    5.4057184e-22
1.4108549460e+1    5.2750316e-22
1.4122154620e+1    5.2322573e-22
1.4135759780e+1    4.8383827e-22
1.4149364940e+1    4.1784229e-22
1.4162970090e+1    4.6173651e-22
1.4176575250e+1    4.6864623e-22
1.4190180410e+1    4.6125135e-22
1.4203785570e+1    4.3039974e-22
1.4217390730e+1    4.1947860e-22
1.4230995890e+1    4.1358419e-22
1.4244601050e+1    3.8876329e-22
1.4258206200e+1    3.9519822e-22
1.4271811360e+1    3.6876398e-22
1.4285416520e+1    4.0022154e-22
1.4299021680e+1    3.8992907e-22
1.4312626840e+1    3.5182011e-22
1.4326232000e+1    3.1624289e-22
1.4339837160e+1    3.3658775e-22
1.4353442310e+1    3.1077369e-22
1.4367047470e+1    2.8720442e-22
1.4380652630e+1    3.4762100e-22
1.4394257790e+1    3.4241082e-22
1.4407862950e+1    3.2912268e-22
1.4421468110e+1    3.3786564e-22
1.4435073270e+1    3.4659967e-22
1.4448678420e+1    3.4338182e-22
1.4462283580e+1    3.4566392e-22
1.4475888740e+1    3.3468608e-22
1.4489493900e+1    3.4212527e-22
1.4503099060e+1    3.2415176e-22
1.4516704220e+1    3.6285013e-22
1.4530309380e+1    3.3364369e-22
1.4543914530e+1    3.3489006e-22
1.4557519690e+1    3.5834241e-22
1.4571124850e+1    4.0844839e-22
1.4584730010e+1    4.1026597e-22
1.4598335170e+1    3.9779512e-22
1.4611940330e+1    3.4975217e-22
1.4625545490e+1    3.3023509e-22
1.4639150640e+1    3.4432955e-22
1.4652755800e+1    3.6036767e-22
1.4666360960e+1    3.2385565e-22
1.4679966120e+1    3.3403994e-22
1.4693571280e+1    3.6510329e-22
1.4707176440e+1    3.8527050e-22
1.4720781600e+1    3.9550809e-22
1.4734386750e+1    4.3247199e-22
1.4747991910e+1    4.4403810e-22
1.4761597070e+1    4.5022020e-22
1.4775202230e+1    4.4219366e-22
1.4788807390e+1    4.4225405e-22
1.4802412550e+1    4.1024308e-22
1.4816017710e+1    4.1853336e-22
1.4829622860e+1    3.6075755e-22
1.4843228020e+1    3.6404032e-22
1.4856833180e+1    3.6206843e-22
1.4870438340e+1    3.4606527e-22
1.4884043500e+1    3.5002914e-22
1.4897648660e+1    3.2406757e-22
1.4911253820e+1    3.4740814e-22
1.4924858980e+1    3.5245084e-22
1.4938464130e+1    3.4255679e-22
1.4952069290e+1    3.5209565e-22
1.4965674450e+1    3.6036862e-22
1.4979279610e+1    3.5925404e-22
1.4992884770e+1    3.4754182e-22
1.5006489930e+1    3.1392421e-22
1.5020095090e+1    2.9996141e-22
1.5033700240e+1    2.8545499e-22
1.5047305400e+1    2.9458208e-22
1.5060910560e+1    2.9464825e-22
1.5074515720e+1    2.8661568e-22
1.5088120880e+1    2.7849042e-22
1.5101726040e+1    2.5725757e-22
1.5115331200e+1    2.4986611e-22
1.5128936350e+1    2.5001111e-22
1.5142541510e+1    2.4824950e-22
1.5156146670e+1    2.3438938e-22
1.5169751830e+1    2.3388386e-22
1.5183356990e+1    2.1539569e-22
1.5196962150e+1    2.2030988e-22
1.5210567310e+1    2.1418353e-22
1.5224172460e+1    2.2730803e-22
1.5237777620e+1    2.3131885e-22
1.5251382780e+1    2.2070856e-22
1.5264987940e+1    2.1790911e-22
1.5278593100e+1    2.0875028e-22
1.5292198260e+1    2.0028957e-22
1.5305803420e+1    1.8912353e-22
1.5319408570e+1    1.9206671e-22
1.5333013730e+1    2.0484138e-22
1.5346618890e+1    2.2149721e-22
1.5360224050e+1    2.2957077e-22
1.5373829210e+1    2.3915152e-22
1.5387434370e+1    2.3160822e-22
1.5401039530e+1    2.4252378e-22
1.5414644680e+1    2.4928419e-22
1.5428249840e+1    2.3796653e-22
1.5441855000e+1    2.3330174e-22
1.5455460160e+1    2.3763581e-22
1.5469065320e+1    2.3262958e-22
1.5482670480e+1    2.3035270e-22
1.5509880790e+1    2.2670037e-22
1.5523485950e+1    2.2307463e-22
1.5537091110e+1    2.2267379e-22
1.5550696270e+1    2.3695154e-22
1.5564301430e+1    2.3267541e-22
1.5577906590e+1    2.2281956e-22
1.5591511750e+1    2.1763362e-22
1.5605116900e+1    2.1584845e-22
1.5618722060e+1    2.3703541e-22
1.5632327220e+1    2.4875092e-22
1.5645932380e+1    2.3563588e-22
1.5659537540e+1    2.2631530e-22
1.5673142700e+1    2.3094142e-22
1.5686747860e+1    2.3106089e-22
1.5700353010e+1    2.3700878e-22
1.5713958170e+1    2.1430503e-22
1.5727563330e+1    2.2904328e-22
1.5741168490e+1    2.3374587e-22
1.5754773650e+1    2.2369721e-22
1.5768378810e+1    2.1779621e-22
1.5781983970e+1    2.2136809e-22
1.5795589120e+1    2.3515373e-22
1.5809194280e+1    2.2024786e-22
1.5822799440e+1    2.1849442e-22
1.5836404600e+1    2.3267626e-22
1.5850009760e+1    2.2664406e-22
1.5863614920e+1    2.1900769e-22
1.5877220080e+1    2.1344557e-22
1.5890825240e+1    2.1119614e-22
1.5904430390e+1    1.9744714e-22
1.5918035550e+1    2.0282621e-22
1.5931640710e+1    1.9702672e-22
1.5945245870e+1    2.0275236e-22
1.5958851030e+1    2.0140834e-22
1.5972456190e+1    2.0123272e-22
1.5986061350e+1    1.8138670e-22
1.5999666500e+1    1.9426303e-22
1.6013271660e+1    1.9934986e-22
1.6026876820e+1    2.0301856e-22
1.6040481980e+1    2.0636055e-22
1.6054087140e+1    1.9876145e-22
1.6067692300e+1    1.9039019e-22
1.6081297460e+1    1.7524717e-22
1.6094902610e+1    1.6672350e-22
1.6108507770e+1    1.7138859e-22
1.6122112930e+1    1.7763997e-22
1.6135718090e+1    1.7152215e-22
1.6149323250e+1    1.6644090e-22
1.6162928410e+1    1.5847719e-22
1.6176533570e+1    1.4967525e-22
1.6190138720e+1    1.5200656e-22
1.6203743880e+1    1.5053306e-22
1.6217349040e+1    1.4419855e-22
1.6230954200e+1    1.3785572e-22
1.6244559360e+1    1.3095882e-22
1.6258164520e+1    1.3449844e-22
1.6271769680e+1    1.3028837e-22
1.6285374830e+1    1.2941540e-22
1.6298979990e+1    1.2408159e-22
1.6312585150e+1    1.2068737e-22
1.6326190310e+1    1.2772977e-22
1.6339795470e+1    1.1833353e-22
1.6353400630e+1    1.2063643e-22
1.6367005790e+1    1.2755049e-22
1.6394216100e+1    1.3552420e-22
1.6407821260e+1    1.2804122e-22
1.6421426420e+1    1.2926899e-22
1.6435031580e+1    1.3396482e-22
1.6448636740e+1    1.3555797e-22
1.6462241900e+1    1.3456740e-22
1.6475847050e+1    1.3320747e-22
1.6489452210e+1    1.3651369e-22
1.6503057370e+1    1.4115550e-22
1.6516662530e+1    1.4200516e-22
1.6530267690e+1    1.4790752e-22
1.6543872850e+1    1.4771459e-22
1.6557478010e+1    1.5089124e-22
1.6571083160e+1    1.4712864e-22
1.6584688320e+1    1.4891422e-22
1.6598293480e+1    1.5339047e-22
1.6611898640e+1    1.6598301e-22
1.6625503800e+1    1.5890227e-22
1.6639108960e+1    1.5227337e-22
1.6652714120e+1    1.5558816e-22
1.6679924430e+1    1.6084439e-22
1.6693529590e+1    1.5665627e-22
1.6707134750e+1    1.5330114e-22
1.6720739910e+1    1.4868425e-22
1.6734345070e+1    1.5068554e-22
1.6747950230e+1    1.3936262e-22
1.6761555380e+1    1.3891270e-22
1.6775160540e+1    1.3457898e-22
1.6788765700e+1    1.3577215e-22
1.6802370860e+1    1.2456858e-22
1.6815976020e+1    1.3312003e-22
1.6829581180e+1    1.3264329e-22
1.6843186340e+1    1.2021878e-22
1.6856791500e+1    1.2279684e-22
1.6870396650e+1    1.2145477e-22
1.6884001810e+1    1.1661901e-22
1.6897606970e+1    1.2949426e-22
1.6911212130e+1    1.2809099e-22
1.6924817290e+1    1.3133017e-22
1.6938422450e+1    1.2937089e-22
1.6952027610e+1    1.2475103e-22
1.6965632760e+1    1.2386652e-22
1.6979237920e+1    1.2217651e-22
1.6992843080e+1    1.2764014e-22
1.7006448240e+1    1.2173799e-22
1.7020053400e+1    1.1957960e-22
1.7033658560e+1    1.2100738e-22
1.7047263720e+1    1.1768409e-22
1.7060868870e+1    1.1962959e-22
1.7074474030e+1    1.1581779e-22
1.7088079190e+1    1.1214488e-22
1.7101684350e+1    1.1860898e-22
1.7115289510e+1    1.1951549e-22
1.7128894670e+1    1.2248943e-22
1.7142499830e+1    1.2014909e-22
1.7156104980e+1    1.1637876e-22
1.7169710140e+1    1.1838501e-22
1.7183315300e+1    1.1287767e-22
1.7196920460e+1    1.1510247e-22
1.7210525620e+1    1.1247545e-22
1.7224130780e+1    1.1647938e-22
1.7237735940e+1    1.0997625e-22
1.7251341090e+1    1.0391284e-22
1.7264946250e+1    1.0803880e-22
1.7278551410e+1    1.0854207e-22
1.7292156570e+1    1.0186117e-22
1.7305761730e+1    9.8845236e-23
1.7319366890e+1    9.9550079e-23
1.7332972050e+1    9.6681333e-23
1.7346577200e+1    9.2068385e-23
1.7360182360e+1    9.3194163e-23
1.7373787520e+1    9.3873838e-23
1.7387392680e+1    8.5967273e-23
1.7400997840e+1    8.6083935e-23
1.7414603000e+1    8.8156924e-23
1.7428208160e+1    8.8703858e-23
1.7441813310e+1    8.9657750e-23
1.7455418470e+1    8.5218747e-23
1.7469023630e+1    8.6743927e-23
1.7482628790e+1    8.3758411e-23
1.7496233950e+1    8.2259340e-23
1.7509839110e+1    7.7088971e-23
1.7523444270e+1    7.9841451e-23
1.7537049420e+1    7.9904273e-23
1.7550654580e+1    7.6001217e-23
1.7564259740e+1    7.4645810e-23
1.7577864900e+1    7.1883839e-23
1.7591470060e+1    7.2388313e-23
1.7605075220e+1    6.8248900e-23
1.7618680380e+1    7.0909292e-23
1.7632285530e+1    7.2390074e-23
1.7645890690e+1    7.6096240e-23
1.7659495850e+1    7.5495600e-23
1.7673101010e+1    6.5471315e-23
1.7686706170e+1    6.6293606e-23
1.7700311330e+1    6.3860224e-23
1.7713916490e+1    6.3323807e-23
1.7727521640e+1    6.3580179e-23
1.7741126800e+1    6.3558330e-23
1.7754731960e+1    6.6184691e-23
1.7768337120e+1    6.1697869e-23
1.7781942280e+1    6.0062201e-23
1.7795547440e+1    6.2571285e-23
1.7809152600e+1    6.3991189e-23
1.7822757760e+1    6.4238861e-23
1.7836362910e+1    6.6201745e-23
1.7849968070e+1    6.6399738e-23
1.7863573230e+1    6.7290785e-23
1.7877178390e+1    7.1343570e-23
1.7890783550e+1    6.4596871e-23
1.7904388710e+1    6.4659459e-23
1.7917993870e+1    6.5409349e-23
1.7931599020e+1    6.2435074e-23
1.7945204180e+1    6.7040755e-23
1.7958809340e+1    6.7756385e-23
1.7972414500e+1    6.5692977e-23
1.7986019660e+1    6.7009407e-23
1.7999624820e+1    6.6432731e-23
1.8013229980e+1    6.6312021e-23
1.8026835130e+1    6.6146014e-23
1.8040440290e+1    6.5392485e-23
1.8054045450e+1    6.3211541e-23
1.8067650610e+1    6.6910628e-23
1.8081255770e+1    6.7291346e-23
1.8094860930e+1    6.7278615e-23
1.8108466090e+1    6.8280156e-23
1.8122071240e+1    6.9886632e-23
1.8135676400e+1    7.1839048e-23
1.8149281560e+1    7.1357446e-23
1.8162886720e+1    7.1823270e-23
1.8176491880e+1    7.1634585e-23
1.8190097040e+1    7.3855291e-23
1.8203702200e+1    7.1605749e-23
1.8217307350e+1    7.3218810e-23
1.8230912510e+1    7.0126534e-23
1.8244517670e+1    7.5137871e-23
1.8258122830e+1    7.4177893e-23
1.8271727990e+1    7.5253913e-23
1.8285333150e+1    7.3659214e-23
1.8298938310e+1    7.1467703e-23
1.8312543460e+1    6.9658598e-23
1.8326148620e+1    7.1257635e-23
1.8339753780e+1    7.0704211e-23
1.8353358940e+1    6.5900634e-23
1.8366964100e+1    6.6287796e-23
1.8380569260e+1    6.4243491e-23
1.8394174420e+1    6.7018219e-23
1.8407779570e+1    6.5297101e-23
1.8421384730e+1    6.4397908e-23
1.8434989890e+1    6.4840548e-23
1.8448595050e+1    6.2502490e-23
1.8462200210e+1    6.1306282e-23
1.8475805370e+1    6.2748521e-23
1.8489410530e+1    5.9477332e-23
1.8503015680e+1    6.3626211e-23
1.8516620840e+1    6.1618942e-23
1.8530226000e+1    5.8131033e-23
1.8543831160e+1    5.5149199e-23
1.8557436320e+1    5.9751692e-23
1.8571041480e+1    5.7028590e-23
1.8584646640e+1    5.5773943e-23
1.8598251790e+1    5.8994293e-23
1.8611856950e+1    5.3559633e-23
1.8625462110e+1    5.3915281e-23
1.8639067270e+1    5.2395085e-23
1.8652672430e+1    5.4433386e-23
1.8666277590e+1    5.4180219e-23
1.8679882750e+1    5.3988716e-23
1.8693487900e+1    5.2429246e-23
1.8707093060e+1    5.2220145e-23
1.8720698220e+1    5.3299377e-23
1.8734303380e+1    5.1432191e-23
1.8747908540e+1    5.0433881e-23
1.8761513700e+1    5.1605447e-23
1.8775118860e+1    5.3615696e-23
1.8788724020e+1    5.1218044e-23
1.8802329170e+1    5.0745175e-23
1.8815934330e+1    4.8878083e-23
1.8829539490e+1    4.9862336e-23
1.8843144650e+1    5.0504892e-23
1.8856749810e+1    4.9031022e-23
1.8870354970e+1    4.8802409e-23
1.8883960130e+1    4.7601587e-23
1.8897565280e+1    4.6339547e-23
1.8911170440e+1    4.7240409e-23
1.8924775600e+1    4.4591774e-23
1.8938380760e+1    4.4477423e-23
1.8951985920e+1    4.4070550e-23
1.8965591080e+1    4.3080281e-23
1.8979196240e+1    4.2185514e-23
1.8992801390e+1    4.2509303e-23
1.9006406550e+1    4.2639726e-23
1.9020011710e+1    4.3126334e-23
1.9033616870e+1    4.2737349e-23
1.9047222030e+1    4.2247895e-23
1.9060827190e+1    4.2060196e-23
1.9074432350e+1    4.2459287e-23
1.9088037500e+1    4.1409465e-23
1.9101642660e+1    4.2765011e-23
1.9115247820e+1    4.1653725e-23
1.9128852980e+1    4.2728133e-23
1.9142458140e+1    4.1160744e-23
1.9156063300e+1    4.0615204e-23
1.9169668460e+1    4.2001619e-23
1.9183273610e+1    4.2202094e-23
1.9196878770e+1    4.1697856e-23
1.9210483930e+1    4.2280679e-23
1.9224089090e+1    4.1716522e-23
1.9237694250e+1    4.1700958e-23
1.9251299410e+1    4.2367777e-23
1.9264904570e+1    4.0394417e-23
1.9278509720e+1    4.2619231e-23
1.9292114880e+1    4.1951933e-23
1.9305720040e+1    4.2642181e-23
1.9319325200e+1    4.3370440e-23
1.9332930360e+1    4.4322552e-23
1.9346535520e+1    4.2770693e-23
1.9360140680e+1    4.1906926e-23
1.9373745830e+1    4.2841045e-23
1.9387350990e+1    4.1086915e-23
1.9400956150e+1    3.9717455e-23
1.9414561310e+1    1.2708556e-22
1.9428166470e+1    3.9371979e-23
1.9441771630e+1    4.2934309e-23
1.9455376790e+1    4.2290411e-23
1.9468981940e+1    4.2871976e-23
1.9482587100e+1    4.3648060e-23
1.9496192260e+1    4.2759368e-23
1.9509797420e+1    4.1720617e-23
1.9523402580e+1    4.3433109e-23
1.9537007740e+1    4.0623584e-23
1.9550612900e+1    3.9865156e-23
1.9564218050e+1    3.9807721e-23
1.9577823210e+1    4.0149190e-23
1.9591428370e+1    4.0733758e-23
1.9999583130e+1    1.4834384e-22
2.4999478910e+1    1.1414485e-23
2.9999374690e+1    5.4860682e-24
3.4999270480e+1    3.2279794e-24
3.9999166260e+1    2.3532851e-24
4.4999062040e+1    1.8620098e-24
4.9998957820e+1    1.4334867e-24
5.4998853610e+1    1.1001843e-24
5.9998749390e+1    8.1209429e-25
6.4998645170e+1    5.9376736e-25
6.9998540950e+1    4.3207764e-25
7.4998436740e+1    3.2062615e-25
7.9998332520e+1    2.3173844e-25
8.4998228300e+1    1.7134099e-25
8.9998124080e+1    1.2903614e-25
9.4998019870e+1    9.7636930e-26
9.9997915650e+1    7.4663452e-26
1.0499781143e+2    5.7637729e-26
1.0999770721e+2    4.4902539e-26
1.1499760300e+2    3.5331773e-26
1.1999749878e+2    2.8007369e-26
1.2499739456e+2    2.2391162e-26
1.2999729034e+2    1.8027205e-26
1.3499718613e+2    1.4709121e-26
-----------------------------

