EXCITATION
N(2p3_2Po) -> N(2p2_3P_4s_2Pe)
 1.291800e+1
SPECIES: e / N(2p3_2Po)
PROCESS: E + N(2p3_2Po) -> E + N(2p2_3P_4s_2Pe), Excitation
PARAM.:  E = 12.918 eV
UPDATED: 2019-01-30 20:10:46
COLUMNS: Energy (eV) | Cross section (m2)
-----------------------------
1.2917851560e+1    0.0000000e+7
1.2924900660e+1    1.9008252e-23
1.2938505820e+1    2.9598115e-23
1.2952110980e+1    3.7105577e-23
1.2965716140e+1    4.0089037e-23
1.2979321300e+1    3.6205769e-23
1.2992926460e+1    3.4206778e-23
1.3006531610e+1    3.6173578e-23
1.3020136770e+1    4.0597815e-23
1.3033741930e+1    3.9996627e-23
1.3047347090e+1    4.3312616e-23
1.3060952250e+1    3.9176761e-23
1.3074557410e+1    4.0834702e-23
1.3088162570e+1    4.1580612e-23
1.3101767720e+1    4.5153526e-23
1.3115372880e+1    4.7220347e-23
1.3128978040e+1    4.8242721e-23
1.3142583200e+1    4.9548954e-23
1.3156188360e+1    4.8037526e-23
1.3169793520e+1    4.8539115e-23
1.3183398680e+1    4.9651896e-23
1.3197003830e+1    5.2937573e-23
1.3210608990e+1    5.4855949e-23
1.3224214150e+1    5.5503713e-23
1.3237819310e+1    5.2004832e-23
1.3251424470e+1    5.2455341e-23
1.3265029630e+1    4.8782380e-23
1.3278634790e+1    5.4729838e-23
1.3305845100e+1    5.6229511e-23
1.3319450260e+1    5.8201655e-23
1.3333055420e+1    5.9821155e-23
1.3346660580e+1    6.1722672e-23
1.3360265740e+1    6.3344444e-23
1.3373870900e+1    6.2895171e-23
1.3387476050e+1    6.6674696e-23
1.3401081210e+1    6.4727846e-23
1.3414686370e+1    6.4488603e-23
1.3428291530e+1    6.6114427e-23
1.3441896690e+1    6.5772888e-23
1.3455501850e+1    6.4648069e-23
1.3469107010e+1    6.3703957e-23
1.3482712160e+1    6.7230233e-23
1.3496317320e+1    6.3998859e-23
1.3509922480e+1    6.2632526e-23
1.3523527640e+1    5.9990395e-23
1.3537132800e+1    6.2158137e-23
1.3550737960e+1    6.0405920e-23
1.3564343120e+1    5.6754513e-23
1.3577948270e+1    5.6662561e-23
1.3591553430e+1    5.9666531e-23
1.3605158590e+1    7.5960059e-23
1.3618763750e+1    9.5437478e-23
1.3632368910e+1    7.5798374e-23
1.3645974070e+1    5.1007127e-23
1.3659579230e+1    4.4161222e-23
1.3673184380e+1    6.1919620e-23
1.3700394700e+1    6.8243930e-23
1.3713999860e+1    5.8220757e-23
1.3754815340e+1    5.6910858e-23
1.3768420490e+1    6.0561057e-23
1.3782025650e+1    6.0607262e-23
1.3795630810e+1    5.5246954e-23
1.3809235970e+1    5.4882837e-23
1.3822841130e+1    4.8293316e-23
1.3836446290e+1    5.8959678e-23
1.3850051450e+1    5.8609168e-23
1.3863656600e+1    6.1432397e-23
1.3877261760e+1    5.8411820e-23
1.3890866920e+1    5.8801595e-23
1.3904472080e+1    6.1621654e-23
1.3918077240e+1    6.4712719e-23
1.3931682400e+1    6.6634288e-23
1.3945287560e+1    6.7138741e-23
1.3958892720e+1    6.7624011e-23
1.3972497870e+1    6.7023807e-23
1.3986103030e+1    6.5809036e-23
1.3999708190e+1    6.9578307e-23
1.4013313350e+1    6.8903947e-23
1.4026918510e+1    7.2216583e-23
1.4040523670e+1    7.1228695e-23
1.4054128830e+1    7.0108920e-23
1.4067733980e+1    7.0832535e-23
1.4081339140e+1    7.1975666e-23
1.4094944300e+1    7.3956373e-23
1.4108549460e+1    7.3994594e-23
1.4122154620e+1    6.9235454e-23
1.4135759780e+1    6.6916514e-23
1.4149364940e+1    6.4497722e-23
1.4162970090e+1    6.5096374e-23
1.4176575250e+1    6.3626204e-23
1.4190180410e+1    6.1180417e-23
1.4203785570e+1    5.9832604e-23
1.4217390730e+1    5.7047613e-23
1.4230995890e+1    5.5938946e-23
1.4244601050e+1    5.5175707e-23
1.4258206200e+1    5.2171806e-23
1.4271811360e+1    5.0640225e-23
1.4285416520e+1    5.1992620e-23
1.4299021680e+1    5.4252936e-23
1.4312626840e+1    5.3683186e-23
1.4326232000e+1    5.4890507e-23
1.4339837160e+1    5.6908259e-23
1.4353442310e+1    5.9202698e-23
1.4367047470e+1    5.7412303e-23
1.4380652630e+1    6.1544802e-23
1.4394257790e+1    6.5751702e-23
1.4407862950e+1    6.2561959e-23
1.4421468110e+1    6.6621095e-23
1.4435073270e+1    6.5357841e-23
1.4448678420e+1    6.3311144e-23
1.4462283580e+1    6.4238186e-23
1.4475888740e+1    6.5326643e-23
1.4489493900e+1    6.7329149e-23
1.4503099060e+1    7.1850998e-23
1.4516704220e+1    7.5360539e-23
1.4530309380e+1    6.7796180e-23
1.4543914530e+1    6.6009668e-23
1.4557519690e+1    6.4426770e-23
1.4571124850e+1    6.3229201e-23
1.4584730010e+1    6.4578013e-23
1.4598335170e+1    6.1964602e-23
1.4611940330e+1    6.3139560e-23
1.4625545490e+1    6.9038180e-23
1.4639150640e+1    6.8870873e-23
1.4652755800e+1    6.8528295e-23
1.4666360960e+1    7.0369686e-23
1.4679966120e+1    6.5964127e-23
1.4693571280e+1    6.7633578e-23
1.4707176440e+1    6.6978453e-23
1.4720781600e+1    6.5113754e-23
1.4734386750e+1    6.6465676e-23
1.4747991910e+1    6.4445334e-23
1.4761597070e+1    6.2805908e-23
1.4775202230e+1    6.4208332e-23
1.4788807390e+1    6.3252294e-23
1.4802412550e+1    6.2365369e-23
1.4816017710e+1    6.5301591e-23
1.4829622860e+1    6.9084351e-23
1.4843228020e+1    6.9154733e-23
1.4856833180e+1    7.0737769e-23
1.4870438340e+1    7.1132402e-23
1.4884043500e+1    6.9289484e-23
1.4897648660e+1    6.7998206e-23
1.4911253820e+1    6.7265578e-23
1.4924858980e+1    6.6668809e-23
1.4938464130e+1    6.3678796e-23
1.4952069290e+1    6.7651235e-23
1.4965674450e+1    6.4720910e-23
1.4979279610e+1    6.7393663e-23
1.4992884770e+1    6.5853338e-23
1.5006489930e+1    6.6118932e-23
1.5020095090e+1    6.6067439e-23
1.5033700240e+1    6.7761352e-23
1.5047305400e+1    6.7279208e-23
1.5060910560e+1    6.6969300e-23
1.5074515720e+1    6.8768690e-23
1.5088120880e+1    6.7052916e-23
1.5101726040e+1    6.4308355e-23
1.5115331200e+1    6.2562132e-23
1.5128936350e+1    6.3109860e-23
1.5142541510e+1    6.3984089e-23
1.5156146670e+1    6.3334247e-23
1.5169751830e+1    6.3384990e-23
1.5183356990e+1    6.2280243e-23
1.5196962150e+1    6.1625553e-23
1.5210567310e+1    6.1733315e-23
1.5224172460e+1    6.1603727e-23
1.5237777620e+1    6.1403416e-23
1.5251382780e+1    6.2513283e-23
1.5264987940e+1    6.1702345e-23
1.5278593100e+1    6.3561823e-23
1.5292198260e+1    6.4115764e-23
1.5305803420e+1    6.2611320e-23
1.5319408570e+1    6.6234979e-23
1.5333013730e+1    6.7976603e-23
1.5346618890e+1    6.9389656e-23
1.5360224050e+1    6.9495865e-23
1.5373829210e+1    7.0981145e-23
1.5387434370e+1    7.1353310e-23
1.5401039530e+1    6.8857718e-23
1.5414644680e+1    6.8491913e-23
1.5428249840e+1    6.8375362e-23
1.5441855000e+1    6.8260572e-23
1.5455460160e+1    7.1033868e-23
1.5469065320e+1    6.8208864e-23
1.5482670480e+1    6.9682742e-23
1.5509880790e+1    6.6669154e-23
1.5523485950e+1    6.6364112e-23
1.5537091110e+1    6.7990813e-23
1.5550696270e+1    6.7037685e-23
1.5564301430e+1    6.6496976e-23
1.5577906590e+1    6.7897750e-23
1.5591511750e+1    6.5131633e-23
1.5605116900e+1    6.6285183e-23
1.5618722060e+1    6.5234729e-23
1.5632327220e+1    6.6280238e-23
1.5645932380e+1    6.7288486e-23
1.5659537540e+1    7.0007868e-23
1.5673142700e+1    7.0163437e-23
1.5686747860e+1    7.0744068e-23
1.5700353010e+1    7.2521120e-23
1.5713958170e+1    7.3287542e-23
1.5727563330e+1    7.1406258e-23
1.5741168490e+1    7.2637310e-23
1.5754773650e+1    7.2211568e-23
1.5768378810e+1    7.2628219e-23
1.5781983970e+1    7.2546611e-23
1.5795589120e+1    7.2209572e-23
1.5809194280e+1    6.9888286e-23
1.5822799440e+1    7.1311365e-23
1.5836404600e+1    7.3292156e-23
1.5850009760e+1    7.5271790e-23
1.5863614920e+1    7.4232543e-23
1.5877220080e+1    6.9737271e-23
1.5890825240e+1    6.7049790e-23
1.5904430390e+1    6.3657691e-23
1.5918035550e+1    6.6452957e-23
1.5931640710e+1    6.3866287e-23
1.5945245870e+1    6.4881876e-23
1.5958851030e+1    6.9336478e-23
1.5972456190e+1    7.2069072e-23
1.5986061350e+1    7.0897758e-23
1.5999666500e+1    7.0913299e-23
1.6013271660e+1    7.1085901e-23
1.6026876820e+1    7.0591738e-23
1.6040481980e+1    7.1068069e-23
1.6054087140e+1    7.2015283e-23
1.6067692300e+1    6.9913098e-23
1.6081297460e+1    6.9795244e-23
1.6094902610e+1    6.8988182e-23
1.6108507770e+1    6.6123943e-23
1.6122112930e+1    6.5648607e-23
1.6135718090e+1    6.6163474e-23
1.6149323250e+1    6.6207992e-23
1.6162928410e+1    6.7658295e-23
1.6176533570e+1    6.9294790e-23
1.6190138720e+1    6.9111717e-23
1.6203743880e+1    6.8803578e-23
1.6217349040e+1    7.0601339e-23
1.6230954200e+1    6.8525693e-23
1.6244559360e+1    7.0756144e-23
1.6258164520e+1    7.0265531e-23
1.6271769680e+1    6.8694512e-23
1.6285374830e+1    6.8600304e-23
1.6298979990e+1    6.9175151e-23
1.6312585150e+1    7.1143016e-23
1.6326190310e+1    7.2298037e-23
1.6339795470e+1    7.2849210e-23
1.6353400630e+1    7.2769566e-23
1.6367005790e+1    7.5564087e-23
1.6394216100e+1    7.8805614e-23
1.6407821260e+1    7.8224730e-23
1.6421426420e+1    7.9485447e-23
1.6435031580e+1    7.8085167e-23
1.6448636740e+1    7.7274399e-23
1.6462241900e+1    7.7721648e-23
1.6475847050e+1    7.7388346e-23
1.6489452210e+1    7.6865851e-23
1.6503057370e+1    8.0511172e-23
1.6516662530e+1    8.0835957e-23
1.6530267690e+1    7.8913601e-23
1.6543872850e+1    7.8570583e-23
1.6557478010e+1    7.5813686e-23
1.6571083160e+1    7.6105426e-23
1.6584688320e+1    7.6968701e-23
1.6598293480e+1    7.6918007e-23
1.6611898640e+1    7.5353395e-23
1.6625503800e+1    7.5659461e-23
1.6639108960e+1    7.8523042e-23
1.6652714120e+1    7.8329997e-23
1.6679924430e+1    7.3379187e-23
1.6693529590e+1    7.2665353e-23
1.6707134750e+1    7.3299058e-23
1.6720739910e+1    7.1145623e-23
1.6734345070e+1    7.3057409e-23
1.6747950230e+1    7.2707460e-23
1.6761555380e+1    7.4493435e-23
1.6775160540e+1    7.3742519e-23
1.6788765700e+1    7.1577439e-23
1.6802370860e+1    7.0743133e-23
1.6815976020e+1    7.5496817e-23
1.6829581180e+1    6.9917632e-23
1.6843186340e+1    7.0921621e-23
1.6856791500e+1    7.1633935e-23
1.6870396650e+1    7.3083296e-23
1.6884001810e+1    7.3052571e-23
1.6897606970e+1    7.1478486e-23
1.6911212130e+1    7.1842641e-23
1.6924817290e+1    7.1329799e-23
1.6938422450e+1    7.2679811e-23
1.6952027610e+1    7.0736995e-23
1.6965632760e+1    6.8363223e-23
1.6979237920e+1    6.9050467e-23
1.6992843080e+1    6.8779047e-23
1.7006448240e+1    6.9121427e-23
1.7020053400e+1    6.8578743e-23
1.7033658560e+1    6.8028513e-23
1.7047263720e+1    6.9341146e-23
1.7060868870e+1    7.0511962e-23
1.7074474030e+1    7.0480354e-23
1.7088079190e+1    7.1622336e-23
1.7101684350e+1    7.2000459e-23
1.7115289510e+1    7.0405599e-23
1.7128894670e+1    7.0601756e-23
1.7142499830e+1    7.0045051e-23
1.7156104980e+1    7.1376111e-23
1.7169710140e+1    7.3295574e-23
1.7183315300e+1    6.9779729e-23
1.7196920460e+1    6.9085639e-23
1.7210525620e+1    6.9175299e-23
1.7224130780e+1    6.7754094e-23
1.7237735940e+1    6.7674062e-23
1.7251341090e+1    6.7614680e-23
1.7264946250e+1    6.8574559e-23
1.7278551410e+1    6.6110343e-23
1.7292156570e+1    6.5908238e-23
1.7305761730e+1    6.7378803e-23
1.7319366890e+1    6.7058429e-23
1.7332972050e+1    6.6495587e-23
1.7346577200e+1    6.6971728e-23
1.7360182360e+1    6.6643568e-23
1.7373787520e+1    6.7865149e-23
1.7387392680e+1    6.7907689e-23
1.7400997840e+1    6.5743929e-23
1.7414603000e+1    6.6803444e-23
1.7428208160e+1    6.7435276e-23
1.7441813310e+1    6.7520079e-23
1.7455418470e+1    6.6083343e-23
1.7469023630e+1    6.7033557e-23
1.7482628790e+1    6.7710371e-23
1.7496233950e+1    6.8798270e-23
1.7509839110e+1    6.7542957e-23
1.7523444270e+1    6.7278834e-23
1.7537049420e+1    6.4788901e-23
1.7550654580e+1    6.6039745e-23
1.7564259740e+1    6.5685005e-23
1.7577864900e+1    6.6173718e-23
1.7591470060e+1    6.6619176e-23
1.7605075220e+1    6.7491714e-23
1.7618680380e+1    6.8505560e-23
1.7632285530e+1    6.6828139e-23
1.7645890690e+1    6.7804335e-23
1.7659495850e+1    6.8473495e-23
1.7673101010e+1    6.8458655e-23
1.7686706170e+1    6.9554757e-23
1.7700311330e+1    6.9874938e-23
1.7713916490e+1    7.0731970e-23
1.7727521640e+1    7.0240088e-23
1.7741126800e+1    7.1636328e-23
1.7754731960e+1    7.1582692e-23
1.7768337120e+1    7.2390180e-23
1.7781942280e+1    7.1751759e-23
1.7795547440e+1    7.1212953e-23
1.7809152600e+1    7.2125919e-23
1.7822757760e+1    7.1297015e-23
1.7836362910e+1    6.9346772e-23
1.7849968070e+1    6.9948614e-23
1.7863573230e+1    6.9943894e-23
1.7877178390e+1    6.9742135e-23
1.7890783550e+1    7.0892125e-23
1.7904388710e+1    7.1764310e-23
1.7917993870e+1    7.1817233e-23
1.7931599020e+1    7.1270574e-23
1.7945204180e+1    7.3121897e-23
1.7958809340e+1    7.1271830e-23
1.7972414500e+1    7.0959991e-23
1.7986019660e+1    7.0639707e-23
1.7999624820e+1    7.0876778e-23
1.8013229980e+1    7.1241114e-23
1.8026835130e+1    7.1556472e-23
1.8040440290e+1    7.2784171e-23
1.8054045450e+1    7.3347455e-23
1.8067650610e+1    7.2809419e-23
1.8081255770e+1    7.3095191e-23
1.8094860930e+1    7.3837851e-23
1.8108466090e+1    7.3732283e-23
1.8122071240e+1    7.3257180e-23
1.8135676400e+1    7.2803161e-23
1.8149281560e+1    7.0763557e-23
1.8162886720e+1    7.1644253e-23
1.8176491880e+1    7.2106521e-23
1.8190097040e+1    7.1959593e-23
1.8203702200e+1    7.1505528e-23
1.8217307350e+1    7.2156317e-23
1.8230912510e+1    7.3196194e-23
1.8244517670e+1    7.2620801e-23
1.8258122830e+1    7.3080355e-23
1.8271727990e+1    7.2134533e-23
1.8285333150e+1    7.1045163e-23
1.8298938310e+1    6.9757194e-23
1.8312543460e+1    6.8156975e-23
1.8326148620e+1    6.8721516e-23
1.8339753780e+1    6.8076384e-23
1.8353358940e+1    6.8037816e-23
1.8366964100e+1    6.8371992e-23
1.8380569260e+1    6.7262978e-23
1.8394174420e+1    6.7085039e-23
1.8407779570e+1    6.7427751e-23
1.8421384730e+1    6.6877268e-23
1.8434989890e+1    6.6959970e-23
1.8448595050e+1    6.7359279e-23
1.8462200210e+1    6.7196421e-23
1.8475805370e+1    6.7533429e-23
1.8489410530e+1    6.6904975e-23
1.8503015680e+1    6.7106363e-23
1.8516620840e+1    6.7125552e-23
1.8530226000e+1    6.6841095e-23
1.8543831160e+1    6.6211252e-23
1.8557436320e+1    6.7174936e-23
1.8571041480e+1    6.6982726e-23
1.8584646640e+1    6.6354354e-23
1.8598251790e+1    6.8068926e-23
1.8611856950e+1    6.7823704e-23
1.8625462110e+1    6.7210512e-23
1.8639067270e+1    6.8296767e-23
1.8652672430e+1    6.7276261e-23
1.8666277590e+1    6.7744845e-23
1.8679882750e+1    6.7107694e-23
1.8693487900e+1    6.5424454e-23
1.8707093060e+1    7.2098557e-23
1.8720698220e+1    6.7264087e-23
1.8734303380e+1    6.5695434e-23
1.8747908540e+1    6.7983215e-23
1.8761513700e+1    6.6500375e-23
1.8775118860e+1    6.7797311e-23
1.8788724020e+1    6.5692833e-23
1.8802329170e+1    6.6654551e-23
1.8815934330e+1    6.7042958e-23
1.8829539490e+1    6.6778197e-23
1.8843144650e+1    6.7399439e-23
1.8856749810e+1    6.7083912e-23
1.8870354970e+1    6.6284879e-23
1.8883960130e+1    6.6807466e-23
1.8897565280e+1    6.6365183e-23
1.8911170440e+1    6.5952890e-23
1.8924775600e+1    6.5767492e-23
1.8938380760e+1    6.4845186e-23
1.8951985920e+1    6.4817439e-23
1.8965591080e+1    6.3868754e-23
1.8979196240e+1    6.5440573e-23
1.8992801390e+1    6.4079726e-23
1.9006406550e+1    6.4460716e-23
1.9020011710e+1    6.5261627e-23
1.9033616870e+1    6.3461546e-23
1.9047222030e+1    6.3251468e-23
1.9060827190e+1    6.3469809e-23
1.9074432350e+1    6.3974237e-23
1.9088037500e+1    6.3687752e-23
1.9101642660e+1    6.4222066e-23
1.9115247820e+1    6.3439797e-23
1.9128852980e+1    6.4811948e-23
1.9142458140e+1    6.4625285e-23
1.9156063300e+1    6.4615768e-23
1.9169668460e+1    6.4375761e-23
1.9183273610e+1    6.4356344e-23
1.9196878770e+1    6.4850826e-23
1.9210483930e+1    6.4494251e-23
1.9224089090e+1    6.5871531e-23
1.9237694250e+1    6.6002274e-23
1.9251299410e+1    6.6951412e-23
1.9264904570e+1    6.6594218e-23
1.9278509720e+1    6.6049011e-23
1.9292114880e+1    6.5713477e-23
1.9305720040e+1    6.6982059e-23
1.9319325200e+1    6.6966611e-23
1.9332930360e+1    6.6537214e-23
1.9346535520e+1    6.6808942e-23
1.9360140680e+1    6.7976330e-23
1.9373745830e+1    6.7666531e-23
1.9387350990e+1    6.6999162e-23
1.9400956150e+1    6.7713086e-23
1.9414561310e+1    9.2075850e-23
1.9428166470e+1    6.8350051e-23
1.9441771630e+1    6.9412810e-23
1.9455376790e+1    6.8651504e-23
1.9468981940e+1    6.8663814e-23
1.9482587100e+1    6.8609010e-23
1.9496192260e+1    6.9287277e-23
1.9509797420e+1    7.0026491e-23
1.9523402580e+1    6.9292271e-23
1.9537007740e+1    6.8882023e-23
1.9550612900e+1    6.9420800e-23
1.9564218050e+1    6.9259049e-23
1.9577823210e+1    6.8913987e-23
1.9591428370e+1    6.8260686e-23
1.9999583130e+1    6.5213095e-23
2.4999478910e+1    5.6348343e-23
2.9999374690e+1    5.2842135e-23
3.4999270480e+1    4.8288077e-23
3.9999166260e+1    4.2036395e-23
4.4999062040e+1    3.9379351e-23
4.9998957820e+1    3.7397604e-23
5.4998853610e+1    3.6606471e-23
5.9998749390e+1    3.5922366e-23
6.4998645170e+1    3.5865801e-23
6.9998540950e+1    3.5212463e-23
7.4998436740e+1    3.4461079e-23
7.9998332520e+1    3.3605068e-23
8.4998228300e+1    3.2727441e-23
8.9998124080e+1    3.1871820e-23
9.4998019870e+1    3.1006762e-23
9.9997915650e+1    3.0164165e-23
1.0499781143e+2    2.9347268e-23
1.0999770721e+2    2.8544703e-23
1.1499760300e+2    2.7773670e-23
1.1999749878e+2    2.7027616e-23
1.2499739456e+2    2.6297482e-23
1.2999729034e+2    2.5591562e-23
1.3499718613e+2    2.4906616e-23
-----------------------------

