EXCITATION
N(2p2_3P_3d_4Pe) -> N(2p2_3P_4p_2So)
 1.319300e+1
SPECIES: e / N(2p2_3P_3d_4Pe)
PROCESS: E + N(2p2_3P_3d_4Pe) -> E + N(2p2_3P_4p_2So), Excitation
PARAM.:  E = 13.193 eV
UPDATED: 2019-01-30 20:10:48
COLUMNS: Energy (eV) | Cross section (m2)
-----------------------------
1.3193039560e+1    0.0000000e+7
1.3197003830e+1    3.7972070e-21
1.3210608990e+1    8.2247759e-21
1.3224214150e+1    9.8991457e-21
1.3237819310e+1    1.2803116e-20
1.3251424470e+1    1.4937036e-20
1.3265029630e+1    1.6529944e-20
1.3278634790e+1    1.9895033e-20
1.3305845100e+1    1.5979211e-20
1.3319450260e+1    1.6586099e-20
1.3333055420e+1    2.1771031e-20
1.3346660580e+1    2.1449074e-20
1.3360265740e+1    1.8279156e-20
1.3373870900e+1    1.6726448e-20
1.3387476050e+1    1.0713457e-20
1.3401081210e+1    9.5640825e-21
1.3414686370e+1    1.1303534e-20
1.3428291530e+1    9.4820352e-21
1.3441896690e+1    8.5450602e-21
1.3455501850e+1    8.8078665e-21
1.3469107010e+1    7.6981115e-21
1.3482712160e+1    8.0355505e-21
1.3496317320e+1    8.0105637e-21
1.3509922480e+1    6.2957566e-21
1.3523527640e+1    5.2593009e-21
1.3537132800e+1    5.1902602e-21
1.3550737960e+1    5.0126933e-21
1.3564343120e+1    4.7168913e-21
1.3577948270e+1    4.4664493e-21
1.3591553430e+1    4.3506554e-21
1.3605158590e+1    4.3807955e-21
1.3618763750e+1    5.1516512e-21
1.3632368910e+1    5.6944991e-21
1.3645974070e+1    5.6728321e-21
1.3659579230e+1    6.0678090e-21
1.3673184380e+1    6.1393346e-21
1.3700394700e+1    3.0356619e-21
1.3713999860e+1    3.5260442e-21
1.3754815340e+1    5.0907718e-21
1.3768420490e+1    4.7025116e-21
1.3782025650e+1    5.3045491e-21
1.3795630810e+1    8.3542266e-21
1.3809235970e+1    7.6816082e-21
1.3822841130e+1    6.9391767e-21
1.3836446290e+1    7.2642946e-21
1.3850051450e+1    8.4200843e-21
1.3863656600e+1    8.3627884e-21
1.3877261760e+1    8.4139030e-21
1.3890866920e+1    8.6026682e-21
1.3904472080e+1    7.3595360e-21
1.3918077240e+1    6.5782044e-21
1.3931682400e+1    7.7096947e-21
1.3945287560e+1    6.9685871e-21
1.3958892720e+1    6.4056452e-21
1.3972497870e+1    5.9436858e-21
1.3986103030e+1    5.3198991e-21
1.3999708190e+1    4.7989375e-21
1.4013313350e+1    4.6397874e-21
1.4026918510e+1    4.7447328e-21
1.4040523670e+1    4.6082148e-21
1.4054128830e+1    4.4014742e-21
1.4067733980e+1    4.6301449e-21
1.4081339140e+1    4.9918052e-21
1.4094944300e+1    5.1687983e-21
1.4108549460e+1    5.3341541e-21
1.4122154620e+1    5.3131947e-21
1.4135759780e+1    5.8417460e-21
1.4149364940e+1    5.7803869e-21
1.4162970090e+1    6.0314249e-21
1.4176575250e+1    5.8287419e-21
1.4190180410e+1    5.7877648e-21
1.4203785570e+1    5.3627990e-21
1.4217390730e+1    5.4058300e-21
1.4230995890e+1    5.7864774e-21
1.4244601050e+1    5.8193276e-21
1.4258206200e+1    5.9601370e-21
1.4271811360e+1    6.0197030e-21
1.4285416520e+1    6.0645370e-21
1.4299021680e+1    6.0722491e-21
1.4312626840e+1    5.7992482e-21
1.4326232000e+1    5.4598521e-21
1.4339837160e+1    4.9414281e-21
1.4353442310e+1    5.3875052e-21
1.4367047470e+1    6.0446775e-21
1.4380652630e+1    6.2588976e-21
1.4394257790e+1    6.4746293e-21
1.4407862950e+1    6.6602886e-21
1.4421468110e+1    6.4621431e-21
1.4435073270e+1    6.1488268e-21
1.4448678420e+1    6.3613294e-21
1.4462283580e+1    6.5463487e-21
1.4475888740e+1    6.3647868e-21
1.4489493900e+1    6.1274575e-21
1.4503099060e+1    6.4078285e-21
1.4516704220e+1    6.6029125e-21
1.4530309380e+1    5.7085926e-21
1.4543914530e+1    5.1647574e-21
1.4557519690e+1    4.5808125e-21
1.4571124850e+1    4.7534967e-21
1.4584730010e+1    5.0480505e-21
1.4598335170e+1    5.1737097e-21
1.4611940330e+1    4.7803101e-21
1.4625545490e+1    4.3578693e-21
1.4639150640e+1    4.4606694e-21
1.4652755800e+1    4.6041156e-21
1.4666360960e+1    4.6316064e-21
1.4679966120e+1    4.7319335e-21
1.4693571280e+1    4.8086127e-21
1.4707176440e+1    4.8457108e-21
1.4720781600e+1    4.8581287e-21
1.4734386750e+1    4.6755022e-21
1.4747991910e+1    4.5465377e-21
1.4761597070e+1    4.9295011e-21
1.4775202230e+1    4.9092920e-21
1.4788807390e+1    4.7845006e-21
1.4802412550e+1    4.7322288e-21
1.4816017710e+1    4.7249178e-21
1.4829622860e+1    4.9941881e-21
1.4843228020e+1    4.8143881e-21
1.4856833180e+1    4.8639635e-21
1.4870438340e+1    4.8269370e-21
1.4884043500e+1    4.8877310e-21
1.4897648660e+1    4.6193365e-21
1.4911253820e+1    4.6621111e-21
1.4924858980e+1    4.8531337e-21
1.4938464130e+1    5.1884587e-21
1.4952069290e+1    5.1534709e-21
1.4965674450e+1    4.9308827e-21
1.4979279610e+1    4.6311257e-21
1.4992884770e+1    4.4929449e-21
1.5006489930e+1    4.2206845e-21
1.5020095090e+1    4.2694778e-21
1.5033700240e+1    4.0561304e-21
1.5047305400e+1    3.9300571e-21
1.5060910560e+1    4.3059711e-21
1.5074515720e+1    4.2605609e-21
1.5088120880e+1    4.1659032e-21
1.5101726040e+1    3.9903588e-21
1.5115331200e+1    4.1622854e-21
1.5128936350e+1    4.3579933e-21
1.5142541510e+1    4.1114897e-21
1.5156146670e+1    3.8603162e-21
1.5169751830e+1    3.7322906e-21
1.5183356990e+1    3.6532723e-21
1.5196962150e+1    3.8000890e-21
1.5210567310e+1    3.7519966e-21
1.5224172460e+1    3.7099697e-21
1.5237777620e+1    3.7499215e-21
1.5251382780e+1    3.7915549e-21
1.5264987940e+1    3.6996355e-21
1.5278593100e+1    3.3883436e-21
1.5292198260e+1    3.3334327e-21
1.5305803420e+1    3.3092651e-21
1.5319408570e+1    3.3226986e-21
1.5333013730e+1    3.2171722e-21
1.5346618890e+1    3.3572630e-21
1.5360224050e+1    3.3226432e-21
1.5373829210e+1    3.2740328e-21
1.5387434370e+1    3.3267019e-21
1.5401039530e+1    3.3108010e-21
1.5414644680e+1    3.2338959e-21
1.5428249840e+1    3.1117674e-21
1.5441855000e+1    2.9815830e-21
1.5455460160e+1    3.0497307e-21
1.5469065320e+1    2.9464492e-21
1.5482670480e+1    3.0498539e-21
1.5509880790e+1    2.8971955e-21
1.5523485950e+1    2.9906761e-21
1.5537091110e+1    2.9036617e-21
1.5550696270e+1    3.1032171e-21
1.5564301430e+1    3.1065346e-21
1.5577906590e+1    3.0072830e-21
1.5591511750e+1    2.9713770e-21
1.5605116900e+1    3.1050343e-21
1.5618722060e+1    3.0399566e-21
1.5632327220e+1    3.0854107e-21
1.5645932380e+1    3.0669526e-21
1.5659537540e+1    3.0342422e-21
1.5673142700e+1    2.9626676e-21
1.5686747860e+1    2.9934261e-21
1.5700353010e+1    2.9914902e-21
1.5713958170e+1    2.8683884e-21
1.5727563330e+1    2.9055456e-21
1.5741168490e+1    2.9381955e-21
1.5754773650e+1    2.9165574e-21
1.5768378810e+1    2.7344297e-21
1.5781983970e+1    2.7619846e-21
1.5795589120e+1    2.7673482e-21
1.5809194280e+1    2.8454870e-21
1.5822799440e+1    2.8155297e-21
1.5836404600e+1    2.7550777e-21
1.5850009760e+1    2.7037828e-21
1.5863614920e+1    2.6657645e-21
1.5877220080e+1    2.6796516e-21
1.5890825240e+1    2.6400668e-21
1.5904430390e+1    2.5371593e-21
1.5918035550e+1    2.5813743e-21
1.5931640710e+1    2.5757552e-21
1.5945245870e+1    2.5448668e-21
1.5958851030e+1    2.5892505e-21
1.5972456190e+1    2.6369258e-21
1.5986061350e+1    2.3380763e-21
1.5999666500e+1    2.4628344e-21
1.6013271660e+1    2.3016046e-21
1.6026876820e+1    2.4224246e-21
1.6040481980e+1    2.3770879e-21
1.6054087140e+1    2.2638558e-21
1.6067692300e+1    2.2620907e-21
1.6081297460e+1    2.1799562e-21
1.6094902610e+1    2.1350644e-21
1.6108507770e+1    2.1878415e-21
1.6122112930e+1    2.1447408e-21
1.6135718090e+1    2.1418971e-21
1.6149323250e+1    2.1129546e-21
1.6162928410e+1    2.1179804e-21
1.6176533570e+1    2.1716690e-21
1.6190138720e+1    2.1877092e-21
1.6203743880e+1    2.0932883e-21
1.6217349040e+1    2.0137989e-21
1.6230954200e+1    2.0275620e-21
1.6244559360e+1    1.9969422e-21
1.6258164520e+1    2.0100202e-21
1.6271769680e+1    1.9833381e-21
1.6285374830e+1    2.0136292e-21
1.6298979990e+1    2.0613676e-21
1.6312585150e+1    1.9318173e-21
1.6326190310e+1    1.9630484e-21
1.6339795470e+1    1.9395340e-21
1.6353400630e+1    1.8797669e-21
1.6367005790e+1    1.8644785e-21
1.6394216100e+1    1.7935880e-21
1.6407821260e+1    1.8344965e-21
1.6421426420e+1    1.8168063e-21
1.6435031580e+1    1.8097712e-21
1.6448636740e+1    1.7771199e-21
1.6462241900e+1    1.7628195e-21
1.6475847050e+1    1.7445450e-21
1.6489452210e+1    1.7041952e-21
1.6503057370e+1    1.6974879e-21
1.6516662530e+1    1.6756267e-21
1.6530267690e+1    1.6718910e-21
1.6543872850e+1    1.6886170e-21
1.6557478010e+1    1.7169712e-21
1.6571083160e+1    1.6871984e-21
1.6584688320e+1    1.6579591e-21
1.6598293480e+1    1.7212105e-21
1.6611898640e+1    1.7452760e-21
1.6625503800e+1    1.7454587e-21
1.6639108960e+1    1.7742109e-21
1.6652714120e+1    1.7962380e-21
1.6679924430e+1    1.7932123e-21
1.6693529590e+1    1.7997072e-21
1.6707134750e+1    1.7783377e-21
1.6720739910e+1    1.7704202e-21
1.6734345070e+1    1.7459725e-21
1.6747950230e+1    1.6787481e-21
1.6761555380e+1    1.7507182e-21
1.6775160540e+1    1.7485783e-21
1.6788765700e+1    1.7595840e-21
1.6802370860e+1    1.6930230e-21
1.6815976020e+1    1.7046954e-21
1.6829581180e+1    1.7029273e-21
1.6843186340e+1    1.6487785e-21
1.6856791500e+1    1.6427428e-21
1.6870396650e+1    1.6629823e-21
1.6884001810e+1    1.6815863e-21
1.6897606970e+1    1.6924786e-21
1.6911212130e+1    1.7235308e-21
1.6924817290e+1    1.6650513e-21
1.6938422450e+1    1.6619677e-21
1.6952027610e+1    1.7273006e-21
1.6965632760e+1    1.6902203e-21
1.6979237920e+1    1.6816303e-21
1.6992843080e+1    1.6993828e-21
1.7006448240e+1    1.7153580e-21
1.7020053400e+1    1.7325295e-21
1.7033658560e+1    1.7089885e-21
1.7047263720e+1    1.6941497e-21
1.7060868870e+1    1.6767226e-21
1.7074474030e+1    1.6722355e-21
1.7088079190e+1    1.6607353e-21
1.7101684350e+1    1.7094779e-21
1.7115289510e+1    1.6464437e-21
1.7128894670e+1    1.6507649e-21
1.7142499830e+1    1.6706066e-21
1.7156104980e+1    1.6189161e-21
1.7169710140e+1    1.5875502e-21
1.7183315300e+1    1.5596803e-21
1.7196920460e+1    1.5520951e-21
1.7210525620e+1    1.5246698e-21
1.7224130780e+1    1.4812221e-21
1.7237735940e+1    1.5014563e-21
1.7251341090e+1    1.4720976e-21
1.7264946250e+1    1.4652291e-21
1.7278551410e+1    1.4445634e-21
1.7292156570e+1    1.3985168e-21
1.7305761730e+1    1.4009824e-21
1.7319366890e+1    1.4054000e-21
1.7332972050e+1    1.3579657e-21
1.7346577200e+1    1.3117519e-21
1.7360182360e+1    1.3300810e-21
1.7373787520e+1    1.3036845e-21
1.7387392680e+1    1.2914998e-21
1.7400997840e+1    1.3049644e-21
1.7414603000e+1    1.2486588e-21
1.7428208160e+1    1.2596936e-21
1.7441813310e+1    1.2639603e-21
1.7455418470e+1    1.2428445e-21
1.7469023630e+1    1.2661448e-21
1.7482628790e+1    1.3006760e-21
1.7496233950e+1    1.2848816e-21
1.7509839110e+1    1.2822811e-21
1.7523444270e+1    1.2584778e-21
1.7537049420e+1    1.2445517e-21
1.7550654580e+1    1.2217621e-21
1.7564259740e+1    1.2520209e-21
1.7577864900e+1    1.2482222e-21
1.7591470060e+1    1.2697449e-21
1.7605075220e+1    1.2666310e-21
1.7618680380e+1    1.2450677e-21
1.7632285530e+1    1.2193343e-21
1.7645890690e+1    1.2203706e-21
1.7659495850e+1    1.2029876e-21
1.7673101010e+1    1.1970804e-21
1.7686706170e+1    1.1653216e-21
1.7700311330e+1    1.1959599e-21
1.7713916490e+1    1.1781263e-21
1.7727521640e+1    1.1798086e-21
1.7741126800e+1    1.1801572e-21
1.7754731960e+1    1.1764418e-21
1.7768337120e+1    1.1716425e-21
1.7781942280e+1    1.1953467e-21
1.7795547440e+1    1.1678991e-21
1.7809152600e+1    1.1601773e-21
1.7822757760e+1    1.1462550e-21
1.7836362910e+1    1.1490828e-21
1.7849968070e+1    1.1490943e-21
1.7863573230e+1    1.1466345e-21
1.7877178390e+1    1.1325102e-21
1.7890783550e+1    1.0982390e-21
1.7904388710e+1    1.0826311e-21
1.7917993870e+1    1.0814375e-21
1.7931599020e+1    1.0426415e-21
1.7945204180e+1    1.0681736e-21
1.7958809340e+1    1.0583187e-21
1.7972414500e+1    1.0398220e-21
1.7986019660e+1    1.0044776e-21
1.7999624820e+1    1.0058717e-21
1.8013229980e+1    1.0144492e-21
1.8026835130e+1    1.0174778e-21
1.8040440290e+1    1.0139289e-21
1.8054045450e+1    1.0171266e-21
1.8067650610e+1    1.0198228e-21
1.8081255770e+1    1.0036068e-21
1.8094860930e+1    1.0029047e-21
1.8108466090e+1    1.0013885e-21
1.8122071240e+1    9.9354630e-22
1.8135676400e+1    9.6230486e-22
1.8149281560e+1    9.5249943e-22
1.8162886720e+1    9.6946042e-22
1.8176491880e+1    9.6075313e-22
1.8190097040e+1    9.2692308e-22
1.8203702200e+1    9.2253929e-22
1.8217307350e+1    9.4279675e-22
1.8230912510e+1    9.3878925e-22
1.8244517670e+1    9.2731271e-22
1.8258122830e+1    9.2757050e-22
1.8271727990e+1    9.2083368e-22
1.8285333150e+1    9.1608770e-22
1.8298938310e+1    9.3048638e-22
1.8312543460e+1    8.8506488e-22
1.8326148620e+1    9.0147762e-22
1.8339753780e+1    8.8585542e-22
1.8353358940e+1    8.6658150e-22
1.8366964100e+1    8.7267457e-22
1.8380569260e+1    8.6106822e-22
1.8394174420e+1    8.7267534e-22
1.8407779570e+1    8.6490443e-22
1.8421384730e+1    8.5876825e-22
1.8434989890e+1    8.4426617e-22
1.8448595050e+1    8.4639735e-22
1.8462200210e+1    8.2563025e-22
1.8475805370e+1    8.1624373e-22
1.8489410530e+1    8.0653711e-22
1.8503015680e+1    8.1745313e-22
1.8516620840e+1    7.9304163e-22
1.8530226000e+1    8.1345520e-22
1.8543831160e+1    7.8808753e-22
1.8557436320e+1    7.8959321e-22
1.8571041480e+1    7.9443921e-22
1.8584646640e+1    7.7276674e-22
1.8598251790e+1    7.2886747e-22
1.8611856950e+1    7.6114881e-22
1.8625462110e+1    7.4026397e-22
1.8639067270e+1    7.6159298e-22
1.8652672430e+1    7.6996077e-22
1.8666277590e+1    7.8799456e-22
1.8679882750e+1    7.5552649e-22
1.8693487900e+1    7.6177112e-22
1.8707093060e+1    7.5100609e-22
1.8720698220e+1    7.2013593e-22
1.8734303380e+1    7.2787728e-22
1.8747908540e+1    7.3799137e-22
1.8761513700e+1    7.3086017e-22
1.8775118860e+1    7.2185104e-22
1.8788724020e+1    7.1711979e-22
1.8802329170e+1    7.1402804e-22
1.8815934330e+1    6.9894687e-22
1.8829539490e+1    7.0835125e-22
1.8843144650e+1    6.9813097e-22
1.8856749810e+1    7.0762172e-22
1.8870354970e+1    7.0721903e-22
1.8883960130e+1    6.9634986e-22
1.8897565280e+1    7.0757301e-22
1.8911170440e+1    6.5997646e-22
1.8924775600e+1    6.6377571e-22
1.8938380760e+1    6.5826443e-22
1.8951985920e+1    6.5492931e-22
1.8965591080e+1    6.5643131e-22
1.8979196240e+1    6.3223252e-22
1.8992801390e+1    6.4294057e-22
1.9006406550e+1    6.5850790e-22
1.9020011710e+1    6.3062603e-22
1.9033616870e+1    6.3841089e-22
1.9047222030e+1    6.2307276e-22
1.9060827190e+1    6.1662915e-22
1.9074432350e+1    6.0677994e-22
1.9088037500e+1    6.0251838e-22
1.9101642660e+1    6.1440901e-22
1.9115247820e+1    6.1182363e-22
1.9128852980e+1    6.1027700e-22
1.9142458140e+1    5.9884285e-22
1.9156063300e+1    5.7906656e-22
1.9169668460e+1    5.9665632e-22
1.9183273610e+1    5.8740247e-22
1.9196878770e+1    5.7981333e-22
1.9210483930e+1    5.8009532e-22
1.9224089090e+1    5.6829554e-22
1.9237694250e+1    5.6595069e-22
1.9251299410e+1    5.6743605e-22
1.9264904570e+1    5.7432994e-22
1.9278509720e+1    5.6308036e-22
1.9292114880e+1    5.6329900e-22
1.9305720040e+1    5.6345669e-22
1.9319325200e+1    5.6124561e-22
1.9332930360e+1    5.5591083e-22
1.9346535520e+1    5.5338902e-22
1.9360140680e+1    5.5489735e-22
1.9373745830e+1    5.5356365e-22
1.9387350990e+1    5.5806693e-22
1.9400956150e+1    5.6895833e-22
1.9414561310e+1    5.3931935e-21
1.9428166470e+1    5.4537222e-22
1.9441771630e+1    5.3595995e-22
1.9455376790e+1    5.4003844e-22
1.9468981940e+1    5.3612276e-22
1.9482587100e+1    5.0639156e-22
1.9496192260e+1    5.2460761e-22
1.9509797420e+1    5.3063255e-22
1.9523402580e+1    5.2845092e-22
1.9537007740e+1    5.2977276e-22
1.9550612900e+1    5.3373657e-22
1.9564218050e+1    5.2397171e-22
1.9577823210e+1    5.2537769e-22
1.9591428370e+1    5.3152295e-22
1.9999583130e+1    1.5252940e-20
2.4999478910e+1    9.0225247e-23
2.9999374690e+1    3.4261070e-23
3.4999270480e+1    1.9739731e-23
3.9999166260e+1    1.1629411e-23
4.4999062040e+1    7.2337305e-24
4.9998957820e+1    5.1791932e-24
5.4998853610e+1    3.8605340e-24
5.9998749390e+1    3.0132749e-24
6.4998645170e+1    2.3410794e-24
6.9998540950e+1    1.8463287e-24
7.4998436740e+1    1.4458349e-24
7.9998332520e+1    1.1696846e-24
8.4998228300e+1    9.4764432e-25
8.9998124080e+1    7.6520222e-25
9.4998019870e+1    6.1636079e-25
9.9997915650e+1    5.0596635e-25
1.0499781143e+2    4.1326799e-25
1.0999770721e+2    3.4236679e-25
1.1499760300e+2    2.8533170e-25
1.1999749878e+2    2.3739174e-25
1.2499739456e+2    1.9985107e-25
1.2999729034e+2    1.6899780e-25
1.3499718613e+2    1.4196748e-25
-----------------------------

