EXCITATION
N(2p2_3P_4p_4Do) -> N(2p2_3P_4p_2Do)
 1.329200e+1
SPECIES: e / N(2p2_3P_4p_4Do)
PROCESS: E + N(2p2_3P_4p_4Do) -> E + N(2p2_3P_4p_2Do), Excitation
PARAM.:  E = 13.292 eV
UPDATED: 2019-01-30 20:10:49
COLUMNS: Energy (eV) | Cross section (m2)
-----------------------------
1.3292105800e+1    0.0000000e+7
1.3305845100e+1    1.1499598e-19
1.3319450260e+1    1.4853616e-19
1.3333055420e+1    2.6906955e-19
1.3346660580e+1    2.5291106e-19
1.3360265740e+1    2.3479460e-19
1.3373870900e+1    2.1995342e-19
1.3387476050e+1    2.3888335e-19
1.3401081210e+1    2.3541008e-19
1.3414686370e+1    2.2640948e-19
1.3428291530e+1    2.1480706e-19
1.3441896690e+1    2.1852552e-19
1.3455501850e+1    2.0868222e-19
1.3469107010e+1    1.9515723e-19
1.3482712160e+1    2.3746320e-19
1.3496317320e+1    1.8665395e-19
1.3509922480e+1    1.9940212e-19
1.3523527640e+1    2.0687088e-19
1.3537132800e+1    1.9606571e-19
1.3550737960e+1    1.9110240e-19
1.3564343120e+1    1.8505939e-19
1.3577948270e+1    1.7947967e-19
1.3591553430e+1    1.7440048e-19
1.3605158590e+1    1.7208619e-19
1.3618763750e+1    1.5509467e-19
1.3632368910e+1    1.4952358e-19
1.3645974070e+1    1.4289041e-19
1.3659579230e+1    1.4651118e-19
1.3673184380e+1    1.6301355e-19
1.3700394700e+1    1.5059119e-19
1.3713999860e+1    1.5173892e-19
1.3754815340e+1    1.7974901e-19
1.3768420490e+1    1.6368155e-19
1.3782025650e+1    1.5627545e-19
1.3795630810e+1    1.2525058e-19
1.3809235970e+1    1.2066921e-19
1.3822841130e+1    1.2365502e-19
1.3836446290e+1    1.2343751e-19
1.3850051450e+1    1.1337711e-19
1.3863656600e+1    8.4555768e-20
1.3877261760e+1    8.5011394e-20
1.3890866920e+1    8.6179246e-20
1.3904472080e+1    8.0657555e-20
1.3918077240e+1    8.3666302e-20
1.3931682400e+1    7.9145789e-20
1.3945287560e+1    7.2174644e-20
1.3958892720e+1    6.5842960e-20
1.3972497870e+1    6.0029917e-20
1.3986103030e+1    6.8260619e-20
1.3999708190e+1    6.8644734e-20
1.4013313350e+1    6.9587122e-20
1.4026918510e+1    7.2683189e-20
1.4040523670e+1    6.8691204e-20
1.4054128830e+1    6.5555164e-20
1.4067733980e+1    6.7494443e-20
1.4081339140e+1    6.4885408e-20
1.4094944300e+1    6.4241382e-20
1.4108549460e+1    6.4717005e-20
1.4122154620e+1    6.4304115e-20
1.4135759780e+1    6.4075635e-20
1.4149364940e+1    6.1738481e-20
1.4162970090e+1    5.4525092e-20
1.4176575250e+1    5.1961713e-20
1.4190180410e+1    5.2651874e-20
1.4203785570e+1    5.2202491e-20
1.4217390730e+1    5.1055316e-20
1.4230995890e+1    4.8265492e-20
1.4244601050e+1    4.8091114e-20
1.4258206200e+1    4.8750825e-20
1.4271811360e+1    4.4890567e-20
1.4285416520e+1    4.5015386e-20
1.4299021680e+1    4.5821571e-20
1.4312626840e+1    4.5311212e-20
1.4326232000e+1    4.3797566e-20
1.4339837160e+1    4.2706632e-20
1.4353442310e+1    4.1024004e-20
1.4367047470e+1    3.9045845e-20
1.4380652630e+1    4.2037943e-20
1.4394257790e+1    4.1736739e-20
1.4407862950e+1    4.1668591e-20
1.4421468110e+1    4.1923034e-20
1.4435073270e+1    4.2122176e-20
1.4448678420e+1    4.2857837e-20
1.4462283580e+1    3.7477058e-20
1.4475888740e+1    3.5326320e-20
1.4489493900e+1    3.7711063e-20
1.4503099060e+1    3.7745126e-20
1.4516704220e+1    3.9920321e-20
1.4530309380e+1    3.9134228e-20
1.4543914530e+1    3.6688679e-20
1.4557519690e+1    3.7732109e-20
1.4571124850e+1    3.6771580e-20
1.4584730010e+1    3.7549109e-20
1.4598335170e+1    3.9583036e-20
1.4611940330e+1    3.7106644e-20
1.4625545490e+1    3.4931504e-20
1.4639150640e+1    3.5161690e-20
1.4652755800e+1    3.3335632e-20
1.4666360960e+1    3.2485559e-20
1.4679966120e+1    3.0641611e-20
1.4693571280e+1    3.0049227e-20
1.4707176440e+1    2.8504312e-20
1.4720781600e+1    2.8694331e-20
1.4734386750e+1    2.9353648e-20
1.4747991910e+1    2.8826256e-20
1.4761597070e+1    2.8898214e-20
1.4775202230e+1    2.9107438e-20
1.4788807390e+1    2.8356466e-20
1.4802412550e+1    2.7517234e-20
1.4816017710e+1    2.7153333e-20
1.4829622860e+1    2.5928526e-20
1.4843228020e+1    2.5624121e-20
1.4856833180e+1    2.4776914e-20
1.4870438340e+1    2.4075044e-20
1.4884043500e+1    2.3194445e-20
1.4897648660e+1    2.1966361e-20
1.4911253820e+1    2.1439520e-20
1.4924858980e+1    2.0430368e-20
1.4938464130e+1    1.9842726e-20
1.4952069290e+1    1.9349496e-20
1.4965674450e+1    1.9045472e-20
1.4979279610e+1    1.8777813e-20
1.4992884770e+1    1.8358655e-20
1.5006489930e+1    1.7915331e-20
1.5020095090e+1    1.8158690e-20
1.5033700240e+1    1.6731500e-20
1.5047305400e+1    1.6858250e-20
1.5060910560e+1    1.6565213e-20
1.5074515720e+1    1.7055249e-20
1.5088120880e+1    1.6918362e-20
1.5101726040e+1    1.7590501e-20
1.5115331200e+1    1.7073423e-20
1.5128936350e+1    1.6019071e-20
1.5142541510e+1    1.4953248e-20
1.5156146670e+1    1.4647115e-20
1.5169751830e+1    1.3982152e-20
1.5183356990e+1    1.3533894e-20
1.5196962150e+1    1.3123898e-20
1.5210567310e+1    1.3061609e-20
1.5224172460e+1    1.2686040e-20
1.5237777620e+1    1.2133781e-20
1.5251382780e+1    1.1857913e-20
1.5264987940e+1    1.1195381e-20
1.5278593100e+1    1.1316478e-20
1.5292198260e+1    1.1245258e-20
1.5305803420e+1    1.1510265e-20
1.5319408570e+1    1.1572186e-20
1.5333013730e+1    1.1040624e-20
1.5346618890e+1    1.1246239e-20
1.5360224050e+1    1.1079318e-20
1.5373829210e+1    1.1202297e-20
1.5387434370e+1    1.1097902e-20
1.5401039530e+1    1.1157667e-20
1.5414644680e+1    1.0793624e-20
1.5428249840e+1    1.1192276e-20
1.5441855000e+1    1.1373950e-20
1.5455460160e+1    1.0744764e-20
1.5469065320e+1    1.0700503e-20
1.5482670480e+1    1.0854171e-20
1.5509880790e+1    1.0400420e-20
1.5523485950e+1    1.0400769e-20
1.5537091110e+1    1.0588891e-20
1.5550696270e+1    1.0356417e-20
1.5564301430e+1    1.0350679e-20
1.5577906590e+1    1.0523854e-20
1.5591511750e+1    1.0428528e-20
1.5605116900e+1    9.9267958e-21
1.5618722060e+1    9.8935456e-21
1.5632327220e+1    9.6562435e-21
1.5645932380e+1    9.6423295e-21
1.5659537540e+1    9.9797624e-21
1.5673142700e+1    1.0038173e-20
1.5686747860e+1    9.8477266e-21
1.5700353010e+1    9.7031934e-21
1.5713958170e+1    9.5136498e-21
1.5727563330e+1    9.3705016e-21
1.5741168490e+1    8.9251129e-21
1.5754773650e+1    8.7875766e-21
1.5768378810e+1    8.5680787e-21
1.5781983970e+1    8.5906352e-21
1.5795589120e+1    8.6477465e-21
1.5809194280e+1    8.1823815e-21
1.5822799440e+1    7.8800967e-21
1.5836404600e+1    7.9914361e-21
1.5850009760e+1    7.9706234e-21
1.5863614920e+1    7.4980312e-21
1.5877220080e+1    7.4145990e-21
1.5890825240e+1    7.3307919e-21
1.5904430390e+1    7.1373308e-21
1.5918035550e+1    6.6537320e-21
1.5931640710e+1    7.1380854e-21
1.5945245870e+1    7.2969490e-21
1.5958851030e+1    7.3243010e-21
1.5972456190e+1    7.2483680e-21
1.5986061350e+1    6.8737027e-21
1.5999666500e+1    7.2790860e-21
1.6013271660e+1    7.3612898e-21
1.6026876820e+1    7.2577602e-21
1.6040481980e+1    7.0298562e-21
1.6054087140e+1    7.1537462e-21
1.6067692300e+1    6.9779632e-21
1.6081297460e+1    7.0694776e-21
1.6094902610e+1    6.9617453e-21
1.6108507770e+1    6.9646030e-21
1.6122112930e+1    6.8367439e-21
1.6135718090e+1    6.7889045e-21
1.6149323250e+1    6.7118432e-21
1.6162928410e+1    6.7865193e-21
1.6176533570e+1    6.7556189e-21
1.6190138720e+1    6.8673434e-21
1.6203743880e+1    6.8578103e-21
1.6217349040e+1    6.8432748e-21
1.6230954200e+1    6.6763589e-21
1.6244559360e+1    6.6496879e-21
1.6258164520e+1    6.7419884e-21
1.6271769680e+1    6.7070841e-21
1.6285374830e+1    6.6979329e-21
1.6298979990e+1    6.6671001e-21
1.6312585150e+1    6.8379551e-21
1.6326190310e+1    7.1230749e-21
1.6339795470e+1    7.0702258e-21
1.6353400630e+1    7.1268375e-21
1.6367005790e+1    7.1230225e-21
1.6394216100e+1    7.1379409e-21
1.6407821260e+1    7.3068238e-21
1.6421426420e+1    7.5306829e-21
1.6435031580e+1    7.5655388e-21
1.6448636740e+1    7.7537634e-21
1.6462241900e+1    7.9047879e-21
1.6475847050e+1    7.9286320e-21
1.6489452210e+1    8.0146733e-21
1.6503057370e+1    8.0390155e-21
1.6516662530e+1    8.0566975e-21
1.6530267690e+1    8.2256400e-21
1.6543872850e+1    8.1169091e-21
1.6557478010e+1    7.9452655e-21
1.6571083160e+1    7.6818698e-21
1.6584688320e+1    7.7582014e-21
1.6598293480e+1    7.7912887e-21
1.6611898640e+1    7.8028947e-21
1.6625503800e+1    7.7626281e-21
1.6639108960e+1    7.5694868e-21
1.6652714120e+1    7.5094404e-21
1.6679924430e+1    7.4089009e-21
1.6693529590e+1    7.2926254e-21
1.6707134750e+1    7.1172371e-21
1.6720739910e+1    6.8921866e-21
1.6734345070e+1    6.8446312e-21
1.6747950230e+1    6.7977139e-21
1.6761555380e+1    6.6340984e-21
1.6775160540e+1    6.5538063e-21
1.6788765700e+1    6.4740192e-21
1.6802370860e+1    6.3365571e-21
1.6815976020e+1    6.2787738e-21
1.6829581180e+1    6.2828613e-21
1.6843186340e+1    6.2378580e-21
1.6856791500e+1    6.2647928e-21
1.6870396650e+1    6.2516970e-21
1.6884001810e+1    6.1296964e-21
1.6897606970e+1    6.2264496e-21
1.6911212130e+1    6.2629483e-21
1.6924817290e+1    6.1821654e-21
1.6938422450e+1    6.0726675e-21
1.6952027610e+1    6.0450904e-21
1.6965632760e+1    5.9533841e-21
1.6979237920e+1    5.8632272e-21
1.6992843080e+1    5.8349997e-21
1.7006448240e+1    5.8895901e-21
1.7020053400e+1    5.8772859e-21
1.7033658560e+1    5.8790078e-21
1.7047263720e+1    5.8766477e-21
1.7060868870e+1    5.7568572e-21
1.7074474030e+1    5.6711156e-21
1.7088079190e+1    5.7196418e-21
1.7101684350e+1    5.7011840e-21
1.7115289510e+1    5.6797505e-21
1.7128894670e+1    5.6523784e-21
1.7142499830e+1    5.5203264e-21
1.7156104980e+1    5.3524622e-21
1.7169710140e+1    5.1753709e-21
1.7183315300e+1    5.1573066e-21
1.7196920460e+1    5.2291628e-21
1.7210525620e+1    4.9290253e-21
1.7224130780e+1    4.7551740e-21
1.7237735940e+1    4.6681464e-21
1.7251341090e+1    4.5813871e-21
1.7264946250e+1    4.5773578e-21
1.7278551410e+1    4.4313098e-21
1.7292156570e+1    4.3685189e-21
1.7305761730e+1    4.2379166e-21
1.7319366890e+1    4.2958649e-21
1.7332972050e+1    4.3502669e-21
1.7346577200e+1    4.2721346e-21
1.7360182360e+1    4.2536720e-21
1.7373787520e+1    4.2090142e-21
1.7387392680e+1    4.0970001e-21
1.7400997840e+1    4.0544061e-21
1.7414603000e+1    3.9790165e-21
1.7428208160e+1    3.9069487e-21
1.7441813310e+1    3.9071242e-21
1.7455418470e+1    3.8669346e-21
1.7469023630e+1    3.8619636e-21
1.7482628790e+1    3.8119457e-21
1.7496233950e+1    3.8384545e-21
1.7509839110e+1    3.8069431e-21
1.7523444270e+1    3.7348271e-21
1.7537049420e+1    3.6317035e-21
1.7550654580e+1    3.5828268e-21
1.7564259740e+1    3.5085801e-21
1.7577864900e+1    3.3771198e-21
1.7591470060e+1    3.3110871e-21
1.7605075220e+1    3.2481329e-21
1.7618680380e+1    3.2125860e-21
1.7632285530e+1    3.1675628e-21
1.7645890690e+1    3.1812232e-21
1.7659495850e+1    3.2083417e-21
1.7673101010e+1    3.2154554e-21
1.7686706170e+1    3.2211588e-21
1.7700311330e+1    3.2458790e-21
1.7713916490e+1    3.2200154e-21
1.7727521640e+1    3.1895882e-21
1.7741126800e+1    3.1402901e-21
1.7754731960e+1    3.1478061e-21
1.7768337120e+1    3.1183122e-21
1.7781942280e+1    3.1306409e-21
1.7795547440e+1    3.0715994e-21
1.7809152600e+1    3.0274338e-21
1.7822757760e+1    2.9968285e-21
1.7836362910e+1    2.9876446e-21
1.7849968070e+1    2.9540220e-21
1.7863573230e+1    2.9501469e-21
1.7877178390e+1    2.9275376e-21
1.7890783550e+1    2.9344018e-21
1.7904388710e+1    2.9442006e-21
1.7917993870e+1    3.0386645e-21
1.7931599020e+1    3.1156417e-21
1.7945204180e+1    3.1585792e-21
1.7958809340e+1    3.2534363e-21
1.7972414500e+1    3.3504485e-21
1.7986019660e+1    3.4319455e-21
1.7999624820e+1    3.4218222e-21
1.8013229980e+1    3.4183200e-21
1.8026835130e+1    3.3877844e-21
1.8040440290e+1    3.3707311e-21
1.8054045450e+1    3.3585961e-21
1.8067650610e+1    3.3310061e-21
1.8081255770e+1    3.3237430e-21
1.8094860930e+1    3.3135517e-21
1.8108466090e+1    3.2834690e-21
1.8122071240e+1    3.2724982e-21
1.8135676400e+1    3.2456209e-21
1.8149281560e+1    3.2493564e-21
1.8162886720e+1    3.2145352e-21
1.8176491880e+1    3.2265812e-21
1.8190097040e+1    3.2590984e-21
1.8203702200e+1    3.2734659e-21
1.8217307350e+1    3.3096444e-21
1.8230912510e+1    3.3251919e-21
1.8244517670e+1    3.3369481e-21
1.8258122830e+1    3.3242147e-21
1.8271727990e+1    3.3227285e-21
1.8285333150e+1    3.3069213e-21
1.8298938310e+1    3.2259649e-21
1.8312543460e+1    3.2422867e-21
1.8326148620e+1    3.1558603e-21
1.8339753780e+1    3.2117109e-21
1.8353358940e+1    3.1670643e-21
1.8366964100e+1    3.1306069e-21
1.8380569260e+1    3.0726522e-21
1.8394174420e+1    3.0195242e-21
1.8407779570e+1    2.9408359e-21
1.8421384730e+1    2.8982625e-21
1.8434989890e+1    2.8737324e-21
1.8448595050e+1    2.8179931e-21
1.8462200210e+1    2.7730349e-21
1.8475805370e+1    2.7007793e-21
1.8489410530e+1    2.6793088e-21
1.8503015680e+1    2.6206711e-21
1.8516620840e+1    2.6158420e-21
1.8530226000e+1    2.5508867e-21
1.8543831160e+1    2.4659693e-21
1.8557436320e+1    2.4291169e-21
1.8571041480e+1    2.4891907e-21
1.8584646640e+1    2.4645023e-21
1.8598251790e+1    2.4756963e-21
1.8611856950e+1    2.4715108e-21
1.8625462110e+1    2.4479780e-21
1.8639067270e+1    2.4083367e-21
1.8652672430e+1    2.4052404e-21
1.8666277590e+1    2.3653800e-21
1.8679882750e+1    2.3797288e-21
1.8693487900e+1    2.3862436e-21
1.8707093060e+1    6.3497708e-20
1.8720698220e+1    2.3824114e-21
1.8734303380e+1    2.3518972e-21
1.8747908540e+1    2.3109938e-21
1.8761513700e+1    2.2899354e-21
1.8775118860e+1    2.3127331e-21
1.8788724020e+1    2.2798901e-21
1.8802329170e+1    2.3005910e-21
1.8815934330e+1    1.1685136e-20
1.8829539490e+1    2.2459742e-21
1.8843144650e+1    2.2398304e-21
1.8856749810e+1    2.2349073e-21
1.8870354970e+1    2.2038710e-21
1.8883960130e+1    2.1524751e-21
1.8897565280e+1    2.1503314e-21
1.8911170440e+1    2.1193790e-21
1.8924775600e+1    2.1601863e-21
1.8938380760e+1    2.1111893e-21
1.8951985920e+1    2.0841098e-21
1.8965591080e+1    2.0762668e-21
1.8979196240e+1    2.0758324e-21
1.8992801390e+1    2.0580015e-21
1.9006406550e+1    2.0596504e-21
1.9020011710e+1    2.0216746e-21
1.9033616870e+1    2.0499869e-21
1.9047222030e+1    2.0166188e-21
1.9060827190e+1    1.9742868e-21
1.9074432350e+1    1.9524127e-21
1.9088037500e+1    1.9734006e-21
1.9101642660e+1    1.9187981e-21
1.9115247820e+1    1.8904593e-21
1.9128852980e+1    1.8791282e-21
1.9142458140e+1    1.8398720e-21
1.9156063300e+1    1.8144087e-21
1.9169668460e+1    1.7941006e-21
1.9183273610e+1    1.7769849e-21
1.9196878770e+1    1.7511210e-21
1.9210483930e+1    1.7180727e-21
1.9224089090e+1    1.7041773e-21
1.9237694250e+1    1.6992582e-21
1.9251299410e+1    1.6848359e-21
1.9264904570e+1    1.6591258e-21
1.9278509720e+1    1.6328145e-21
1.9292114880e+1    1.6337858e-21
1.9305720040e+1    1.6217699e-21
1.9319325200e+1    1.5961345e-21
1.9332930360e+1    1.5819607e-21
1.9346535520e+1    1.5429019e-21
1.9360140680e+1    1.5269566e-21
1.9373745830e+1    1.5206871e-21
1.9387350990e+1    1.5128293e-21
1.9400956150e+1    1.4914498e-21
1.9414561310e+1    5.4472163e-21
1.9428166470e+1    1.4545157e-21
1.9441771630e+1    1.4281650e-21
1.9455376790e+1    1.4066034e-21
1.9468981940e+1    1.3959379e-21
1.9482587100e+1    1.3755804e-21
1.9496192260e+1    1.3441458e-21
1.9509797420e+1    1.3305972e-21
1.9523402580e+1    8.8568562e-21
1.9537007740e+1    1.3044321e-21
1.9550612900e+1    1.3099363e-21
1.9564218050e+1    1.2845680e-21
1.9577823210e+1    1.2838463e-21
1.9591428370e+1    1.2783116e-21
1.9999583130e+1    1.1763461e-20
2.4999478910e+1    2.6758244e-22
2.9999374690e+1    2.0511157e-22
3.4999270480e+1    1.6965486e-22
3.9999166260e+1    1.4776851e-22
4.4999062040e+1    1.3064957e-22
4.9998957820e+1    1.1557770e-22
5.4998853610e+1    1.0117826e-22
5.9998749390e+1    8.8974179e-23
6.4998645170e+1    7.6228199e-23
6.9998540950e+1    6.6815207e-23
7.4998436740e+1    5.8280031e-23
7.9998332520e+1    5.0939760e-23
8.4998228300e+1    4.4972581e-23
8.9998124080e+1    3.9679415e-23
9.4998019870e+1    3.4973008e-23
9.9997915650e+1    3.1047771e-23
1.0499781143e+2    2.7657691e-23
1.0999770721e+2    2.4868155e-23
1.1499760300e+2    2.2101731e-23
1.1999749878e+2    1.9880584e-23
1.2499739456e+2    1.8113061e-23
1.2999729034e+2    1.6268805e-23
1.3499718613e+2    1.4768849e-23
-----------------------------

