EXCITATION
N(2p2_3P_4p_4Po) -> N(2p2_3P_4p_4So)
 1.332000e+1
SPECIES: e / N(2p2_3P_4p_4Po)
PROCESS: E + N(2p2_3P_4p_4Po) -> E + N(2p2_3P_4p_4So), Excitation
PARAM.:  E = 13.32 eV
UPDATED: 2019-01-30 20:10:49
COLUMNS: Energy (eV) | Cross section (m2)
-----------------------------
1.3319944130e+1    0.0000000e+7
1.3333055420e+1    5.7436941e-20
1.3346660580e+1    9.7893394e-20
1.3360265740e+1    2.5873041e-19
1.3373870900e+1    2.6995530e-19
1.3387476050e+1    2.6644785e-19
1.3401081210e+1    2.6078119e-19
1.3414686370e+1    3.6142166e-19
1.3428291530e+1    3.1211218e-19
1.3441896690e+1    2.9446421e-19
1.3455501850e+1    2.8312275e-19
1.3469107010e+1    2.7800721e-19
1.3482712160e+1    2.5490822e-19
1.3496317320e+1    2.4252180e-19
1.3509922480e+1    2.5344439e-19
1.3523527640e+1    2.4936355e-19
1.3537132800e+1    2.3715083e-19
1.3550737960e+1    2.3964193e-19
1.3564343120e+1    2.2687668e-19
1.3577948270e+1    2.1993677e-19
1.3591553430e+1    2.0522341e-19
1.3605158590e+1    1.9857538e-19
1.3618763750e+1    1.7856646e-19
1.3632368910e+1    2.0381683e-19
1.3645974070e+1    1.7555848e-19
1.3659579230e+1    1.6073680e-19
1.3673184380e+1    1.6286149e-19
1.3700394700e+1    1.1341614e-19
1.3713999860e+1    1.4002623e-19
1.3754815340e+1    9.7144107e-20
1.3768420490e+1    9.6566995e-20
1.3782025650e+1    1.0282705e-19
1.3795630810e+1    8.6987137e-20
1.3809235970e+1    8.7107049e-20
1.3822841130e+1    9.1647513e-20
1.3836446290e+1    9.1294163e-20
1.3850051450e+1    8.1360396e-20
1.3863656600e+1    7.7797032e-20
1.3877261760e+1    7.6548280e-20
1.3890866920e+1    7.6443930e-20
1.3904472080e+1    7.0416637e-20
1.3918077240e+1    5.3108458e-20
1.3931682400e+1    3.9960760e-20
1.3945287560e+1    4.2415704e-20
1.3958892720e+1    5.7070222e-20
1.3972497870e+1    5.9232622e-20
1.3986103030e+1    6.2922086e-20
1.3999708190e+1    6.9312712e-20
1.4013313350e+1    7.7244181e-20
1.4026918510e+1    8.4613315e-20
1.4040523670e+1    7.5656557e-20
1.4054128830e+1    6.7392033e-20
1.4067733980e+1    5.7624959e-20
1.4081339140e+1    5.9091311e-20
1.4094944300e+1    6.4558098e-20
1.4108549460e+1    6.3749087e-20
1.4122154620e+1    5.4193638e-20
1.4135759780e+1    5.8758223e-20
1.4149364940e+1    5.7920266e-20
1.4162970090e+1    5.5355460e-20
1.4176575250e+1    5.4728613e-20
1.4190180410e+1    5.0862094e-20
1.4203785570e+1    5.0419947e-20
1.4217390730e+1    3.7617618e-20
1.4230995890e+1    3.6520221e-20
1.4244601050e+1    3.4983902e-20
1.4258206200e+1    3.5347660e-20
1.4271811360e+1    3.5177798e-20
1.4285416520e+1    3.3659442e-20
1.4299021680e+1    3.5467242e-20
1.4312626840e+1    3.5935638e-20
1.4326232000e+1    3.5848008e-20
1.4339837160e+1    3.8980586e-20
1.4353442310e+1    4.2606708e-20
1.4367047470e+1    4.1512344e-20
1.4380652630e+1    4.0504484e-20
1.4394257790e+1    4.2096567e-20
1.4407862950e+1    4.1036473e-20
1.4421468110e+1    3.8817953e-20
1.4435073270e+1    3.7061658e-20
1.4448678420e+1    3.5922352e-20
1.4462283580e+1    3.5619491e-20
1.4475888740e+1    3.6473650e-20
1.4489493900e+1    3.5318993e-20
1.4503099060e+1    3.4821799e-20
1.4516704220e+1    3.4631849e-20
1.4530309380e+1    3.4676891e-20
1.4543914530e+1    3.5719578e-20
1.4557519690e+1    3.6954840e-20
1.4571124850e+1    3.4655654e-20
1.4584730010e+1    3.6349898e-20
1.4598335170e+1    3.5626284e-20
1.4611940330e+1    3.6229516e-20
1.4625545490e+1    3.6026820e-20
1.4639150640e+1    3.6451839e-20
1.4652755800e+1    3.6610299e-20
1.4666360960e+1    3.7098393e-20
1.4679966120e+1    3.8210433e-20
1.4693571280e+1    3.9244079e-20
1.4707176440e+1    3.9250450e-20
1.4720781600e+1    3.9745309e-20
1.4734386750e+1    4.6622834e-20
1.4747991910e+1    4.6060480e-20
1.4761597070e+1    4.5158544e-20
1.4775202230e+1    4.3609261e-20
1.4788807390e+1    4.4109883e-20
1.4802412550e+1    4.2051002e-20
1.4816017710e+1    4.5056575e-20
1.4829622860e+1    4.4557867e-20
1.4843228020e+1    4.5109613e-20
1.4856833180e+1    4.6074931e-20
1.4870438340e+1    4.6411381e-20
1.4884043500e+1    4.7058239e-20
1.4897648660e+1    4.8487717e-20
1.4911253820e+1    5.0682258e-20
1.4924858980e+1    4.9282408e-20
1.4938464130e+1    4.8600373e-20
1.4952069290e+1    4.9142126e-20
1.4965674450e+1    5.1168758e-20
1.4979279610e+1    5.5697720e-20
1.4992884770e+1    5.5313112e-20
1.5006489930e+1    5.4383152e-20
1.5020095090e+1    5.4703893e-20
1.5033700240e+1    5.5233225e-20
1.5047305400e+1    5.6189223e-20
1.5060910560e+1    5.5627783e-20
1.5074515720e+1    5.5610181e-20
1.5088120880e+1    5.6150217e-20
1.5101726040e+1    5.0572472e-20
1.5115331200e+1    5.3718760e-20
1.5128936350e+1    5.4567864e-20
1.5142541510e+1    5.3942739e-20
1.5156146670e+1    5.2634638e-20
1.5169751830e+1    5.1361297e-20
1.5183356990e+1    5.1966141e-20
1.5196962150e+1    5.0863035e-20
1.5210567310e+1    5.0340169e-20
1.5224172460e+1    4.9600411e-20
1.5237777620e+1    4.8686456e-20
1.5251382780e+1    4.8301172e-20
1.5264987940e+1    4.7949217e-20
1.5278593100e+1    4.8191039e-20
1.5292198260e+1    4.8321413e-20
1.5305803420e+1    4.5827242e-20
1.5319408570e+1    4.5713758e-20
1.5333013730e+1    4.5341510e-20
1.5346618890e+1    4.4916655e-20
1.5360224050e+1    4.4747414e-20
1.5373829210e+1    4.4563548e-20
1.5387434370e+1    4.4365005e-20
1.5401039530e+1    4.4596563e-20
1.5414644680e+1    4.4773894e-20
1.5428249840e+1    4.5367376e-20
1.5441855000e+1    4.5375726e-20
1.5455460160e+1    4.5887120e-20
1.5469065320e+1    4.6035681e-20
1.5482670480e+1    4.6420912e-20
1.5509880790e+1    4.6746460e-20
1.5523485950e+1    4.6954481e-20
1.5537091110e+1    4.7348115e-20
1.5550696270e+1    4.7829957e-20
1.5564301430e+1    4.8527652e-20
1.5577906590e+1    4.8738930e-20
1.5591511750e+1    4.8878379e-20
1.5605116900e+1    4.8613268e-20
1.5618722060e+1    4.8767625e-20
1.5632327220e+1    4.8336195e-20
1.5645932380e+1    4.7864128e-20
1.5659537540e+1    4.7739749e-20
1.5673142700e+1    4.7562879e-20
1.5686747860e+1    4.7549537e-20
1.5700353010e+1    4.7562066e-20
1.5713958170e+1    4.7097593e-20
1.5727563330e+1    4.7299779e-20
1.5741168490e+1    4.7716258e-20
1.5754773650e+1    4.7523456e-20
1.5768378810e+1    4.7187922e-20
1.5781983970e+1    4.6809065e-20
1.5795589120e+1    4.6685565e-20
1.5809194280e+1    4.7473992e-20
1.5822799440e+1    4.7157154e-20
1.5836404600e+1    4.7168178e-20
1.5850009760e+1    4.8454073e-20
1.5863614920e+1    4.7066752e-20
1.5877220080e+1    4.6936446e-20
1.5890825240e+1    4.6855387e-20
1.5904430390e+1    4.6678258e-20
1.5918035550e+1    4.6687547e-20
1.5931640710e+1    4.6665281e-20
1.5945245870e+1    4.5529648e-20
1.5958851030e+1    4.5309217e-20
1.5972456190e+1    4.4988355e-20
1.5986061350e+1    4.4601113e-20
1.5999666500e+1    4.4074524e-20
1.6013271660e+1    4.4508331e-20
1.6026876820e+1    4.4351619e-20
1.6040481980e+1    4.4099370e-20
1.6054087140e+1    4.4209223e-20
1.6067692300e+1    4.4250353e-20
1.6081297460e+1    4.4041317e-20
1.6094902610e+1    4.4080583e-20
1.6108507770e+1    4.3985714e-20
1.6122112930e+1    4.4053913e-20
1.6135718090e+1    4.4109109e-20
1.6149323250e+1    4.4434769e-20
1.6162928410e+1    4.4514938e-20
1.6176533570e+1    4.4787044e-20
1.6190138720e+1    4.4964197e-20
1.6203743880e+1    4.4505557e-20
1.6217349040e+1    4.4892712e-20
1.6230954200e+1    4.4947264e-20
1.6244559360e+1    4.4819902e-20
1.6258164520e+1    4.5055889e-20
1.6271769680e+1    4.5170961e-20
1.6285374830e+1    4.5154028e-20
1.6298979990e+1    4.5253895e-20
1.6312585150e+1    4.5311788e-20
1.6326190310e+1    4.5097796e-20
1.6339795470e+1    4.5042996e-20
1.6353400630e+1    4.4871338e-20
1.6367005790e+1    4.4939349e-20
1.6394216100e+1    4.4801861e-20
1.6407821260e+1    4.4865344e-20
1.6421426420e+1    4.5053755e-20
1.6435031580e+1    4.4750780e-20
1.6448636740e+1    4.4677864e-20
1.6462241900e+1    4.4525087e-20
1.6475847050e+1    4.4658333e-20
1.6489452210e+1    4.4411227e-20
1.6503057370e+1    4.4417807e-20
1.6516662530e+1    4.4362357e-20
1.6530267690e+1    4.4313017e-20
1.6543872850e+1    4.4181022e-20
1.6557478010e+1    4.4081385e-20
1.6571083160e+1    4.3886860e-20
1.6584688320e+1    4.3338667e-20
1.6598293480e+1    4.3160931e-20
1.6611898640e+1    4.2944620e-20
1.6625503800e+1    4.2916151e-20
1.6639108960e+1    4.3019172e-20
1.6652714120e+1    4.3112878e-20
1.6679924430e+1    4.2323694e-20
1.6693529590e+1    4.2422767e-20
1.6707134750e+1    4.2565006e-20
1.6720739910e+1    4.2411662e-20
1.6734345070e+1    4.2667446e-20
1.6747950230e+1    4.2877068e-20
1.6761555380e+1    4.2710314e-20
1.6775160540e+1    4.2879101e-20
1.6788765700e+1    4.2527596e-20
1.6802370860e+1    4.2590343e-20
1.6815976020e+1    4.2391731e-20
1.6829581180e+1    4.2324588e-20
1.6843186340e+1    4.2404011e-20
1.6856791500e+1    4.2104735e-20
1.6870396650e+1    4.1840856e-20
1.6884001810e+1    4.1885901e-20
1.6897606970e+1    4.1605240e-20
1.6911212130e+1    4.1552158e-20
1.6924817290e+1    4.1421552e-20
1.6938422450e+1    4.1323612e-20
1.6952027610e+1    4.1143041e-20
1.6965632760e+1    4.1087442e-20
1.6979237920e+1    4.0922090e-20
1.6992843080e+1    4.0784758e-20
1.7006448240e+1    4.0593477e-20
1.7020053400e+1    4.0476480e-20
1.7033658560e+1    4.0327142e-20
1.7047263720e+1    4.0299103e-20
1.7060868870e+1    4.0125159e-20
1.7074474030e+1    4.0016004e-20
1.7088079190e+1    3.9907252e-20
1.7101684350e+1    3.9788784e-20
1.7115289510e+1    3.9476306e-20
1.7128894670e+1    3.9662141e-20
1.7142499830e+1    3.9799131e-20
1.7156104980e+1    3.9843435e-20
1.7169710140e+1    3.9769969e-20
1.7183315300e+1    3.9633127e-20
1.7196920460e+1    3.9841963e-20
1.7210525620e+1    3.9577049e-20
1.7224130780e+1    3.9504222e-20
1.7237735940e+1    3.9186871e-20
1.7251341090e+1    3.8963375e-20
1.7264946250e+1    3.8943536e-20
1.7278551410e+1    3.8575703e-20
1.7292156570e+1    3.8008305e-20
1.7305761730e+1    3.7921665e-20
1.7319366890e+1    3.7776041e-20
1.7332972050e+1    3.7467914e-20
1.7346577200e+1    3.7500990e-20
1.7360182360e+1    3.7209845e-20
1.7373787520e+1    3.7017592e-20
1.7387392680e+1    3.6899517e-20
1.7400997840e+1    3.6837722e-20
1.7414603000e+1    3.6502107e-20
1.7428208160e+1    3.6131314e-20
1.7441813310e+1    3.6123468e-20
1.7455418470e+1    3.6210271e-20
1.7469023630e+1    3.6072803e-20
1.7482628790e+1    3.6081398e-20
1.7496233950e+1    3.6115607e-20
1.7509839110e+1    3.5831683e-20
1.7523444270e+1    3.5879269e-20
1.7537049420e+1    3.5591572e-20
1.7550654580e+1    3.5464327e-20
1.7564259740e+1    3.5352572e-20
1.7577864900e+1    3.5274351e-20
1.7591470060e+1    3.5186973e-20
1.7605075220e+1    3.5134503e-20
1.7618680380e+1    3.5099177e-20
1.7632285530e+1    3.5044994e-20
1.7645890690e+1    3.5043696e-20
1.7659495850e+1    3.4989886e-20
1.7673101010e+1    3.4671054e-20
1.7686706170e+1    3.4282723e-20
1.7700311330e+1    3.3930656e-20
1.7713916490e+1    3.3743913e-20
1.7727521640e+1    3.3576959e-20
1.7741126800e+1    3.3436147e-20
1.7754731960e+1    3.3264725e-20
1.7768337120e+1    3.3178589e-20
1.7781942280e+1    3.3123510e-20
1.7795547440e+1    3.2786262e-20
1.7809152600e+1    3.2604732e-20
1.7822757760e+1    3.2481785e-20
1.7836362910e+1    3.2444552e-20
1.7849968070e+1    3.2273636e-20
1.7863573230e+1    3.2136881e-20
1.7877178390e+1    3.1944969e-20
1.7890783550e+1    3.2033004e-20
1.7904388710e+1    3.2061825e-20
1.7917993870e+1    3.1822607e-20
1.7931599020e+1    3.1932596e-20
1.7945204180e+1    3.2114396e-20
1.7958809340e+1    3.2129604e-20
1.7972414500e+1    3.2175650e-20
1.7986019660e+1    3.2354554e-20
1.7999624820e+1    3.2235331e-20
1.8013229980e+1    3.1833696e-20
1.8026835130e+1    3.1672260e-20
1.8040440290e+1    3.1578678e-20
1.8054045450e+1    3.1403765e-20
1.8067650610e+1    3.1262737e-20
1.8081255770e+1    3.1146929e-20
1.8094860930e+1    3.1028613e-20
1.8108466090e+1    3.0958865e-20
1.8122071240e+1    3.0941936e-20
1.8135676400e+1    3.0858943e-20
1.8149281560e+1    3.0818475e-20
1.8162886720e+1    3.0805645e-20
1.8176491880e+1    3.0763102e-20
1.8190097040e+1    3.0755457e-20
1.8203702200e+1    3.0816231e-20
1.8217307350e+1    3.0823744e-20
1.8230912510e+1    3.0847123e-20
1.8244517670e+1    3.0925424e-20
1.8258122830e+1    3.0974079e-20
1.8271727990e+1    3.0951231e-20
1.8285333150e+1    3.0816262e-20
1.8298938310e+1    3.0640623e-20
1.8312543460e+1    3.0594016e-20
1.8326148620e+1    3.0519739e-20
1.8339753780e+1    3.0468670e-20
1.8353358940e+1    3.0358022e-20
1.8366964100e+1    3.0237459e-20
1.8380569260e+1    3.0156853e-20
1.8394174420e+1    3.0160223e-20
1.8407779570e+1    3.0104995e-20
1.8421384730e+1    3.0142041e-20
1.8434989890e+1    3.0042153e-20
1.8448595050e+1    3.0002785e-20
1.8462200210e+1    2.9931287e-20
1.8475805370e+1    2.9805976e-20
1.8489410530e+1    2.9767382e-20
1.8503015680e+1    2.9776824e-20
1.8516620840e+1    2.9555655e-20
1.8530226000e+1    2.9503330e-20
1.8543831160e+1    2.9554453e-20
1.8557436320e+1    2.9350907e-20
1.8571041480e+1    2.9323689e-20
1.8584646640e+1    2.9201339e-20
1.8598251790e+1    2.9083877e-20
1.8611856950e+1    2.8955276e-20
1.8625462110e+1    2.8923069e-20
1.8639067270e+1    2.8683014e-20
1.8652672430e+1    2.8520192e-20
1.8666277590e+1    2.8386365e-20
1.8679882750e+1    2.8257123e-20
1.8693487900e+1    2.8141775e-20
1.8707093060e+1    2.8202542e-20
1.8720698220e+1    2.7891556e-20
1.8734303380e+1    2.7809516e-20
1.8747908540e+1    2.7744159e-20
1.8761513700e+1    2.7539818e-20
1.8775118860e+1    2.7644985e-20
1.8788724020e+1    2.7425683e-20
1.8802329170e+1    2.7354564e-20
1.8815934330e+1    2.7298396e-20
1.8829539490e+1    2.7233324e-20
1.8843144650e+1    2.7170146e-20
1.8856749810e+1    2.6946059e-20
1.8870354970e+1    2.7013351e-20
1.8883960130e+1    2.7050603e-20
1.8897565280e+1    2.6998767e-20
1.8911170440e+1    2.6860653e-20
1.8924775600e+1    2.6605633e-20
1.8938380760e+1    2.6702142e-20
1.8951985920e+1    2.6600962e-20
1.8965591080e+1    2.6426442e-20
1.8979196240e+1    2.6339268e-20
1.8992801390e+1    2.6331569e-20
1.9006406550e+1    2.6377374e-20
1.9020011710e+1    2.6167663e-20
1.9033616870e+1    2.6045002e-20
1.9047222030e+1    2.5899825e-20
1.9060827190e+1    2.5826061e-20
1.9074432350e+1    2.5670095e-20
1.9088037500e+1    2.5545584e-20
1.9101642660e+1    2.5460590e-20
1.9115247820e+1    2.5299102e-20
1.9128852980e+1    2.5191285e-20
1.9142458140e+1    2.5165843e-20
1.9156063300e+1    2.5089966e-20
1.9169668460e+1    2.4982714e-20
1.9183273610e+1    2.4912533e-20
1.9196878770e+1    2.4838488e-20
1.9210483930e+1    2.4795819e-20
1.9224089090e+1    2.4694082e-20
1.9237694250e+1    2.4646094e-20
1.9251299410e+1    2.4594021e-20
1.9264904570e+1    2.4466515e-20
1.9278509720e+1    2.4400740e-20
1.9292114880e+1    2.4292812e-20
1.9305720040e+1    2.4213921e-20
1.9319325200e+1    2.4079975e-20
1.9332930360e+1    2.4056899e-20
1.9346535520e+1    2.4003626e-20
1.9360140680e+1    2.3865856e-20
1.9373745830e+1    2.3846438e-20
1.9387350990e+1    2.3762332e-20
1.9400956150e+1    2.3657299e-20
1.9414561310e+1    2.3093967e-20
1.9428166470e+1    2.3545942e-20
1.9441771630e+1    2.3446774e-20
1.9455376790e+1    2.3396393e-20
1.9468981940e+1    2.3371222e-20
1.9482587100e+1    1.0472926e-19
1.9496192260e+1    2.3169347e-20
1.9509797420e+1    2.3087269e-20
1.9523402580e+1    2.3004555e-20
1.9537007740e+1    2.2848762e-20
1.9550612900e+1    2.2913488e-20
1.9564218050e+1    2.2850157e-20
1.9577823210e+1    2.2781683e-20
1.9591428370e+1    2.2742237e-20
1.9999583130e+1    2.8735689e-20
2.4999478910e+1    8.3161805e-21
2.9999374690e+1    3.8540372e-21
3.4999270480e+1    2.0622104e-21
3.9999166260e+1    1.2801229e-21
4.4999062040e+1    8.3060076e-22
4.9998957820e+1    5.5706600e-22
5.4998853610e+1    3.9088158e-22
5.9998749390e+1    2.8194882e-22
6.4998645170e+1    2.0751353e-22
6.9998540950e+1    1.5655211e-22
7.4998436740e+1    1.2001089e-22
7.9998332520e+1    9.3639047e-23
8.4998228300e+1    7.4008837e-23
8.9998124080e+1    5.9184849e-23
9.4998019870e+1    4.8032116e-23
9.9997915650e+1    3.9296797e-23
1.0499781143e+2    3.2444288e-23
1.0999770721e+2    2.6995246e-23
1.1499760300e+2    2.2717250e-23
1.1999749878e+2    1.9227389e-23
1.2499739456e+2    1.6385148e-23
1.2999729034e+2    1.4133999e-23
1.3499718613e+2    1.2153783e-23
-----------------------------

