EXCITATION
N(2p2_3P_3p_4Do) -> N(2p2_3P_3d_2Fe)
 1.298600e+1
SPECIES: e / N(2p2_3P_3p_4Do)
PROCESS: E + N(2p2_3P_3p_4Do) -> E + N(2p2_3P_3d_2Fe), Excitation
PARAM.:  E = 12.986 eV
UPDATED: 2019-01-30 20:10:47
COLUMNS: Energy (eV) | Cross section (m2)
-----------------------------
1.2985937210e+1    0.0000000e+7
1.2992926460e+1    6.8495680e-21
1.3006531610e+1    1.7515726e-20
1.3020136770e+1    1.9930179e-20
1.3033741930e+1    1.9212574e-20
1.3047347090e+1    1.9340734e-20
1.3060952250e+1    2.0393867e-20
1.3074557410e+1    1.9916219e-20
1.3088162570e+1    2.6536458e-20
1.3101767720e+1    2.5785986e-20
1.3115372880e+1    2.5777374e-20
1.3128978040e+1    2.5648329e-20
1.3142583200e+1    2.5551445e-20
1.3156188360e+1    2.5809717e-20
1.3169793520e+1    2.5959369e-20
1.3183398680e+1    2.6251424e-20
1.3197003830e+1    2.6776499e-20
1.3210608990e+1    2.7209381e-20
1.3224214150e+1    2.7953072e-20
1.3237819310e+1    2.8828998e-20
1.3251424470e+1    2.9787274e-20
1.3265029630e+1    3.0344325e-20
1.3278634790e+1    2.9699815e-20
1.3305845100e+1    2.8100185e-20
1.3319450260e+1    2.7994964e-20
1.3333055420e+1    2.6977303e-20
1.3346660580e+1    2.6720564e-20
1.3360265740e+1    2.5579144e-20
1.3373870900e+1    2.8050397e-20
1.3387476050e+1    3.2489039e-20
1.3401081210e+1    3.2018196e-20
1.3414686370e+1    3.1288299e-20
1.3428291530e+1    3.1458773e-20
1.3441896690e+1    3.1309557e-20
1.3455501850e+1    3.1277085e-20
1.3469107010e+1    3.1003490e-20
1.3482712160e+1    3.1792752e-20
1.3496317320e+1    3.1570260e-20
1.3509922480e+1    3.1593871e-20
1.3523527640e+1    3.0218533e-20
1.3537132800e+1    3.1178631e-20
1.3550737960e+1    3.0726945e-20
1.3564343120e+1    2.9835354e-20
1.3577948270e+1    2.9551498e-20
1.3591553430e+1    2.9083119e-20
1.3605158590e+1    2.8099794e-20
1.3618763750e+1    2.7459009e-20
1.3632368910e+1    2.7520717e-20
1.3645974070e+1    2.8614813e-20
1.3659579230e+1    2.8345539e-20
1.3673184380e+1    2.7173228e-20
1.3700394700e+1    2.5487348e-20
1.3713999860e+1    2.4818007e-20
1.3754815340e+1    2.2850793e-20
1.3768420490e+1    2.3187115e-20
1.3782025650e+1    2.3044629e-20
1.3795630810e+1    2.5976271e-20
1.3809235970e+1    2.5500144e-20
1.3822841130e+1    2.4132337e-20
1.3836446290e+1    2.2837359e-20
1.3850051450e+1    2.1466419e-20
1.3863656600e+1    2.0838510e-20
1.3877261760e+1    2.0723071e-20
1.3890866920e+1    2.0697737e-20
1.3904472080e+1    2.0961047e-20
1.3918077240e+1    2.0352703e-20
1.3931682400e+1    2.0158065e-20
1.3945287560e+1    2.0736677e-20
1.3958892720e+1    2.1107156e-20
1.3972497870e+1    2.0848802e-20
1.3986103030e+1    2.0283048e-20
1.3999708190e+1    1.9134800e-20
1.4013313350e+1    1.8694928e-20
1.4026918510e+1    1.9321999e-20
1.4040523670e+1    1.9772475e-20
1.4054128830e+1    1.9389491e-20
1.4067733980e+1    1.9073884e-20
1.4081339140e+1    1.8908739e-20
1.4094944300e+1    1.9388800e-20
1.4108549460e+1    1.8773540e-20
1.4122154620e+1    1.8503240e-20
1.4135759780e+1    1.8604384e-20
1.4149364940e+1    1.8335075e-20
1.4162970090e+1    1.8224596e-20
1.4176575250e+1    1.8193948e-20
1.4190180410e+1    1.8179765e-20
1.4203785570e+1    1.7737643e-20
1.4217390730e+1    1.7207077e-20
1.4230995890e+1    1.6766768e-20
1.4244601050e+1    1.6405278e-20
1.4258206200e+1    1.6038182e-20
1.4271811360e+1    1.5827314e-20
1.4285416520e+1    1.5502827e-20
1.4299021680e+1    1.5453452e-20
1.4312626840e+1    1.5261257e-20
1.4326232000e+1    1.5082719e-20
1.4339837160e+1    1.4898448e-20
1.4353442310e+1    1.5387754e-20
1.4367047470e+1    1.4871120e-20
1.4380652630e+1    1.4503767e-20
1.4394257790e+1    1.3771506e-20
1.4407862950e+1    1.3348929e-20
1.4421468110e+1    1.3347294e-20
1.4435073270e+1    1.3395131e-20
1.4448678420e+1    1.3913002e-20
1.4462283580e+1    1.4281645e-20
1.4475888740e+1    1.4318084e-20
1.4489493900e+1    1.4340745e-20
1.4503099060e+1    1.4407249e-20
1.4516704220e+1    1.4361093e-20
1.4530309380e+1    1.5444225e-20
1.4543914530e+1    1.5204613e-20
1.4557519690e+1    1.5142615e-20
1.4571124850e+1    1.5067281e-20
1.4584730010e+1    1.5579852e-20
1.4598335170e+1    1.5552964e-20
1.4611940330e+1    1.5789947e-20
1.4625545490e+1    1.5561438e-20
1.4639150640e+1    1.5663368e-20
1.4652755800e+1    1.5834329e-20
1.4666360960e+1    1.5883418e-20
1.4679966120e+1    1.5424394e-20
1.4693571280e+1    1.5248829e-20
1.4707176440e+1    1.4918217e-20
1.4720781600e+1    1.4545686e-20
1.4734386750e+1    1.4446175e-20
1.4747991910e+1    1.4131174e-20
1.4761597070e+1    1.3849934e-20
1.4775202230e+1    1.3676508e-20
1.4788807390e+1    1.3733805e-20
1.4802412550e+1    1.3433694e-20
1.4816017710e+1    1.3068670e-20
1.4829622860e+1    1.2854519e-20
1.4843228020e+1    1.2762731e-20
1.4856833180e+1    1.3013243e-20
1.4870438340e+1    1.2239392e-20
1.4884043500e+1    1.1903302e-20
1.4897648660e+1    1.1778104e-20
1.4911253820e+1    1.1666753e-20
1.4924858980e+1    1.1743771e-20
1.4938464130e+1    1.1536119e-20
1.4952069290e+1    1.1813223e-20
1.4965674450e+1    1.1670639e-20
1.4979279610e+1    1.1581219e-20
1.4992884770e+1    1.1438637e-20
1.5006489930e+1    1.1373608e-20
1.5020095090e+1    1.1218494e-20
1.5033700240e+1    1.1197596e-20
1.5047305400e+1    1.0847497e-20
1.5060910560e+1    1.0612244e-20
1.5074515720e+1    1.0567526e-20
1.5088120880e+1    1.0401539e-20
1.5101726040e+1    1.0334497e-20
1.5115331200e+1    1.0205218e-20
1.5128936350e+1    1.0366603e-20
1.5142541510e+1    1.0326183e-20
1.5156146670e+1    1.0145069e-20
1.5169751830e+1    9.9285630e-21
1.5183356990e+1    9.7838391e-21
1.5196962150e+1    9.6019160e-21
1.5210567310e+1    9.4343860e-21
1.5224172460e+1    9.2966013e-21
1.5237777620e+1    9.1843165e-21
1.5251382780e+1    9.0182394e-21
1.5264987940e+1    9.0842364e-21
1.5278593100e+1    9.0684083e-21
1.5292198260e+1    8.9654889e-21
1.5305803420e+1    8.9339042e-21
1.5319408570e+1    9.2045717e-21
1.5333013730e+1    9.3549537e-21
1.5346618890e+1    9.4529497e-21
1.5360224050e+1    9.5554154e-21
1.5373829210e+1    9.6420727e-21
1.5387434370e+1    9.7790871e-21
1.5401039530e+1    9.8357126e-21
1.5414644680e+1    9.8452652e-21
1.5428249840e+1    9.8058575e-21
1.5441855000e+1    9.7964314e-21
1.5455460160e+1    9.7955770e-21
1.5469065320e+1    9.5282250e-21
1.5482670480e+1    9.4565526e-21
1.5509880790e+1    9.0057447e-21
1.5523485950e+1    9.0359080e-21
1.5537091110e+1    9.1602610e-21
1.5550696270e+1    8.7156752e-21
1.5564301430e+1    8.5125297e-21
1.5577906590e+1    9.0203192e-21
1.5591511750e+1    8.9160110e-21
1.5605116900e+1    8.8597770e-21
1.5618722060e+1    8.7731690e-21
1.5632327220e+1    8.7201080e-21
1.5645932380e+1    8.6971502e-21
1.5659537540e+1    8.4892186e-21
1.5673142700e+1    8.3681169e-21
1.5686747860e+1    8.2966446e-21
1.5700353010e+1    8.2033188e-21
1.5713958170e+1    8.2189132e-21
1.5727563330e+1    8.1277432e-21
1.5741168490e+1    7.9764634e-21
1.5754773650e+1    7.8754212e-21
1.5768378810e+1    7.7628395e-21
1.5781983970e+1    7.7230060e-21
1.5795589120e+1    7.5991687e-21
1.5809194280e+1    7.5269992e-21
1.5822799440e+1    7.4631665e-21
1.5836404600e+1    7.3634663e-21
1.5850009760e+1    7.2820553e-21
1.5863614920e+1    7.2428052e-21
1.5877220080e+1    7.2768869e-21
1.5890825240e+1    7.2838924e-21
1.5904430390e+1    7.1403091e-21
1.5918035550e+1    7.0641956e-21
1.5931640710e+1    7.0948930e-21
1.5945245870e+1    6.9281723e-21
1.5958851030e+1    7.0069790e-21
1.5972456190e+1    6.8538355e-21
1.5986061350e+1    6.7804918e-21
1.5999666500e+1    6.5794340e-21
1.6013271660e+1    6.5515913e-21
1.6026876820e+1    6.5186905e-21
1.6040481980e+1    6.7050064e-21
1.6054087140e+1    6.6232022e-21
1.6067692300e+1    6.6038525e-21
1.6081297460e+1    6.4975302e-21
1.6094902610e+1    6.4070311e-21
1.6108507770e+1    6.3218872e-21
1.6122112930e+1    6.2033499e-21
1.6135718090e+1    6.0583537e-21
1.6149323250e+1    5.9655568e-21
1.6162928410e+1    5.9363175e-21
1.6176533570e+1    5.7884046e-21
1.6190138720e+1    5.6821766e-21
1.6203743880e+1    5.6505953e-21
1.6217349040e+1    5.6335418e-21
1.6230954200e+1    5.7417554e-21
1.6244559360e+1    5.7223627e-21
1.6258164520e+1    5.7419267e-21
1.6271769680e+1    5.7718101e-21
1.6285374830e+1    5.8099830e-21
1.6298979990e+1    5.7921774e-21
1.6312585150e+1    5.8216674e-21
1.6326190310e+1    5.7637531e-21
1.6339795470e+1    5.6794653e-21
1.6353400630e+1    5.6244728e-21
1.6367005790e+1    5.5692477e-21
1.6394216100e+1    5.5671699e-21
1.6407821260e+1    5.4845008e-21
1.6421426420e+1    5.3640356e-21
1.6435031580e+1    5.3129135e-21
1.6448636740e+1    5.2134808e-21
1.6462241900e+1    5.1418643e-21
1.6475847050e+1    5.0756797e-21
1.6489452210e+1    5.0772429e-21
1.6503057370e+1    5.0554241e-21
1.6516662530e+1    4.9927456e-21
1.6530267690e+1    4.9625278e-21
1.6543872850e+1    4.8128389e-21
1.6557478010e+1    4.8752860e-21
1.6571083160e+1    4.8344072e-21
1.6584688320e+1    4.8736488e-21
1.6598293480e+1    4.8286504e-21
1.6611898640e+1    4.8125745e-21
1.6625503800e+1    4.8413358e-21
1.6639108960e+1    4.9042452e-21
1.6652714120e+1    4.9104716e-21
1.6679924430e+1    4.9125106e-21
1.6693529590e+1    4.8864995e-21
1.6707134750e+1    4.8930779e-21
1.6720739910e+1    4.8827557e-21
1.6734345070e+1    4.8200148e-21
1.6747950230e+1    4.7505131e-21
1.6761555380e+1    4.7500707e-21
1.6775160540e+1    4.7711518e-21
1.6788765700e+1    4.7802155e-21
1.6802370860e+1    4.8129585e-21
1.6815976020e+1    4.8527899e-21
1.6829581180e+1    4.7089756e-21
1.6843186340e+1    4.7046872e-21
1.6856791500e+1    4.6606278e-21
1.6870396650e+1    4.6290546e-21
1.6884001810e+1    4.6042012e-21
1.6897606970e+1    4.5895931e-21
1.6911212130e+1    4.5455578e-21
1.6924817290e+1    4.4837164e-21
1.6938422450e+1    4.3663472e-21
1.6952027610e+1    4.2838083e-21
1.6965632760e+1    4.2828931e-21
1.6979237920e+1    4.2251932e-21
1.6992843080e+1    4.1952599e-21
1.7006448240e+1    4.1003169e-21
1.7020053400e+1    4.0421230e-21
1.7033658560e+1    4.0108830e-21
1.7047263720e+1    3.9172728e-21
1.7060868870e+1    3.8907156e-21
1.7074474030e+1    3.8848191e-21
1.7088079190e+1    3.8184425e-21
1.7101684350e+1    3.7643283e-21
1.7115289510e+1    3.7548240e-21
1.7128894670e+1    3.6674917e-21
1.7142499830e+1    3.6537660e-21
1.7156104980e+1    3.5940795e-21
1.7169710140e+1    3.5294542e-21
1.7183315300e+1    3.5179053e-21
1.7196920460e+1    3.4792337e-21
1.7210525620e+1    3.4570655e-21
1.7224130780e+1    3.3808401e-21
1.7237735940e+1    3.3175690e-21
1.7251341090e+1    3.2858074e-21
1.7264946250e+1    3.2669154e-21
1.7278551410e+1    3.2538902e-21
1.7292156570e+1    3.2661225e-21
1.7305761730e+1    3.2620358e-21
1.7319366890e+1    3.2753298e-21
1.7332972050e+1    3.2784569e-21
1.7346577200e+1    3.3055834e-21
1.7360182360e+1    3.3273293e-21
1.7373787520e+1    3.3767021e-21
1.7387392680e+1    3.3766253e-21
1.7400997840e+1    3.3740666e-21
1.7414603000e+1    3.3673979e-21
1.7428208160e+1    3.3666610e-21
1.7441813310e+1    3.2543007e-21
1.7455418470e+1    3.2159618e-21
1.7469023630e+1    3.2568609e-21
1.7482628790e+1    3.2200549e-21
1.7496233950e+1    3.2399979e-21
1.7509839110e+1    3.1871617e-21
1.7523444270e+1    3.1408086e-21
1.7537049420e+1    3.1359079e-21
1.7550654580e+1    3.0824203e-21
1.7564259740e+1    3.0646144e-21
1.7577864900e+1    3.0541112e-21
1.7591470060e+1    3.0717855e-21
1.7605075220e+1    3.0731559e-21
1.7618680380e+1    3.0798776e-21
1.7632285530e+1    3.0752999e-21
1.7645890690e+1    3.0747732e-21
1.7659495850e+1    3.0730225e-21
1.7673101010e+1    3.0455401e-21
1.7686706170e+1    3.0686460e-21
1.7700311330e+1    3.0443780e-21
1.7713916490e+1    3.0583344e-21
1.7727521640e+1    3.0690632e-21
1.7741126800e+1    3.0718258e-21
1.7754731960e+1    3.0503742e-21
1.7768337120e+1    3.0434634e-21
1.7781942280e+1    3.0515322e-21
1.7795547440e+1    3.0335785e-21
1.7809152600e+1    2.9997545e-21
1.7822757760e+1    2.9743262e-21
1.7836362910e+1    2.9711568e-21
1.7849968070e+1    2.9550304e-21
1.7863573230e+1    2.9816508e-21
1.7877178390e+1    2.9592473e-21
1.7890783550e+1    2.9348001e-21
1.7904388710e+1    2.9061162e-21
1.7917993870e+1    2.9041370e-21
1.7931599020e+1    2.9247581e-21
1.7945204180e+1    2.9001772e-21
1.7958809340e+1    2.9224819e-21
1.7972414500e+1    2.9200438e-21
1.7986019660e+1    2.9660487e-21
1.7999624820e+1    2.9640473e-21
1.8013229980e+1    2.9876374e-21
1.8026835130e+1    2.9835574e-21
1.8040440290e+1    2.9605793e-21
1.8054045450e+1    2.9830370e-21
1.8067650610e+1    2.9443571e-21
1.8081255770e+1    2.9265951e-21
1.8094860930e+1    2.8430251e-21
1.8108466090e+1    2.7442028e-21
1.8122071240e+1    2.6735077e-21
1.8135676400e+1    2.6534649e-21
1.8149281560e+1    2.6334824e-21
1.8162886720e+1    2.6326331e-21
1.8176491880e+1    2.6050628e-21
1.8190097040e+1    2.6364133e-21
1.8203702200e+1    2.6244562e-21
1.8217307350e+1    2.6367757e-21
1.8230912510e+1    2.6224466e-21
1.8244517670e+1    2.6385066e-21
1.8258122830e+1    2.6517403e-21
1.8271727990e+1    2.6396081e-21
1.8285333150e+1    2.6471434e-21
1.8298938310e+1    2.6380529e-21
1.8312543460e+1    2.6423214e-21
1.8326148620e+1    2.6377742e-21
1.8339753780e+1    2.6236294e-21
1.8353358940e+1    2.5993157e-21
1.8366964100e+1    2.5785492e-21
1.8380569260e+1    2.5727982e-21
1.8394174420e+1    2.5603732e-21
1.8407779570e+1    2.5517867e-21
1.8421384730e+1    2.5522711e-21
1.8434989890e+1    2.5173537e-21
1.8448595050e+1    2.5285281e-21
1.8462200210e+1    2.5293042e-21
1.8475805370e+1    2.5194552e-21
1.8489410530e+1    2.5218086e-21
1.8503015680e+1    2.5034568e-21
1.8516620840e+1    2.4580026e-21
1.8530226000e+1    2.4846132e-21
1.8543831160e+1    2.4812326e-21
1.8557436320e+1    2.4728911e-21
1.8571041480e+1    2.4122737e-21
1.8584646640e+1    2.4017304e-21
1.8598251790e+1    2.3852971e-21
1.8611856950e+1    2.3443993e-21
1.8625462110e+1    2.3354823e-21
1.8639067270e+1    2.3283478e-21
1.8652672430e+1    2.2902140e-21
1.8666277590e+1    2.2900933e-21
1.8679882750e+1    2.2775297e-21
1.8693487900e+1    2.2768728e-21
1.8707093060e+1    3.7447682e-19
1.8720698220e+1    2.2502195e-21
1.8734303380e+1    2.2474561e-21
1.8747908540e+1    2.2512249e-21
1.8761513700e+1    2.2154154e-21
1.8775118860e+1    2.1870985e-21
1.8788724020e+1    2.1640163e-21
1.8802329170e+1    2.1634057e-21
1.8815934330e+1    2.1468268e-21
1.8829539490e+1    2.1233521e-21
1.8843144650e+1    2.1210440e-21
1.8856749810e+1    2.1206755e-21
1.8870354970e+1    2.0982476e-21
1.8883960130e+1    2.0864059e-21
1.8897565280e+1    2.0671181e-21
1.8911170440e+1    2.0565626e-21
1.8924775600e+1    2.0215284e-21
1.8938380760e+1    1.9841699e-21
1.8951985920e+1    1.9613639e-21
1.8965591080e+1    1.9505903e-21
1.8979196240e+1    1.9034339e-21
1.8992801390e+1    1.8999483e-21
1.9006406550e+1    1.8763659e-21
1.9020011710e+1    1.8527957e-21
1.9033616870e+1    1.8192683e-21
1.9047222030e+1    1.7990740e-21
1.9060827190e+1    1.7795963e-21
1.9074432350e+1    1.7767840e-21
1.9088037500e+1    1.7524175e-21
1.9101642660e+1    1.7542959e-21
1.9115247820e+1    1.7269651e-21
1.9128852980e+1    1.7241622e-21
1.9142458140e+1    1.7145925e-21
1.9156063300e+1    1.7104274e-21
1.9169668460e+1    1.6929142e-21
1.9183273610e+1    1.6932638e-21
1.9196878770e+1    1.6807871e-21
1.9210483930e+1    1.6921971e-21
1.9224089090e+1    1.6877550e-21
1.9237694250e+1    1.6795875e-21
1.9251299410e+1    1.6779354e-21
1.9264904570e+1    1.6923930e-21
1.9278509720e+1    1.6783387e-21
1.9292114880e+1    1.6807847e-21
1.9305720040e+1    1.6754130e-21
1.9319325200e+1    1.6733400e-21
1.9332930360e+1    1.6707584e-21
1.9346535520e+1    1.6655435e-21
1.9360140680e+1    1.6537720e-21
1.9373745830e+1    1.6377550e-21
1.9387350990e+1    1.6263012e-21
1.9400956150e+1    1.6331310e-21
1.9414561310e+1    1.6155280e-20
1.9428166470e+1    1.6181009e-21
1.9441771630e+1    1.6071960e-21
1.9455376790e+1    1.6032529e-21
1.9468981940e+1    1.6060277e-21
1.9482587100e+1    1.6027602e-21
1.9496192260e+1    1.5913260e-21
1.9509797420e+1    1.5868949e-21
1.9523402580e+1    2.0420183e-21
1.9537007740e+1    1.5844135e-21
1.9550612900e+1    1.5945234e-21
1.9564218050e+1    1.5881892e-21
1.9577823210e+1    1.5833161e-21
1.9591428370e+1    1.5795235e-21
1.9999583130e+1    6.9832186e-21
2.4999478910e+1    5.2170462e-22
2.9999374690e+1    2.3266490e-22
3.4999270480e+1    1.2781897e-22
3.9999166260e+1    7.8315783e-23
4.4999062040e+1    4.8598675e-23
4.9998957820e+1    3.1635473e-23
5.4998853610e+1    2.1690652e-23
5.9998749390e+1    1.5359851e-23
6.4998645170e+1    1.1218645e-23
6.9998540950e+1    8.3801002e-24
7.4998436740e+1    6.3699785e-24
7.9998332520e+1    4.9578297e-24
8.4998228300e+1    3.9027076e-24
8.9998124080e+1    3.1208926e-24
9.4998019870e+1    2.5029845e-24
9.9997915650e+1    2.0333904e-24
1.0499781143e+2    1.6668608e-24
1.0999770721e+2    1.3757048e-24
1.1499760300e+2    1.1443040e-24
1.1999749878e+2    9.5200465e-25
1.2499739456e+2    8.0457354e-25
1.2999729034e+2    6.8131026e-25
1.3499718613e+2    5.7979457e-25
-----------------------------

