EXCITATION
N(2p2_3P_3p_2So) -> N(2p2_1D_3s_2De)
 1.237300e+1
SPECIES: e / N(2p2_3P_3p_2So)
PROCESS: E + N(2p2_3P_3p_2So) -> E + N(2p2_1D_3s_2De), Excitation
PARAM.:  E = 12.373 eV
UPDATED: 2019-01-30 20:10:47
COLUMNS: Energy (eV) | Cross section (m2)
-----------------------------
1.2373201690e+1    0.0000000e+7
1.2380694320e+1    8.1803520e-22
1.2394299480e+1    1.8922619e-21
1.2407904640e+1    2.2454174e-21
1.2421509790e+1    2.5249295e-21
1.2435114950e+1    2.7151555e-21
1.2448720110e+1    2.8481378e-21
1.2462325270e+1    2.9448243e-21
1.2475930430e+1    2.8599556e-21
1.2489535590e+1    2.8821714e-21
1.2503140750e+1    2.8946325e-21
1.2516745900e+1    2.8992817e-21
1.2530351060e+1    2.8983733e-21
1.2543956220e+1    2.8928842e-21
1.2557561380e+1    2.8363244e-21
1.2571166540e+1    2.8196412e-21
1.2584771700e+1    2.8008623e-21
1.2598376860e+1    2.7803226e-21
1.2611982010e+1    2.7581260e-21
1.2625587170e+1    2.7352358e-21
1.2639192330e+1    2.7126412e-21
1.2652797490e+1    2.6938794e-21
1.2666402650e+1    2.6920954e-21
1.2680007810e+1    2.7114206e-21
1.2693612970e+1    2.6383455e-21
1.2707218120e+1    2.5329623e-21
1.2720823280e+1    2.4660866e-21
1.2734428440e+1    2.4074528e-21
1.2748033600e+1    2.3478821e-21
1.2761638760e+1    2.2839517e-21
1.2775243920e+1    2.2134149e-21
1.2788849080e+1    2.1335898e-21
1.2802454230e+1    2.0383331e-21
1.2816059390e+1    1.8990795e-21
1.2829664550e+1    1.8801013e-21
1.2843269710e+1    2.1137454e-21
1.2856874870e+1    2.2990230e-21
1.2870480030e+1    2.2785968e-21
1.2884085190e+1    1.8467177e-21
1.2897690340e+1    1.9990469e-21
1.2911295500e+1    2.0610265e-21
1.2924900660e+1    1.8053553e-21
1.2938505820e+1    1.6293819e-21
1.2952110980e+1    1.4968300e-21
1.2965716140e+1    1.4452356e-21
1.2979321300e+1    1.8366007e-21
1.2992926460e+1    1.7872601e-21
1.3006531610e+1    1.5394272e-21
1.3020136770e+1    1.1557234e-21
1.3033741930e+1    1.2161896e-21
1.3047347090e+1    1.6545617e-21
1.3060952250e+1    1.9062176e-21
1.3074557410e+1    1.9200264e-21
1.3088162570e+1    1.9527849e-21
1.3101767720e+1    2.0000944e-21
1.3115372880e+1    1.9194555e-21
1.3128978040e+1    1.9586647e-21
1.3142583200e+1    2.0079824e-21
1.3156188360e+1    2.0070439e-21
1.3169793520e+1    2.0255689e-21
1.3183398680e+1    2.0668987e-21
1.3197003830e+1    2.1066364e-21
1.3210608990e+1    2.1407642e-21
1.3224214150e+1    2.1625695e-21
1.3237819310e+1    2.1581796e-21
1.3251424470e+1    2.0665651e-21
1.3265029630e+1    2.0796152e-21
1.3278634790e+1    2.1124581e-21
1.3305845100e+1    2.1378755e-21
1.3319450260e+1    2.0942086e-21
1.3333055420e+1    2.0294474e-21
1.3346660580e+1    1.9913043e-21
1.3360265740e+1    1.9515812e-21
1.3373870900e+1    1.9236560e-21
1.3387476050e+1    2.0136329e-21
1.3401081210e+1    2.0359373e-21
1.3414686370e+1    2.0366728e-21
1.3428291530e+1    1.7560971e-21
1.3441896690e+1    2.1455531e-21
1.3455501850e+1    2.2438626e-21
1.3469107010e+1    2.3581715e-21
1.3482712160e+1    2.0106585e-21
1.3496317320e+1    2.2280343e-21
1.3509922480e+1    2.1625350e-21
1.3523527640e+1    2.2262891e-21
1.3537132800e+1    2.3180669e-21
1.3550737960e+1    2.4044378e-21
1.3564343120e+1    2.3596627e-21
1.3577948270e+1    2.2535540e-21
1.3591553430e+1    2.1551839e-21
1.3605158590e+1    2.1684543e-21
1.3618763750e+1    2.0485361e-21
1.3632368910e+1    1.9498353e-21
1.3645974070e+1    1.9273582e-21
1.3659579230e+1    2.1489636e-21
1.3673184380e+1    2.7588457e-21
1.3700394700e+1    2.9852283e-21
1.3713999860e+1    3.6241548e-21
1.3754815340e+1    3.9507605e-21
1.3768420490e+1    3.9778830e-21
1.3782025650e+1    3.5542976e-21
1.3795630810e+1    3.7578645e-21
1.3809235970e+1    3.7426389e-21
1.3822841130e+1    3.6030554e-21
1.3836446290e+1    2.9946383e-21
1.3850051450e+1    2.5827790e-21
1.3863656600e+1    2.4049016e-21
1.3877261760e+1    2.3840409e-21
1.3890866920e+1    2.5527457e-21
1.3904472080e+1    1.9521699e-21
1.3918077240e+1    1.8841370e-21
1.3931682400e+1    1.7561007e-21
1.3945287560e+1    1.6456640e-21
1.3958892720e+1    1.7055385e-21
1.3972497870e+1    1.7412963e-21
1.3986103030e+1    1.3694664e-21
1.3999708190e+1    1.4852920e-21
1.4013313350e+1    1.4321277e-21
1.4026918510e+1    1.5081037e-21
1.4040523670e+1    1.5761634e-21
1.4054128830e+1    1.6873152e-21
1.4067733980e+1    2.1268440e-21
1.4081339140e+1    1.8053293e-21
1.4094944300e+1    1.7294942e-21
1.4108549460e+1    1.5799051e-21
1.4122154620e+1    1.5261593e-21
1.4135759780e+1    1.5514602e-21
1.4149364940e+1    1.5659447e-21
1.4162970090e+1    1.5039635e-21
1.4176575250e+1    1.5784211e-21
1.4190180410e+1    1.8152966e-21
1.4203785570e+1    1.7889208e-21
1.4217390730e+1    1.9015126e-21
1.4230995890e+1    1.8408777e-21
1.4244601050e+1    1.7813310e-21
1.4258206200e+1    1.5982296e-21
1.4271811360e+1    1.6395429e-21
1.4285416520e+1    1.5655726e-21
1.4299021680e+1    1.4231949e-21
1.4312626840e+1    1.4352151e-21
1.4326232000e+1    1.4677464e-21
1.4339837160e+1    1.3674424e-21
1.4353442310e+1    1.2588599e-21
1.4367047470e+1    1.4117178e-21
1.4380652630e+1    1.3966010e-21
1.4394257790e+1    1.5382321e-21
1.4407862950e+1    1.5406322e-21
1.4421468110e+1    1.5362760e-21
1.4435073270e+1    1.4940184e-21
1.4448678420e+1    1.3434667e-21
1.4462283580e+1    1.3271504e-21
1.4475888740e+1    1.3621558e-21
1.4489493900e+1    1.3006064e-21
1.4503099060e+1    1.3645878e-21
1.4516704220e+1    1.3843776e-21
1.4530309380e+1    1.2703317e-21
1.4543914530e+1    1.3149623e-21
1.4557519690e+1    1.1831804e-21
1.4571124850e+1    1.1367824e-21
1.4584730010e+1    1.1707987e-21
1.4598335170e+1    1.1541359e-21
1.4611940330e+1    1.1242610e-21
1.4625545490e+1    1.0917502e-21
1.4639150640e+1    1.1815176e-21
1.4652755800e+1    1.1711710e-21
1.4666360960e+1    1.2344468e-21
1.4679966120e+1    1.2197481e-21
1.4693571280e+1    1.1631293e-21
1.4707176440e+1    1.1934372e-21
1.4720781600e+1    1.0747188e-21
1.4734386750e+1    1.1796585e-21
1.4747991910e+1    1.1895799e-21
1.4761597070e+1    1.2652675e-21
1.4775202230e+1    1.2684012e-21
1.4788807390e+1    1.0279489e-21
1.4802412550e+1    9.2608946e-22
1.4816017710e+1    9.5746797e-22
1.4829622860e+1    9.1882614e-22
1.4843228020e+1    9.3463066e-22
1.4856833180e+1    9.2896520e-22
1.4870438340e+1    9.8084840e-22
1.4884043500e+1    9.6849645e-22
1.4897648660e+1    1.0045581e-21
1.4911253820e+1    1.0383480e-21
1.4924858980e+1    1.0548204e-21
1.4938464130e+1    1.0770169e-21
1.4952069290e+1    1.0388774e-21
1.4965674450e+1    1.0582209e-21
1.4979279610e+1    1.1785555e-21
1.4992884770e+1    1.1616992e-21
1.5006489930e+1    1.1296357e-21
1.5020095090e+1    1.1498697e-21
1.5033700240e+1    1.0857324e-21
1.5047305400e+1    1.0977033e-21
1.5060910560e+1    1.0965863e-21
1.5074515720e+1    1.1253737e-21
1.5088120880e+1    1.1240683e-21
1.5101726040e+1    1.1310995e-21
1.5115331200e+1    1.1423012e-21
1.5128936350e+1    1.1394051e-21
1.5142541510e+1    1.2337644e-21
1.5156146670e+1    1.2449865e-21
1.5169751830e+1    1.2416561e-21
1.5183356990e+1    1.1854095e-21
1.5196962150e+1    1.2244436e-21
1.5210567310e+1    1.1810710e-21
1.5224172460e+1    1.1630443e-21
1.5237777620e+1    1.1252103e-21
1.5251382780e+1    1.1069980e-21
1.5264987940e+1    1.1232128e-21
1.5278593100e+1    1.1311841e-21
1.5292198260e+1    1.0642526e-21
1.5305803420e+1    1.0273902e-21
1.5319408570e+1    1.0155954e-21
1.5333013730e+1    1.0140898e-21
1.5346618890e+1    9.5036931e-22
1.5360224050e+1    9.2639692e-22
1.5373829210e+1    9.1971074e-22
1.5387434370e+1    9.1113626e-22
1.5401039530e+1    9.1556781e-22
1.5414644680e+1    9.2047545e-22
1.5428249840e+1    8.9665490e-22
1.5441855000e+1    8.7794774e-22
1.5455460160e+1    8.7468178e-22
1.5469065320e+1    8.8323528e-22
1.5482670480e+1    9.0728956e-22
1.5509880790e+1    8.6816119e-22
1.5523485950e+1    8.4027557e-22
1.5537091110e+1    7.9210074e-22
1.5550696270e+1    7.8136449e-22
1.5564301430e+1    7.6375244e-22
1.5577906590e+1    8.3672514e-22
1.5591511750e+1    7.4481123e-22
1.5605116900e+1    7.7657012e-22
1.5618722060e+1    8.1032231e-22
1.5632327220e+1    8.3576010e-22
1.5645932380e+1    8.4233463e-22
1.5659537540e+1    8.0210394e-22
1.5673142700e+1    7.7772675e-22
1.5686747860e+1    7.6536050e-22
1.5700353010e+1    7.8277959e-22
1.5713958170e+1    8.2198882e-22
1.5727563330e+1    8.5094903e-22
1.5741168490e+1    8.5921185e-22
1.5754773650e+1    7.5968586e-22
1.5768378810e+1    7.6520671e-22
1.5781983970e+1    7.5518629e-22
1.5795589120e+1    8.0942543e-22
1.5809194280e+1    7.9280154e-22
1.5822799440e+1    8.1232096e-22
1.5836404600e+1    8.2099039e-22
1.5850009760e+1    8.5564400e-22
1.5863614920e+1    8.1988797e-22
1.5877220080e+1    8.1941677e-22
1.5890825240e+1    7.8741419e-22
1.5904430390e+1    7.7753756e-22
1.5918035550e+1    7.2218701e-22
1.5931640710e+1    8.1737037e-22
1.5945245870e+1    8.1094713e-22
1.5958851030e+1    7.7993923e-22
1.5972456190e+1    8.0690541e-22
1.5986061350e+1    7.8197383e-22
1.5999666500e+1    8.2016044e-22
1.6013271660e+1    8.0896984e-22
1.6026876820e+1    8.3303526e-22
1.6040481980e+1    8.4007795e-22
1.6054087140e+1    8.2749795e-22
1.6067692300e+1    8.1800091e-22
1.6081297460e+1    8.1507638e-22
1.6094902610e+1    7.7831335e-22
1.6108507770e+1    7.9025289e-22
1.6122112930e+1    7.8907269e-22
1.6135718090e+1    7.9973237e-22
1.6149323250e+1    8.2039871e-22
1.6162928410e+1    8.2614633e-22
1.6176533570e+1    7.9712797e-22
1.6190138720e+1    8.0204053e-22
1.6203743880e+1    8.2813227e-22
1.6217349040e+1    7.7474822e-22
1.6230954200e+1    7.5215505e-22
1.6244559360e+1    8.1268664e-22
1.6258164520e+1    7.5816995e-22
1.6271769680e+1    7.7264834e-22
1.6285374830e+1    7.9541324e-22
1.6298979990e+1    8.2426635e-22
1.6312585150e+1    8.4212335e-22
1.6326190310e+1    7.8398273e-22
1.6339795470e+1    7.7397686e-22
1.6353400630e+1    7.7285810e-22
1.6367005790e+1    8.1628313e-22
1.6394216100e+1    8.2512134e-22
1.6407821260e+1    8.1793061e-22
1.6421426420e+1    7.9487399e-22
1.6435031580e+1    7.5413870e-22
1.6448636740e+1    8.0071478e-22
1.6462241900e+1    7.8391999e-22
1.6475847050e+1    7.6757937e-22
1.6489452210e+1    7.8259517e-22
1.6503057370e+1    7.5613127e-22
1.6516662530e+1    7.3690877e-22
1.6530267690e+1    7.4575195e-22
1.6543872850e+1    7.3864420e-22
1.6557478010e+1    7.3778671e-22
1.6571083160e+1    7.4818670e-22
1.6584688320e+1    7.3285859e-22
1.6598293480e+1    7.5340957e-22
1.6611898640e+1    7.5791180e-22
1.6625503800e+1    7.6098621e-22
1.6639108960e+1    7.6156286e-22
1.6652714120e+1    7.7034410e-22
1.6679924430e+1    7.5069819e-22
1.6693529590e+1    7.6477567e-22
1.6707134750e+1    7.7481246e-22
1.6720739910e+1    7.5089904e-22
1.6734345070e+1    7.7605094e-22
1.6747950230e+1    8.0591303e-22
1.6761555380e+1    7.7997894e-22
1.6775160540e+1    7.4798137e-22
1.6788765700e+1    7.2342675e-22
1.6802370860e+1    7.5301062e-22
1.6815976020e+1    7.4135870e-22
1.6829581180e+1    7.4463755e-22
1.6843186340e+1    7.5295985e-22
1.6856791500e+1    7.3128495e-22
1.6870396650e+1    7.3241024e-22
1.6884001810e+1    7.2172463e-22
1.6897606970e+1    7.1604778e-22
1.6911212130e+1    7.0979574e-22
1.6924817290e+1    6.8169420e-22
1.6938422450e+1    7.0687537e-22
1.6952027610e+1    6.7844704e-22
1.6965632760e+1    6.7345968e-22
1.6979237920e+1    6.7707092e-22
1.6992843080e+1    6.7566077e-22
1.7006448240e+1    6.6658208e-22
1.7020053400e+1    6.6775695e-22
1.7033658560e+1    6.7276520e-22
1.7047263720e+1    6.7322594e-22
1.7060868870e+1    6.6541935e-22
1.7074474030e+1    6.7363970e-22
1.7088079190e+1    6.5771347e-22
1.7101684350e+1    6.6503036e-22
1.7115289510e+1    6.6804527e-22
1.7128894670e+1    6.7799215e-22
1.7142499830e+1    6.7596990e-22
1.7156104980e+1    6.6858316e-22
1.7169710140e+1    6.6603423e-22
1.7183315300e+1    6.6911936e-22
1.7196920460e+1    6.8743744e-22
1.7210525620e+1    6.7206387e-22
1.7224130780e+1    6.7719786e-22
1.7237735940e+1    6.8412194e-22
1.7251341090e+1    6.8263248e-22
1.7264946250e+1    6.6515960e-22
1.7278551410e+1    6.9246862e-22
1.7292156570e+1    7.0087086e-22
1.7305761730e+1    6.7263033e-22
1.7319366890e+1    6.7417046e-22
1.7332972050e+1    6.7172325e-22
1.7346577200e+1    6.6325468e-22
1.7360182360e+1    6.6217162e-22
1.7373787520e+1    6.6789161e-22
1.7387392680e+1    6.5338468e-22
1.7400997840e+1    6.4908365e-22
1.7414603000e+1    6.4480301e-22
1.7428208160e+1    6.4581363e-22
1.7441813310e+1    6.3689471e-22
1.7455418470e+1    6.5418720e-22
1.7469023630e+1    6.4397703e-22
1.7482628790e+1    6.2160236e-22
1.7496233950e+1    6.2980608e-22
1.7509839110e+1    6.3464125e-22
1.7523444270e+1    6.4394445e-22
1.7537049420e+1    6.4437451e-22
1.7550654580e+1    6.0239143e-22
1.7564259740e+1    6.1495980e-22
1.7577864900e+1    6.2302644e-22
1.7591470060e+1    6.1842473e-22
1.7605075220e+1    6.2678478e-22
1.7618680380e+1    6.1698783e-22
1.7632285530e+1    6.4743177e-22
1.7645890690e+1    6.4423617e-22
1.7659495850e+1    6.4194467e-22
1.7673101010e+1    6.4681735e-22
1.7686706170e+1    6.2932868e-22
1.7700311330e+1    6.3124102e-22
1.7713916490e+1    6.1067835e-22
1.7727521640e+1    6.1762335e-22
1.7741126800e+1    6.0801189e-22
1.7754731960e+1    6.3495203e-22
1.7768337120e+1    6.3263171e-22
1.7781942280e+1    6.3815812e-22
1.7795547440e+1    6.3001488e-22
1.7809152600e+1    6.3764470e-22
1.7822757760e+1    6.2944157e-22
1.7836362910e+1    6.1882696e-22
1.7849968070e+1    6.3246185e-22
1.7863573230e+1    6.2694432e-22
1.7877178390e+1    6.2181650e-22
1.7890783550e+1    6.2346379e-22
1.7904388710e+1    6.3674363e-22
1.7917993870e+1    6.0489364e-22
1.7931599020e+1    5.8786319e-22
1.7945204180e+1    5.8754791e-22
1.7958809340e+1    5.8576009e-22
1.7972414500e+1    5.8368062e-22
1.7986019660e+1    5.8038040e-22
1.7999624820e+1    5.8573176e-22
1.8013229980e+1    5.7953348e-22
1.8026835130e+1    5.8132284e-22
1.8040440290e+1    5.8324217e-22
1.8054045450e+1    5.8766066e-22
1.8067650610e+1    5.6826404e-22
1.8081255770e+1    5.6748097e-22
1.8094860930e+1    5.7187956e-22
1.8108466090e+1    5.6751858e-22
1.8122071240e+1    5.6941791e-22
1.8135676400e+1    5.5821270e-22
1.8149281560e+1    5.5665833e-22
1.8162886720e+1    5.5444377e-22
1.8176491880e+1    5.5073958e-22
1.8190097040e+1    5.6034571e-22
1.8203702200e+1    5.6183360e-22
1.8217307350e+1    5.5351516e-22
1.8230912510e+1    5.6132709e-22
1.8244517670e+1    5.4885720e-22
1.8258122830e+1    5.5588367e-22
1.8271727990e+1    5.5903363e-22
1.8285333150e+1    5.5633229e-22
1.8298938310e+1    5.4952774e-22
1.8312543460e+1    5.6676071e-22
1.8326148620e+1    6.1370521e-22
1.8339753780e+1    5.5990568e-22
1.8353358940e+1    5.4718332e-22
1.8366964100e+1    5.4841247e-22
1.8380569260e+1    5.4463445e-22
1.8394174420e+1    5.3820576e-22
1.8407779570e+1    5.4891932e-22
1.8421384730e+1    5.4126972e-22
1.8434989890e+1    5.3950334e-22
1.8448595050e+1    5.3360124e-22
1.8462200210e+1    5.4465418e-22
1.8475805370e+1    5.2082360e-22
1.8489410530e+1    5.2873468e-22
1.8503015680e+1    5.3158989e-22
1.8516620840e+1    5.3362977e-22
1.8530226000e+1    5.1630652e-22
1.8543831160e+1    5.3715302e-22
1.8557436320e+1    5.0831186e-22
1.8571041480e+1    5.3961641e-22
1.8584646640e+1    5.5865114e-22
1.8598251790e+1    5.3413457e-22
1.8611856950e+1    5.3677386e-22
1.8625462110e+1    5.3323462e-22
1.8639067270e+1    5.4065449e-22
1.8652672430e+1    5.4273718e-22
1.8666277590e+1    5.2632692e-22
1.8679882750e+1    5.2954054e-22
1.8693487900e+1    5.2589125e-22
1.8707093060e+1    5.3593973e-22
1.8720698220e+1    5.4250762e-22
1.8734303380e+1    5.2421660e-22
1.8747908540e+1    5.2221734e-22
1.8761513700e+1    5.2435351e-22
1.8775118860e+1    5.2332762e-22
1.8788724020e+1    5.3484070e-22
1.8802329170e+1    5.2811156e-22
1.8815934330e+1    5.2307426e-22
1.8829539490e+1    5.2651664e-22
1.8843144650e+1    5.1622273e-22
1.8856749810e+1    5.2234252e-22
1.8870354970e+1    5.0735436e-22
1.8883960130e+1    5.1171127e-22
1.8897565280e+1    5.0729458e-22
1.8911170440e+1    5.1537351e-22
1.8924775600e+1    5.1056388e-22
1.8938380760e+1    5.0717821e-22
1.8951985920e+1    5.0807308e-22
1.8965591080e+1    5.1224194e-22
1.8979196240e+1    5.0652050e-22
1.8992801390e+1    5.1403433e-22
1.9006406550e+1    5.0525791e-22
1.9020011710e+1    5.0867854e-22
1.9033616870e+1    1.5923065e-21
1.9047222030e+1    5.0160939e-22
1.9060827190e+1    4.9884278e-22
1.9074432350e+1    5.0501735e-22
1.9088037500e+1    4.9285240e-22
1.9101642660e+1    4.9246047e-22
1.9115247820e+1    4.9059287e-22
1.9128852980e+1    4.7821990e-22
1.9142458140e+1    4.9327907e-22
1.9156063300e+1    4.9463539e-22
1.9169668460e+1    4.9852944e-22
1.9183273610e+1    4.8340505e-22
1.9196878770e+1    4.8702406e-22
1.9210483930e+1    4.8656726e-22
1.9224089090e+1    4.8563843e-22
1.9237694250e+1    4.8459729e-22
1.9251299410e+1    4.8369813e-22
1.9264904570e+1    4.7596417e-22
1.9278509720e+1    4.8151346e-22
1.9292114880e+1    4.7748543e-22
1.9305720040e+1    4.7629823e-22
1.9319325200e+1    4.7960934e-22
1.9332930360e+1    4.8213923e-22
1.9346535520e+1    4.8690070e-22
1.9360140680e+1    4.7546104e-22
1.9373745830e+1    4.7946105e-22
1.9387350990e+1    4.7204612e-22
1.9400956150e+1    4.7622921e-22
1.9414561310e+1    4.8609532e-22
1.9428166470e+1    4.7782042e-22
1.9441771630e+1    4.6377409e-22
1.9455376790e+1    4.7059036e-22
1.9468981940e+1    4.6601113e-22
1.9482587100e+1    4.6367418e-22
1.9496192260e+1    4.6392406e-22
1.9509797420e+1    4.5906603e-22
1.9523402580e+1    4.6927698e-22
1.9537007740e+1    4.7022577e-22
1.9550612900e+1    4.6551477e-22
1.9564218050e+1    4.6665762e-22
1.9577823210e+1    4.6356001e-22
1.9591428370e+1    4.5669859e-22
1.9999583130e+1    4.3154463e-22
2.4999478910e+1    2.8388726e-22
2.9999374690e+1    2.0751591e-22
3.4999270480e+1    1.5816099e-22
3.9999166260e+1    1.2201887e-22
4.4999062040e+1    9.3143504e-23
4.9998957820e+1    7.1564360e-23
5.4998853610e+1    5.4982529e-23
5.9998749390e+1    4.2901016e-23
6.4998645170e+1    3.3736989e-23
6.9998540950e+1    2.6632794e-23
7.4998436740e+1    2.1122273e-23
7.9998332520e+1    1.6850818e-23
8.4998228300e+1    1.3525443e-23
8.9998124080e+1    1.0928763e-23
9.4998019870e+1    8.8965132e-24
9.9997915650e+1    7.2693630e-24
1.0499781143e+2    6.1821794e-24
1.0999770721e+2    5.1386290e-24
1.1499760300e+2    4.2957199e-24
1.1999749878e+2    3.6122923e-24
1.2499739456e+2    3.0557301e-24
1.2999729034e+2    2.5980141e-24
1.3499718613e+2    2.2215721e-24
-----------------------------

