EXCITATION
N(2p3_2Po) -> N(2p2_3P_3d_2Pe)
 1.296300e+1
SPECIES: e / N(2p3_2Po)
PROCESS: E + N(2p3_2Po) -> E + N(2p2_3P_3d_2Pe), Excitation
PARAM.:  E = 12.963 eV
UPDATED: 2019-01-30 20:10:46
COLUMNS: Energy (eV) | Cross section (m2)
-----------------------------
1.2963012520e+1    0.0000000e+7
1.2965716140e+1    7.0776157e-24
1.2979321300e+1    3.6225345e-23
1.2992926460e+1    4.2476433e-23
1.3006531610e+1    4.1299213e-23
1.3020136770e+1    3.5168561e-23
1.3033741930e+1    5.0229098e-23
1.3047347090e+1    5.7973723e-23
1.3060952250e+1    5.9566908e-23
1.3074557410e+1    4.7860484e-23
1.3088162570e+1    4.6292262e-23
1.3101767720e+1    4.4006190e-23
1.3115372880e+1    4.3309181e-23
1.3128978040e+1    4.2543051e-23
1.3142583200e+1    4.2699139e-23
1.3156188360e+1    4.7779377e-23
1.3169793520e+1    4.6105168e-23
1.3183398680e+1    4.7157974e-23
1.3197003830e+1    4.1285923e-23
1.3210608990e+1    4.1899787e-23
1.3224214150e+1    4.3840603e-23
1.3237819310e+1    4.3174944e-23
1.3251424470e+1    4.3510499e-23
1.3265029630e+1    4.4062918e-23
1.3278634790e+1    4.3668066e-23
1.3305845100e+1    3.9648348e-23
1.3319450260e+1    4.0152469e-23
1.3333055420e+1    4.6294724e-23
1.3346660580e+1    4.7672683e-23
1.3360265740e+1    4.8062485e-23
1.3373870900e+1    5.0146427e-23
1.3387476050e+1    5.2035463e-23
1.3401081210e+1    5.2106302e-23
1.3414686370e+1    5.3177892e-23
1.3428291530e+1    4.6597443e-23
1.3441896690e+1    5.6562383e-23
1.3455501850e+1    5.7473464e-23
1.3469107010e+1    5.8650740e-23
1.3482712160e+1    6.2559045e-23
1.3496317320e+1    6.3091898e-23
1.3509922480e+1    6.3695594e-23
1.3523527640e+1    6.3469313e-23
1.3537132800e+1    6.5959870e-23
1.3550737960e+1    6.7504483e-23
1.3564343120e+1    6.8592136e-23
1.3577948270e+1    6.9913873e-23
1.3591553430e+1    6.9977329e-23
1.3605158590e+1    6.4686050e-23
1.3618763750e+1    6.3624447e-23
1.3632368910e+1    5.5080825e-23
1.3645974070e+1    4.6364434e-23
1.3659579230e+1    3.5808579e-23
1.3673184380e+1    3.4786720e-23
1.3700394700e+1    4.9377913e-23
1.3713999860e+1    3.7892625e-23
1.3754815340e+1    3.2148186e-23
1.3768420490e+1    3.4944011e-23
1.3782025650e+1    4.0779838e-23
1.3795630810e+1    3.9445052e-23
1.3809235970e+1    3.8167249e-23
1.3822841130e+1    4.2286594e-23
1.3836446290e+1    4.4492063e-23
1.3850051450e+1    4.5807702e-23
1.3863656600e+1    4.4944203e-23
1.3877261760e+1    4.2673678e-23
1.3890866920e+1    4.5102513e-23
1.3904472080e+1    4.7650287e-23
1.3918077240e+1    4.7848980e-23
1.3931682400e+1    5.0891181e-23
1.3945287560e+1    5.5431606e-23
1.3958892720e+1    5.7949471e-23
1.3972497870e+1    5.1633573e-23
1.3986103030e+1    5.3459994e-23
1.3999708190e+1    5.2788273e-23
1.4013313350e+1    5.4134132e-23
1.4026918510e+1    5.3830992e-23
1.4040523670e+1    5.5820380e-23
1.4054128830e+1    5.6582083e-23
1.4067733980e+1    5.5684588e-23
1.4081339140e+1    5.3455385e-23
1.4094944300e+1    5.5252551e-23
1.4108549460e+1    5.5806981e-23
1.4122154620e+1    5.7110251e-23
1.4135759780e+1    5.7036143e-23
1.4149364940e+1    5.7800038e-23
1.4162970090e+1    5.7722846e-23
1.4176575250e+1    5.8318236e-23
1.4190180410e+1    5.8037550e-23
1.4203785570e+1    5.8321892e-23
1.4217390730e+1    5.7285541e-23
1.4230995890e+1    5.5030890e-23
1.4244601050e+1    5.3969247e-23
1.4258206200e+1    5.3069658e-23
1.4271811360e+1    4.7230306e-23
1.4285416520e+1    4.9490079e-23
1.4299021680e+1    5.1343867e-23
1.4312626840e+1    4.7161285e-23
1.4326232000e+1    4.5567800e-23
1.4339837160e+1    4.4299932e-23
1.4353442310e+1    4.7026505e-23
1.4367047470e+1    4.5951248e-23
1.4380652630e+1    4.3664610e-23
1.4394257790e+1    4.5544074e-23
1.4407862950e+1    4.5323202e-23
1.4421468110e+1    4.4863051e-23
1.4435073270e+1    4.5174498e-23
1.4448678420e+1    4.6316681e-23
1.4462283580e+1    4.8805126e-23
1.4475888740e+1    5.0398943e-23
1.4489493900e+1    5.1827464e-23
1.4503099060e+1    5.2373353e-23
1.4516704220e+1    5.5880700e-23
1.4530309380e+1    5.4457515e-23
1.4543914530e+1    5.6248919e-23
1.4557519690e+1    6.0373732e-23
1.4571124850e+1    5.8841222e-23
1.4584730010e+1    6.1591545e-23
1.4598335170e+1    5.9833522e-23
1.4611940330e+1    5.9939484e-23
1.4625545490e+1    5.9841522e-23
1.4639150640e+1    6.0613751e-23
1.4652755800e+1    6.2012970e-23
1.4666360960e+1    6.5362565e-23
1.4679966120e+1    6.4420306e-23
1.4693571280e+1    6.6946500e-23
1.4707176440e+1    6.7008330e-23
1.4720781600e+1    6.6856650e-23
1.4734386750e+1    6.9507052e-23
1.4747991910e+1    6.7647270e-23
1.4761597070e+1    6.5596685e-23
1.4775202230e+1    6.5012922e-23
1.4788807390e+1    6.9508024e-23
1.4802412550e+1    6.5648653e-23
1.4816017710e+1    6.6155213e-23
1.4829622860e+1    6.8305120e-23
1.4843228020e+1    6.8634878e-23
1.4856833180e+1    6.8246447e-23
1.4870438340e+1    7.0990342e-23
1.4884043500e+1    6.9940870e-23
1.4897648660e+1    6.9915793e-23
1.4911253820e+1    7.0480756e-23
1.4924858980e+1    6.7538343e-23
1.4938464130e+1    6.7541220e-23
1.4952069290e+1    6.6724082e-23
1.4965674450e+1    6.4840359e-23
1.4979279610e+1    6.3479762e-23
1.4992884770e+1    6.3221716e-23
1.5006489930e+1    6.2590849e-23
1.5020095090e+1    6.3634912e-23
1.5033700240e+1    6.4737471e-23
1.5047305400e+1    6.4572712e-23
1.5060910560e+1    6.5437757e-23
1.5074515720e+1    6.4779338e-23
1.5088120880e+1    6.6187697e-23
1.5101726040e+1    6.4936898e-23
1.5115331200e+1    6.3734394e-23
1.5128936350e+1    6.4979250e-23
1.5142541510e+1    6.3981427e-23
1.5156146670e+1    6.3323654e-23
1.5169751830e+1    6.2340357e-23
1.5183356990e+1    6.2308995e-23
1.5196962150e+1    6.1568171e-23
1.5210567310e+1    6.1193619e-23
1.5224172460e+1    6.1002315e-23
1.5237777620e+1    6.2089708e-23
1.5251382780e+1    6.2343825e-23
1.5264987940e+1    6.1800719e-23
1.5278593100e+1    6.3637329e-23
1.5292198260e+1    6.2591536e-23
1.5305803420e+1    6.3504299e-23
1.5319408570e+1    6.5070264e-23
1.5333013730e+1    6.8128396e-23
1.5346618890e+1    6.8875214e-23
1.5360224050e+1    6.9542600e-23
1.5373829210e+1    7.1207179e-23
1.5387434370e+1    7.2784293e-23
1.5401039530e+1    7.4013646e-23
1.5414644680e+1    7.3331991e-23
1.5428249840e+1    7.3273668e-23
1.5441855000e+1    7.3572164e-23
1.5455460160e+1    7.3543205e-23
1.5469065320e+1    7.2728258e-23
1.5482670480e+1    7.4431284e-23
1.5509880790e+1    7.4581612e-23
1.5523485950e+1    7.4377614e-23
1.5537091110e+1    7.5476329e-23
1.5550696270e+1    7.5841958e-23
1.5564301430e+1    7.6851070e-23
1.5577906590e+1    7.7761347e-23
1.5591511750e+1    7.6479264e-23
1.5605116900e+1    7.7858435e-23
1.5618722060e+1    7.6748131e-23
1.5632327220e+1    7.5213434e-23
1.5645932380e+1    7.6677831e-23
1.5659537540e+1    7.9079563e-23
1.5673142700e+1    8.0438052e-23
1.5686747860e+1    8.2094985e-23
1.5700353010e+1    8.3217092e-23
1.5713958170e+1    8.2975373e-23
1.5727563330e+1    8.3510975e-23
1.5741168490e+1    8.1832797e-23
1.5754773650e+1    8.1896721e-23
1.5768378810e+1    8.5398331e-23
1.5781983970e+1    8.4503674e-23
1.5795589120e+1    8.0628113e-23
1.5809194280e+1    7.9185983e-23
1.5822799440e+1    7.9686785e-23
1.5836404600e+1    8.0367929e-23
1.5850009760e+1    7.9565105e-23
1.5863614920e+1    8.0803213e-23
1.5877220080e+1    8.0385592e-23
1.5890825240e+1    8.2104558e-23
1.5904430390e+1    8.4210231e-23
1.5918035550e+1    8.2063270e-23
1.5931640710e+1    8.1344835e-23
1.5945245870e+1    8.1156325e-23
1.5958851030e+1    8.3230990e-23
1.5972456190e+1    8.1488291e-23
1.5986061350e+1    8.0742665e-23
1.5999666500e+1    8.0263732e-23
1.6013271660e+1    7.9351674e-23
1.6026876820e+1    7.8525550e-23
1.6040481980e+1    7.9191021e-23
1.6054087140e+1    7.7828304e-23
1.6067692300e+1    7.5972742e-23
1.6081297460e+1    7.6386053e-23
1.6094902610e+1    7.7899687e-23
1.6108507770e+1    7.7202949e-23
1.6122112930e+1    7.6846735e-23
1.6135718090e+1    7.4479244e-23
1.6149323250e+1    7.3017334e-23
1.6162928410e+1    7.3477407e-23
1.6176533570e+1    7.1441712e-23
1.6190138720e+1    7.1195073e-23
1.6203743880e+1    7.1147991e-23
1.6217349040e+1    7.1275295e-23
1.6230954200e+1    7.0116008e-23
1.6244559360e+1    6.9629927e-23
1.6258164520e+1    7.0310696e-23
1.6271769680e+1    6.9328182e-23
1.6285374830e+1    6.9002171e-23
1.6298979990e+1    6.9158721e-23
1.6312585150e+1    7.0206129e-23
1.6326190310e+1    7.1783044e-23
1.6339795470e+1    7.2287885e-23
1.6353400630e+1    7.3706425e-23
1.6367005790e+1    7.5541293e-23
1.6394216100e+1    8.1711041e-23
1.6407821260e+1    8.2190773e-23
1.6421426420e+1    8.5504484e-23
1.6435031580e+1    8.7063487e-23
1.6448636740e+1    8.7682929e-23
1.6462241900e+1    8.9417636e-23
1.6475847050e+1    9.0552973e-23
1.6489452210e+1    9.1244257e-23
1.6503057370e+1    9.1884757e-23
1.6516662530e+1    9.2551127e-23
1.6530267690e+1    9.2178202e-23
1.6543872850e+1    9.5087357e-23
1.6557478010e+1    9.5753218e-23
1.6571083160e+1    9.7738484e-23
1.6584688320e+1    9.8374098e-23
1.6598293480e+1    9.7199468e-23
1.6611898640e+1    9.8235102e-23
1.6625503800e+1    9.8294944e-23
1.6639108960e+1    9.9580234e-23
1.6652714120e+1    9.9935131e-23
1.6679924430e+1    1.0117394e-22
1.6693529590e+1    1.0077040e-22
1.6707134750e+1    1.0052774e-22
1.6720739910e+1    9.8891426e-23
1.6734345070e+1    1.0066414e-22
1.6747950230e+1    9.8430592e-23
1.6761555380e+1    9.9218492e-23
1.6775160540e+1    9.4128442e-23
1.6788765700e+1    9.5689955e-23
1.6802370860e+1    9.2725605e-23
1.6815976020e+1    9.3312723e-23
1.6829581180e+1    9.3333462e-23
1.6843186340e+1    9.1517074e-23
1.6856791500e+1    8.7829241e-23
1.6870396650e+1    8.9506181e-23
1.6884001810e+1    9.0147857e-23
1.6897606970e+1    9.1759648e-23
1.6911212130e+1    8.9375659e-23
1.6924817290e+1    9.0463876e-23
1.6938422450e+1    8.9179043e-23
1.6952027610e+1    8.9955360e-23
1.6965632760e+1    9.0301459e-23
1.6979237920e+1    8.9995358e-23
1.6992843080e+1    8.9245065e-23
1.7006448240e+1    8.9467257e-23
1.7020053400e+1    9.0778219e-23
1.7033658560e+1    9.0491413e-23
1.7047263720e+1    9.0272256e-23
1.7060868870e+1    9.1640958e-23
1.7074474030e+1    9.2054042e-23
1.7088079190e+1    9.1824212e-23
1.7101684350e+1    9.3055865e-23
1.7115289510e+1    9.1253545e-23
1.7128894670e+1    9.1896911e-23
1.7142499830e+1    9.2201926e-23
1.7156104980e+1    9.2457646e-23
1.7169710140e+1    9.2434386e-23
1.7183315300e+1    9.1167371e-23
1.7196920460e+1    9.0826445e-23
1.7210525620e+1    9.0502722e-23
1.7224130780e+1    9.1834158e-23
1.7237735940e+1    9.1603352e-23
1.7251341090e+1    9.0618117e-23
1.7264946250e+1    9.0405647e-23
1.7278551410e+1    9.0224752e-23
1.7292156570e+1    9.0005434e-23
1.7305761730e+1    8.9485062e-23
1.7319366890e+1    8.8031023e-23
1.7332972050e+1    8.7950504e-23
1.7346577200e+1    8.8735863e-23
1.7360182360e+1    8.8473591e-23
1.7373787520e+1    8.9742160e-23
1.7387392680e+1    9.5366676e-23
1.7400997840e+1    9.7557006e-23
1.7414603000e+1    9.5630022e-23
1.7428208160e+1    9.3040503e-23
1.7441813310e+1    9.3701677e-23
1.7455418470e+1    9.3766611e-23
1.7469023630e+1    9.3800312e-23
1.7482628790e+1    9.4006921e-23
1.7496233950e+1    9.3070763e-23
1.7509839110e+1    9.4014052e-23
1.7523444270e+1    9.2475609e-23
1.7537049420e+1    9.4313060e-23
1.7550654580e+1    9.3784232e-23
1.7564259740e+1    9.3639682e-23
1.7577864900e+1    9.4923839e-23
1.7591470060e+1    9.4819720e-23
1.7605075220e+1    9.6199427e-23
1.7618680380e+1    9.6691476e-23
1.7632285530e+1    9.6248158e-23
1.7645890690e+1    9.8004205e-23
1.7659495850e+1    9.8462024e-23
1.7673101010e+1    9.8424429e-23
1.7686706170e+1    9.8907571e-23
1.7700311330e+1    9.8863428e-23
1.7713916490e+1    9.9463454e-23
1.7727521640e+1    9.9045873e-23
1.7741126800e+1    9.8886294e-23
1.7754731960e+1    9.9962883e-23
1.7768337120e+1    9.9745518e-23
1.7781942280e+1    1.0041524e-22
1.7795547440e+1    9.9877463e-23
1.7809152600e+1    9.9783744e-23
1.7822757760e+1    1.0086850e-22
1.7836362910e+1    1.0051355e-22
1.7849968070e+1    1.0111546e-22
1.7863573230e+1    1.0187687e-22
1.7877178390e+1    1.0280978e-22
1.7890783550e+1    1.0296576e-22
1.7904388710e+1    1.0348895e-22
1.7917993870e+1    1.0291023e-22
1.7931599020e+1    1.0421303e-22
1.7945204180e+1    1.0436987e-22
1.7958809340e+1    1.0479148e-22
1.7972414500e+1    1.0610226e-22
1.7986019660e+1    1.0642269e-22
1.7999624820e+1    1.0727526e-22
1.8013229980e+1    1.0812150e-22
1.8026835130e+1    1.0814914e-22
1.8040440290e+1    1.1029417e-22
1.8054045450e+1    1.0949577e-22
1.8067650610e+1    1.1153917e-22
1.8081255770e+1    1.1301683e-22
1.8094860930e+1    1.1194942e-22
1.8108466090e+1    1.1264570e-22
1.8122071240e+1    1.1524410e-22
1.8135676400e+1    1.1286358e-22
1.8149281560e+1    1.1255794e-22
1.8162886720e+1    1.1257874e-22
1.8176491880e+1    1.1258176e-22
1.8190097040e+1    1.1349720e-22
1.8203702200e+1    1.1300355e-22
1.8217307350e+1    1.1305647e-22
1.8230912510e+1    1.1316970e-22
1.8244517670e+1    1.1529230e-22
1.8258122830e+1    1.1416831e-22
1.8271727990e+1    1.1369069e-22
1.8285333150e+1    1.1425512e-22
1.8298938310e+1    1.1195484e-22
1.8312543460e+1    1.1146036e-22
1.8326148620e+1    1.1026638e-22
1.8339753780e+1    1.0920575e-22
1.8353358940e+1    1.0918139e-22
1.8366964100e+1    1.0743379e-22
1.8380569260e+1    1.0763459e-22
1.8394174420e+1    1.0539516e-22
1.8407779570e+1    1.0473767e-22
1.8421384730e+1    1.0445695e-22
1.8434989890e+1    1.0424922e-22
1.8448595050e+1    1.0538604e-22
1.8462200210e+1    1.0515852e-22
1.8475805370e+1    1.0500965e-22
1.8489410530e+1    1.0561736e-22
1.8503015680e+1    1.0529787e-22
1.8516620840e+1    1.0557167e-22
1.8530226000e+1    1.0707026e-22
1.8543831160e+1    1.0602399e-22
1.8557436320e+1    1.0551875e-22
1.8571041480e+1    1.0619350e-22
1.8584646640e+1    1.0740986e-22
1.8598251790e+1    1.0769211e-22
1.8611856950e+1    1.0823781e-22
1.8625462110e+1    1.0842818e-22
1.8639067270e+1    1.0880093e-22
1.8652672430e+1    1.0817543e-22
1.8666277590e+1    1.0767781e-22
1.8679882750e+1    1.0812437e-22
1.8693487900e+1    1.1011682e-22
1.8707093060e+1    1.1637944e-22
1.8720698220e+1    1.0913436e-22
1.8734303380e+1    1.1070484e-22
1.8747908540e+1    1.0963025e-22
1.8761513700e+1    1.1026371e-22
1.8775118860e+1    1.0948246e-22
1.8788724020e+1    1.0868702e-22
1.8802329170e+1    1.0960887e-22
1.8815934330e+1    1.1177167e-22
1.8829539490e+1    1.1034072e-22
1.8843144650e+1    1.0995328e-22
1.8856749810e+1    1.0940111e-22
1.8870354970e+1    1.1127151e-22
1.8883960130e+1    1.1209201e-22
1.8897565280e+1    1.1276561e-22
1.8911170440e+1    1.1237772e-22
1.8924775600e+1    1.1092163e-22
1.8938380760e+1    1.1236042e-22
1.8951985920e+1    1.1145315e-22
1.8965591080e+1    1.1219927e-22
1.8979196240e+1    1.1027840e-22
1.8992801390e+1    1.1130121e-22
1.9006406550e+1    1.1226260e-22
1.9020011710e+1    1.1128213e-22
1.9033616870e+1    1.3453190e-22
1.9047222030e+1    1.1333095e-22
1.9060827190e+1    1.1289944e-22
1.9074432350e+1    1.1338272e-22
1.9088037500e+1    1.1443708e-22
1.9101642660e+1    1.1258149e-22
1.9115247820e+1    1.1522630e-22
1.9128852980e+1    1.1497048e-22
1.9142458140e+1    1.1642810e-22
1.9156063300e+1    1.1594160e-22
1.9169668460e+1    1.1702893e-22
1.9183273610e+1    1.1627190e-22
1.9196878770e+1    1.1653501e-22
1.9210483930e+1    1.1787051e-22
1.9224089090e+1    1.1816357e-22
1.9237694250e+1    1.1958047e-22
1.9251299410e+1    1.1713186e-22
1.9264904570e+1    1.1772249e-22
1.9278509720e+1    1.1859082e-22
1.9292114880e+1    1.1851298e-22
1.9305720040e+1    1.1953095e-22
1.9319325200e+1    1.2006038e-22
1.9332930360e+1    1.2070362e-22
1.9346535520e+1    1.1902624e-22
1.9360140680e+1    1.1885098e-22
1.9373745830e+1    1.1896255e-22
1.9387350990e+1    1.1961136e-22
1.9400956150e+1    1.2139794e-22
1.9414561310e+1    1.4004235e-22
1.9428166470e+1    1.2085988e-22
1.9441771630e+1    1.2175322e-22
1.9455376790e+1    1.2146200e-22
1.9468981940e+1    1.2108551e-22
1.9482587100e+1    1.2115981e-22
1.9496192260e+1    1.2168983e-22
1.9509797420e+1    1.2349857e-22
1.9523402580e+1    1.2211828e-22
1.9537007740e+1    1.2204003e-22
1.9550612900e+1    1.2227748e-22
1.9564218050e+1    1.2278257e-22
1.9577823210e+1    1.2338837e-22
1.9591428370e+1    1.2229254e-22
1.9999583130e+1    1.2441815e-22
2.4999478910e+1    1.7073983e-22
2.9999374690e+1    2.0807547e-22
3.4999270480e+1    2.2436742e-22
3.9999166260e+1    2.4170908e-22
4.4999062040e+1    2.5260890e-22
4.9998957820e+1    2.6351952e-22
5.4998853610e+1    2.6974601e-22
5.9998749390e+1    2.7430715e-22
6.4998645170e+1    2.7662969e-22
6.9998540950e+1    2.7703096e-22
7.4998436740e+1    2.7601843e-22
7.9998332520e+1    2.7392025e-22
8.4998228300e+1    2.7126369e-22
8.9998124080e+1    2.6790759e-22
9.4998019870e+1    2.6433093e-22
9.9997915650e+1    2.6051573e-22
1.0499781143e+2    2.5655214e-22
1.0999770721e+2    2.5252061e-22
1.1499760300e+2    2.4845215e-22
1.1999749878e+2    2.4438887e-22
1.2499739456e+2    2.4038335e-22
1.2999729034e+2    2.3642171e-22
1.3499718613e+2    2.3256929e-22
-----------------------------

