EXCITATION
N(2p2_3P_3p_2Po) -> N(2p2_1D_3s_2De)
 1.237300e+1
SPECIES: e / N(2p2_3P_3p_2Po)
PROCESS: E + N(2p2_3P_3p_2Po) -> E + N(2p2_1D_3s_2De), Excitation
PARAM.:  E = 12.373 eV
UPDATED: 2019-01-30 20:10:48
COLUMNS: Energy (eV) | Cross section (m2)
-----------------------------
1.2373201690e+1    0.0000000e+7
1.2380694320e+1    2.3132018e-20
1.2394299480e+1    4.3689383e-20
1.2407904640e+1    3.8430198e-20
1.2421509790e+1    3.5592058e-20
1.2435114950e+1    3.4722268e-20
1.2448720110e+1    3.5116331e-20
1.2462325270e+1    3.6473854e-20
1.2475930430e+1    4.2108658e-20
1.2489535590e+1    4.3916059e-20
1.2503140750e+1    4.5991621e-20
1.2516745900e+1    4.8085671e-20
1.2530351060e+1    5.0160634e-20
1.2543956220e+1    5.2186956e-20
1.2557561380e+1    6.2043588e-20
1.2571166540e+1    6.4307565e-20
1.2584771700e+1    6.6402692e-20
1.2598376860e+1    6.8331409e-20
1.2611982010e+1    7.0088101e-20
1.2625587170e+1    7.1687537e-20
1.2639192330e+1    7.3124739e-20
1.2652797490e+1    7.4380952e-20
1.2666402650e+1    7.5363927e-20
1.2680007810e+1    7.7422255e-20
1.2693612970e+1    7.9230779e-20
1.2707218120e+1    7.9981742e-20
1.2720823280e+1    8.0526972e-20
1.2734428440e+1    8.1013067e-20
1.2748033600e+1    8.1431608e-20
1.2761638760e+1    8.1780991e-20
1.2775243920e+1    8.2074201e-20
1.2788849080e+1    8.2339901e-20
1.2802454230e+1    8.2672163e-20
1.2816059390e+1    8.3256114e-20
1.2829664550e+1    8.3729754e-20
1.2843269710e+1    8.6587733e-20
1.2856874870e+1    8.8806115e-20
1.2870480030e+1    8.9748411e-20
1.2884085190e+1    9.5442156e-20
1.2897690340e+1    9.3746048e-20
1.2911295500e+1    9.0077578e-20
1.2924900660e+1    8.6697022e-20
1.2938505820e+1    8.3838510e-20
1.2952110980e+1    8.1354702e-20
1.2965716140e+1    7.9878340e-20
1.2979321300e+1    7.9457183e-20
1.2992926460e+1    8.0475851e-20
1.3006531610e+1    8.2049586e-20
1.3020136770e+1    8.2628772e-20
1.3033741930e+1    8.0346073e-20
1.3047347090e+1    7.8904360e-20
1.3060952250e+1    7.5970713e-20
1.3074557410e+1    7.5441494e-20
1.3088162570e+1    7.4802397e-20
1.3101767720e+1    7.4582854e-20
1.3115372880e+1    7.3952779e-20
1.3128978040e+1    7.3498431e-20
1.3142583200e+1    7.2903375e-20
1.3156188360e+1    7.2245219e-20
1.3169793520e+1    7.1607112e-20
1.3183398680e+1    7.0903235e-20
1.3197003830e+1    7.0212726e-20
1.3210608990e+1    7.1078462e-20
1.3224214150e+1    7.0568300e-20
1.3237819310e+1    7.0068820e-20
1.3251424470e+1    6.9427223e-20
1.3265029630e+1    6.8928803e-20
1.3278634790e+1    6.8673673e-20
1.3305845100e+1    6.8362301e-20
1.3319450260e+1    6.8519288e-20
1.3333055420e+1    6.7546585e-20
1.3346660580e+1    6.6838629e-20
1.3360265740e+1    6.6674726e-20
1.3373870900e+1    6.6199954e-20
1.3387476050e+1    6.5741822e-20
1.3401081210e+1    6.5445610e-20
1.3414686370e+1    6.5450433e-20
1.3428291530e+1    6.5331934e-20
1.3441896690e+1    6.5415794e-20
1.3455501850e+1    6.5432035e-20
1.3469107010e+1    6.5152091e-20
1.3482712160e+1    6.4940111e-20
1.3496317320e+1    6.5236369e-20
1.3509922480e+1    6.4774222e-20
1.3523527640e+1    6.4927669e-20
1.3537132800e+1    6.4741081e-20
1.3550737960e+1    6.4640139e-20
1.3564343120e+1    6.4438912e-20
1.3577948270e+1    6.4183862e-20
1.3591553430e+1    6.3903710e-20
1.3605158590e+1    6.3559543e-20
1.3618763750e+1    6.4124752e-20
1.3632368910e+1    6.4979826e-20
1.3645974070e+1    6.4816590e-20
1.3659579230e+1    6.4775015e-20
1.3673184380e+1    6.4696387e-20
1.3700394700e+1    6.1672776e-20
1.3713999860e+1    6.5059619e-20
1.3754815340e+1    6.1062102e-20
1.3768420490e+1    5.9697488e-20
1.3782025650e+1    5.8013402e-20
1.3795630810e+1    5.9918720e-20
1.3809235970e+1    5.8663568e-20
1.3822841130e+1    5.7362355e-20
1.3836446290e+1    5.6399050e-20
1.3850051450e+1    5.5766945e-20
1.3863656600e+1    5.5363636e-20
1.3877261760e+1    5.4627426e-20
1.3890866920e+1    5.3954966e-20
1.3904472080e+1    5.2714457e-20
1.3918077240e+1    5.2056505e-20
1.3931682400e+1    5.1254939e-20
1.3945287560e+1    5.0819692e-20
1.3958892720e+1    5.0233405e-20
1.3972497870e+1    5.0436712e-20
1.3986103030e+1    5.0802457e-20
1.3999708190e+1    4.9778690e-20
1.4013313350e+1    4.9716247e-20
1.4026918510e+1    4.9433878e-20
1.4040523670e+1    4.9715138e-20
1.4054128830e+1    4.9612765e-20
1.4067733980e+1    4.9954411e-20
1.4081339140e+1    5.0125788e-20
1.4094944300e+1    5.1256280e-20
1.4108549460e+1    5.2019064e-20
1.4122154620e+1    5.2407997e-20
1.4135759780e+1    5.1347177e-20
1.4149364940e+1    5.0510866e-20
1.4162970090e+1    4.9724958e-20
1.4176575250e+1    4.9640142e-20
1.4190180410e+1    4.9763725e-20
1.4203785570e+1    4.9443653e-20
1.4217390730e+1    4.9985209e-20
1.4230995890e+1    4.9475759e-20
1.4244601050e+1    4.8868824e-20
1.4258206200e+1    4.8062624e-20
1.4271811360e+1    4.7889703e-20
1.4285416520e+1    4.7385383e-20
1.4299021680e+1    4.6429015e-20
1.4312626840e+1    4.5863726e-20
1.4326232000e+1    4.5835817e-20
1.4339837160e+1    4.5766416e-20
1.4353442310e+1    4.5638303e-20
1.4367047470e+1    4.5276622e-20
1.4380652630e+1    4.5125174e-20
1.4394257790e+1    4.4712409e-20
1.4407862950e+1    4.4484239e-20
1.4421468110e+1    4.4128769e-20
1.4435073270e+1    4.3956142e-20
1.4448678420e+1    4.3736775e-20
1.4462283580e+1    4.3708971e-20
1.4475888740e+1    4.3763358e-20
1.4489493900e+1    4.4097010e-20
1.4503099060e+1    4.4809741e-20
1.4516704220e+1    4.4555752e-20
1.4530309380e+1    4.4098006e-20
1.4543914530e+1    4.3496019e-20
1.4557519690e+1    4.3272988e-20
1.4571124850e+1    4.3029819e-20
1.4584730010e+1    4.2643956e-20
1.4598335170e+1    4.2482243e-20
1.4611940330e+1    4.2568260e-20
1.4625545490e+1    4.2267126e-20
1.4639150640e+1    4.2128639e-20
1.4652755800e+1    4.1768401e-20
1.4666360960e+1    4.1446543e-20
1.4679966120e+1    4.1115001e-20
1.4693571280e+1    4.0984800e-20
1.4707176440e+1    4.0752692e-20
1.4720781600e+1    4.0607304e-20
1.4734386750e+1    4.0526602e-20
1.4747991910e+1    4.0390853e-20
1.4761597070e+1    4.0168729e-20
1.4775202230e+1    3.9910781e-20
1.4788807390e+1    3.9686129e-20
1.4802412550e+1    3.9572194e-20
1.4816017710e+1    3.9703285e-20
1.4829622860e+1    3.9568404e-20
1.4843228020e+1    3.9343569e-20
1.4856833180e+1    3.9187027e-20
1.4870438340e+1    3.9143980e-20
1.4884043500e+1    3.8976729e-20
1.4897648660e+1    3.8953382e-20
1.4911253820e+1    3.8876594e-20
1.4924858980e+1    3.8737296e-20
1.4938464130e+1    3.8583258e-20
1.4952069290e+1    3.8628684e-20
1.4965674450e+1    3.8477275e-20
1.4979279610e+1    3.8384584e-20
1.4992884770e+1    3.8254174e-20
1.5006489930e+1    3.8233166e-20
1.5020095090e+1    3.8035185e-20
1.5033700240e+1    3.7833732e-20
1.5047305400e+1    3.7791499e-20
1.5060910560e+1    3.7680241e-20
1.5074515720e+1    3.7513341e-20
1.5088120880e+1    3.7405319e-20
1.5101726040e+1    3.7285482e-20
1.5115331200e+1    3.7144443e-20
1.5128936350e+1    3.7051844e-20
1.5142541510e+1    3.6886381e-20
1.5156146670e+1    3.6724570e-20
1.5169751830e+1    3.6614319e-20
1.5183356990e+1    3.6610106e-20
1.5196962150e+1    3.6506488e-20
1.5210567310e+1    3.6400977e-20
1.5224172460e+1    3.6147539e-20
1.5237777620e+1    3.5944554e-20
1.5251382780e+1    3.5815227e-20
1.5264987940e+1    3.5751844e-20
1.5278593100e+1    3.5541125e-20
1.5292198260e+1    3.5451827e-20
1.5305803420e+1    3.5293456e-20
1.5319408570e+1    3.5158760e-20
1.5333013730e+1    3.5043212e-20
1.5346618890e+1    3.4935819e-20
1.5360224050e+1    3.4796451e-20
1.5373829210e+1    3.4709002e-20
1.5387434370e+1    3.4664506e-20
1.5401039530e+1    3.4595554e-20
1.5414644680e+1    3.4602173e-20
1.5428249840e+1    3.4613513e-20
1.5441855000e+1    3.4570989e-20
1.5455460160e+1    3.4640838e-20
1.5469065320e+1    3.4558176e-20
1.5482670480e+1    3.4444806e-20
1.5509880790e+1    3.4174638e-20
1.5523485950e+1    3.4079434e-20
1.5537091110e+1    3.3832636e-20
1.5550696270e+1    3.3757911e-20
1.5564301430e+1    3.3581513e-20
1.5577906590e+1    3.3550346e-20
1.5591511750e+1    3.3512555e-20
1.5605116900e+1    3.3421190e-20
1.5618722060e+1    3.3430125e-20
1.5632327220e+1    3.3294272e-20
1.5645932380e+1    3.3377539e-20
1.5659537540e+1    3.3207242e-20
1.5673142700e+1    3.3101964e-20
1.5686747860e+1    3.2939073e-20
1.5700353010e+1    3.2874886e-20
1.5713958170e+1    3.2873921e-20
1.5727563330e+1    3.2812212e-20
1.5741168490e+1    3.2664334e-20
1.5754773650e+1    3.2583132e-20
1.5768378810e+1    3.2517383e-20
1.5781983970e+1    3.2420747e-20
1.5795589120e+1    3.2228918e-20
1.5809194280e+1    3.2193068e-20
1.5822799440e+1    3.2092402e-20
1.5836404600e+1    3.1950416e-20
1.5850009760e+1    3.1868580e-20
1.5863614920e+1    3.1885466e-20
1.5877220080e+1    3.1822401e-20
1.5890825240e+1    3.1713648e-20
1.5904430390e+1    3.1650570e-20
1.5918035550e+1    3.1570657e-20
1.5931640710e+1    3.1493195e-20
1.5945245870e+1    3.1344912e-20
1.5958851030e+1    3.1304170e-20
1.5972456190e+1    3.1297255e-20
1.5986061350e+1    3.1288016e-20
1.5999666500e+1    3.1213730e-20
1.6013271660e+1    3.1156975e-20
1.6026876820e+1    3.1086190e-20
1.6040481980e+1    3.0988578e-20
1.6054087140e+1    3.0895191e-20
1.6067692300e+1    3.0818411e-20
1.6081297460e+1    3.0747143e-20
1.6094902610e+1    3.0691814e-20
1.6108507770e+1    3.0567763e-20
1.6122112930e+1    3.0495621e-20
1.6135718090e+1    3.0428366e-20
1.6149323250e+1    3.0333452e-20
1.6162928410e+1    3.0262438e-20
1.6176533570e+1    3.0217223e-20
1.6190138720e+1    3.0159648e-20
1.6203743880e+1    3.0132131e-20
1.6217349040e+1    3.0005393e-20
1.6230954200e+1    2.9906423e-20
1.6244559360e+1    2.9861662e-20
1.6258164520e+1    2.9805614e-20
1.6271769680e+1    2.9713326e-20
1.6285374830e+1    2.9613108e-20
1.6298979990e+1    2.9591444e-20
1.6312585150e+1    2.9580142e-20
1.6326190310e+1    2.9491950e-20
1.6339795470e+1    2.9539299e-20
1.6353400630e+1    2.9462353e-20
1.6367005790e+1    2.9407587e-20
1.6394216100e+1    2.9285184e-20
1.6407821260e+1    2.9204760e-20
1.6421426420e+1    2.9173903e-20
1.6435031580e+1    2.9087010e-20
1.6448636740e+1    2.9048811e-20
1.6462241900e+1    2.8974168e-20
1.6475847050e+1    2.8908716e-20
1.6489452210e+1    2.8871836e-20
1.6503057370e+1    2.8802656e-20
1.6516662530e+1    2.8723165e-20
1.6530267690e+1    2.8629717e-20
1.6543872850e+1    2.8584786e-20
1.6557478010e+1    2.8505130e-20
1.6571083160e+1    2.8447502e-20
1.6584688320e+1    2.8380580e-20
1.6598293480e+1    2.8322394e-20
1.6611898640e+1    2.8244705e-20
1.6625503800e+1    2.8224622e-20
1.6639108960e+1    2.8198552e-20
1.6652714120e+1    2.8103858e-20
1.6679924430e+1    2.7987555e-20
1.6693529590e+1    2.7938486e-20
1.6707134750e+1    2.7906963e-20
1.6720739910e+1    2.7888236e-20
1.6734345070e+1    2.7812848e-20
1.6747950230e+1    2.7775492e-20
1.6761555380e+1    2.7724443e-20
1.6775160540e+1    2.7625670e-20
1.6788765700e+1    2.7521509e-20
1.6802370860e+1    2.7496922e-20
1.6815976020e+1    2.7420015e-20
1.6829581180e+1    2.7358189e-20
1.6843186340e+1    2.7308129e-20
1.6856791500e+1    2.7211426e-20
1.6870396650e+1    2.7124166e-20
1.6884001810e+1    2.7098426e-20
1.6897606970e+1    2.7025038e-20
1.6911212130e+1    2.6965173e-20
1.6924817290e+1    2.6910344e-20
1.6938422450e+1    2.6874445e-20
1.6952027610e+1    2.6820015e-20
1.6965632760e+1    2.6704166e-20
1.6979237920e+1    2.6658000e-20
1.6992843080e+1    2.6590946e-20
1.7006448240e+1    2.6534952e-20
1.7020053400e+1    2.6514564e-20
1.7033658560e+1    2.6440242e-20
1.7047263720e+1    2.6398431e-20
1.7060868870e+1    2.6343474e-20
1.7074474030e+1    2.6286119e-20
1.7088079190e+1    2.6237549e-20
1.7101684350e+1    2.6163521e-20
1.7115289510e+1    2.6136970e-20
1.7128894670e+1    2.6087487e-20
1.7142499830e+1    2.6046920e-20
1.7156104980e+1    2.5997552e-20
1.7169710140e+1    2.5923833e-20
1.7183315300e+1    2.5885786e-20
1.7196920460e+1    2.5877656e-20
1.7210525620e+1    2.5794626e-20
1.7224130780e+1    2.5752764e-20
1.7237735940e+1    2.5691074e-20
1.7251341090e+1    2.5633427e-20
1.7264946250e+1    2.5607990e-20
1.7278551410e+1    2.5555983e-20
1.7292156570e+1    2.5480596e-20
1.7305761730e+1    2.5445670e-20
1.7319366890e+1    2.5375806e-20
1.7332972050e+1    2.5310233e-20
1.7346577200e+1    2.5239546e-20
1.7360182360e+1    2.5196958e-20
1.7373787520e+1    2.5151046e-20
1.7387392680e+1    2.5099094e-20
1.7400997840e+1    2.5035704e-20
1.7414603000e+1    2.5028087e-20
1.7428208160e+1    2.4947329e-20
1.7441813310e+1    2.4937843e-20
1.7455418470e+1    2.4862543e-20
1.7469023630e+1    2.4817620e-20
1.7482628790e+1    2.4782191e-20
1.7496233950e+1    2.4725376e-20
1.7509839110e+1    2.4676720e-20
1.7523444270e+1    2.4625973e-20
1.7537049420e+1    2.4572111e-20
1.7550654580e+1    2.4503068e-20
1.7564259740e+1    2.4476511e-20
1.7577864900e+1    2.4443802e-20
1.7591470060e+1    2.4388269e-20
1.7605075220e+1    2.4346787e-20
1.7618680380e+1    2.4321131e-20
1.7632285530e+1    2.4288903e-20
1.7645890690e+1    2.4218448e-20
1.7659495850e+1    2.4180459e-20
1.7673101010e+1    2.4119263e-20
1.7686706170e+1    2.4089660e-20
1.7700311330e+1    2.4061716e-20
1.7713916490e+1    2.4051252e-20
1.7727521640e+1    2.4034431e-20
1.7741126800e+1    2.3996599e-20
1.7754731960e+1    2.3955529e-20
1.7768337120e+1    2.3911532e-20
1.7781942280e+1    2.3847289e-20
1.7795547440e+1    2.3789833e-20
1.7809152600e+1    2.3737846e-20
1.7822757760e+1    2.3692676e-20
1.7836362910e+1    2.3695775e-20
1.7849968070e+1    2.3641708e-20
1.7863573230e+1    2.3595278e-20
1.7877178390e+1    2.3537795e-20
1.7890783550e+1    2.3528524e-20
1.7904388710e+1    2.3515927e-20
1.7917993870e+1    2.3479974e-20
1.7931599020e+1    2.3394009e-20
1.7945204180e+1    2.3378263e-20
1.7958809340e+1    2.3338602e-20
1.7972414500e+1    2.3300074e-20
1.7986019660e+1    2.3272734e-20
1.7999624820e+1    2.3210396e-20
1.8013229980e+1    2.3146708e-20
1.8026835130e+1    2.3122566e-20
1.8040440290e+1    2.3082113e-20
1.8054045450e+1    2.3039581e-20
1.8067650610e+1    2.3009475e-20
1.8081255770e+1    2.2962091e-20
1.8094860930e+1    2.2923100e-20
1.8108466090e+1    2.2863964e-20
1.8122071240e+1    2.2825826e-20
1.8135676400e+1    2.2772606e-20
1.8149281560e+1    2.2728306e-20
1.8162886720e+1    2.2679658e-20
1.8176491880e+1    2.2641670e-20
1.8190097040e+1    2.2621346e-20
1.8203702200e+1    2.2569464e-20
1.8217307350e+1    2.2527579e-20
1.8230912510e+1    2.2482513e-20
1.8244517670e+1    2.2466888e-20
1.8258122830e+1    2.2412611e-20
1.8271727990e+1    2.2378518e-20
1.8285333150e+1    2.2328278e-20
1.8298938310e+1    2.2287447e-20
1.8312543460e+1    2.2246682e-20
1.8326148620e+1    2.2227114e-20
1.8339753780e+1    2.2172426e-20
1.8353358940e+1    2.2147026e-20
1.8366964100e+1    2.2114702e-20
1.8380569260e+1    2.2073917e-20
1.8394174420e+1    2.2023387e-20
1.8407779570e+1    2.1987669e-20
1.8421384730e+1    2.1954079e-20
1.8434989890e+1    2.1932538e-20
1.8448595050e+1    2.1913484e-20
1.8462200210e+1    2.1890015e-20
1.8475805370e+1    2.1844900e-20
1.8489410530e+1    2.1811778e-20
1.8503015680e+1    2.1769950e-20
1.8516620840e+1    2.1724509e-20
1.8530226000e+1    2.1701376e-20
1.8543831160e+1    2.1674921e-20
1.8557436320e+1    2.1622832e-20
1.8571041480e+1    2.1606628e-20
1.8584646640e+1    2.1591095e-20
1.8598251790e+1    2.1523012e-20
1.8611856950e+1    2.1502859e-20
1.8625462110e+1    2.1465949e-20
1.8639067270e+1    2.1425040e-20
1.8652672430e+1    2.1383381e-20
1.8666277590e+1    2.1374135e-20
1.8679882750e+1    2.1367294e-20
1.8693487900e+1    2.1310021e-20
1.8707093060e+1    2.6643550e-20
1.8720698220e+1    2.1246796e-20
1.8734303380e+1    2.1183508e-20
1.8747908540e+1    2.1157143e-20
1.8761513700e+1    2.1124673e-20
1.8775118860e+1    2.1102546e-20
1.8788724020e+1    2.1058020e-20
1.8802329170e+1    2.1010127e-20
1.8815934330e+1    2.1011356e-20
1.8829539490e+1    2.0984741e-20
1.8843144650e+1    2.0937563e-20
1.8856749810e+1    2.0898529e-20
1.8870354970e+1    2.0868365e-20
1.8883960130e+1    2.0850297e-20
1.8897565280e+1    2.0823212e-20
1.8911170440e+1    2.0789994e-20
1.8924775600e+1    2.0762970e-20
1.8938380760e+1    2.0721724e-20
1.8951985920e+1    2.0688957e-20
1.8965591080e+1    2.0726259e-20
1.8979196240e+1    2.0632689e-20
1.8992801390e+1    2.0590029e-20
1.9006406550e+1    2.0556348e-20
1.9020011710e+1    2.0530784e-20
1.9033616870e+1    2.1010314e-20
1.9047222030e+1    2.0464002e-20
1.9060827190e+1    2.0429800e-20
1.9074432350e+1    2.0402324e-20
1.9088037500e+1    2.0385481e-20
1.9101642660e+1    2.0354093e-20
1.9115247820e+1    2.0318419e-20
1.9128852980e+1    2.0297422e-20
1.9142458140e+1    2.0274522e-20
1.9156063300e+1    2.0247937e-20
1.9169668460e+1    2.0227967e-20
1.9183273610e+1    2.0195019e-20
1.9196878770e+1    2.0162179e-20
1.9210483930e+1    2.0140861e-20
1.9224089090e+1    2.0110151e-20
1.9237694250e+1    2.0087086e-20
1.9251299410e+1    2.0047316e-20
1.9264904570e+1    2.0020464e-20
1.9278509720e+1    1.9996257e-20
1.9292114880e+1    1.9983822e-20
1.9305720040e+1    1.9953783e-20
1.9319325200e+1    1.9922557e-20
1.9332930360e+1    1.9903186e-20
1.9346535520e+1    1.9866602e-20
1.9360140680e+1    1.9841589e-20
1.9373745830e+1    1.9817251e-20
1.9387350990e+1    1.9791175e-20
1.9400956150e+1    1.9766371e-20
1.9414561310e+1    1.9637349e-20
1.9428166470e+1    1.9720000e-20
1.9441771630e+1    1.9682936e-20
1.9455376790e+1    1.9669044e-20
1.9468981940e+1    1.9656054e-20
1.9482587100e+1    1.9615664e-20
1.9496192260e+1    1.9587346e-20
1.9509797420e+1    2.6632235e-20
1.9523402580e+1    1.9546889e-20
1.9537007740e+1    1.9518894e-20
1.9550612900e+1    1.9498365e-20
1.9564218050e+1    1.9476963e-20
1.9577823210e+1    1.9434882e-20
1.9591428370e+1    1.9408653e-20
1.9999583130e+1    1.8686766e-20
2.4999478910e+1    1.2761317e-20
2.9999374690e+1    9.0228994e-21
3.4999270480e+1    6.9095417e-21
3.9999166260e+1    5.5525323e-21
4.4999062040e+1    4.4499110e-21
4.9998957820e+1    3.9461501e-21
5.4998853610e+1    3.4355362e-21
5.9998749390e+1    3.0414266e-21
6.4998645170e+1    2.7310340e-21
6.9998540950e+1    2.4820059e-21
7.4998436740e+1    2.2781503e-21
7.9998332520e+1    2.1093412e-21
8.4998228300e+1    1.9694808e-21
8.9998124080e+1    1.8532412e-21
9.4998019870e+1    1.7548043e-21
9.9997915650e+1    1.6727282e-21
1.0499781143e+2    1.6051708e-21
1.0999770721e+2    1.5487121e-21
1.1499760300e+2    1.5037087e-21
1.1999749878e+2    1.4689895e-21
1.2499739456e+2    1.4427386e-21
1.2999729034e+2    1.4266669e-21
1.3499718613e+2    1.4186107e-21
-----------------------------

