EXCITATION
N(2p2_3P_3p_2So) -> N(2p2_3P_4p_2Po)
 1.334800e+1
SPECIES: e / N(2p2_3P_3p_2So)
PROCESS: E + N(2p2_3P_3p_2So) -> E + N(2p2_3P_4p_2Po), Excitation
PARAM.:  E = 13.348 eV
UPDATED: 2019-01-30 20:10:47
COLUMNS: Energy (eV) | Cross section (m2)
-----------------------------
1.3347537290e+1    0.0000000e+7
1.3360265740e+1    6.0814629e-22
1.3373870900e+1    1.8482332e-21
1.3387476050e+1    3.2928387e-21
1.3401081210e+1    5.2569415e-21
1.3414686370e+1    6.6262598e-21
1.3428291530e+1    7.6642021e-21
1.3441896690e+1    9.2049670e-21
1.3455501850e+1    1.1096274e-20
1.3469107010e+1    1.0735960e-20
1.3482712160e+1    1.0863776e-20
1.3496317320e+1    1.1381819e-20
1.3509922480e+1    1.1772962e-20
1.3523527640e+1    1.2212190e-20
1.3537132800e+1    1.2507805e-20
1.3550737960e+1    1.2870191e-20
1.3564343120e+1    1.3122926e-20
1.3577948270e+1    1.2727182e-20
1.3591553430e+1    1.3354792e-20
1.3605158590e+1    1.5623130e-20
1.3618763750e+1    1.3370208e-20
1.3632368910e+1    1.3474465e-20
1.3645974070e+1    1.3630198e-20
1.3659579230e+1    1.1614929e-20
1.3673184380e+1    9.4924101e-21
1.3700394700e+1    1.4921260e-20
1.3713999860e+1    1.5929471e-20
1.3754815340e+1    6.7515111e-21
1.3768420490e+1    6.5816216e-21
1.3782025650e+1    5.7378512e-21
1.3795630810e+1    3.9181437e-21
1.3809235970e+1    3.2728452e-21
1.3822841130e+1    2.8747432e-21
1.3836446290e+1    3.7706773e-21
1.3850051450e+1    4.9752963e-21
1.3863656600e+1    4.8756593e-21
1.3877261760e+1    5.8518420e-21
1.3890866920e+1    6.2996897e-21
1.3904472080e+1    7.7154171e-21
1.3918077240e+1    6.3303979e-21
1.3931682400e+1    5.3607575e-21
1.3945287560e+1    5.1610623e-21
1.3958892720e+1    6.0961548e-21
1.3972497870e+1    6.2122050e-21
1.3986103030e+1    5.2637494e-21
1.3999708190e+1    6.1602402e-21
1.4013313350e+1    6.9190776e-21
1.4026918510e+1    7.5812149e-21
1.4040523670e+1    7.9412689e-21
1.4054128830e+1    8.8967916e-21
1.4067733980e+1    9.5376728e-21
1.4081339140e+1    9.0257511e-21
1.4094944300e+1    8.7601415e-21
1.4108549460e+1    8.8730507e-21
1.4122154620e+1    8.9319486e-21
1.4135759780e+1    9.0672299e-21
1.4149364940e+1    8.8382220e-21
1.4162970090e+1    7.9840979e-21
1.4176575250e+1    8.2975092e-21
1.4190180410e+1    9.7446383e-21
1.4203785570e+1    9.9572668e-21
1.4217390730e+1    8.8688608e-21
1.4230995890e+1    9.1037025e-21
1.4244601050e+1    9.7536584e-21
1.4258206200e+1    8.8858529e-21
1.4271811360e+1    8.9715259e-21
1.4285416520e+1    9.1808551e-21
1.4299021680e+1    9.3116404e-21
1.4312626840e+1    9.1091499e-21
1.4326232000e+1    9.0245254e-21
1.4339837160e+1    8.9852176e-21
1.4353442310e+1    1.0619811e-20
1.4367047470e+1    9.2381268e-21
1.4380652630e+1    1.0194990e-20
1.4394257790e+1    1.0079387e-20
1.4407862950e+1    8.8973908e-21
1.4421468110e+1    8.3939544e-21
1.4435073270e+1    8.1308390e-21
1.4448678420e+1    7.9855550e-21
1.4462283580e+1    8.0136395e-21
1.4475888740e+1    8.0540869e-21
1.4489493900e+1    8.3838946e-21
1.4503099060e+1    8.0524788e-21
1.4516704220e+1    7.9877743e-21
1.4530309380e+1    7.0900162e-21
1.4543914530e+1    6.8740053e-21
1.4557519690e+1    7.4497019e-21
1.4571124850e+1    7.7677447e-21
1.4584730010e+1    7.4300354e-21
1.4598335170e+1    7.4984337e-21
1.4611940330e+1    7.3771976e-21
1.4625545490e+1    7.1659476e-21
1.4639150640e+1    7.7124279e-21
1.4652755800e+1    7.8801374e-21
1.4666360960e+1    7.6193264e-21
1.4679966120e+1    7.2857282e-21
1.4693571280e+1    7.5454811e-21
1.4707176440e+1    7.2397855e-21
1.4720781600e+1    6.7004450e-21
1.4734386750e+1    7.2728405e-21
1.4747991910e+1    7.7025465e-21
1.4761597070e+1    7.6965231e-21
1.4775202230e+1    8.6868311e-21
1.4788807390e+1    8.2195989e-21
1.4802412550e+1    7.3981441e-21
1.4816017710e+1    6.9062511e-21
1.4829622860e+1    7.2302760e-21
1.4843228020e+1    7.1948231e-21
1.4856833180e+1    7.8294988e-21
1.4870438340e+1    7.9052190e-21
1.4884043500e+1    8.0662324e-21
1.4897648660e+1    7.8563922e-21
1.4911253820e+1    8.1256926e-21
1.4924858980e+1    8.3849772e-21
1.4938464130e+1    8.4184419e-21
1.4952069290e+1    8.6948480e-21
1.4965674450e+1    9.0422379e-21
1.4979279610e+1    8.6965516e-21
1.4992884770e+1    8.3059900e-21
1.5006489930e+1    8.3856307e-21
1.5020095090e+1    8.5152783e-21
1.5033700240e+1    9.0596738e-21
1.5047305400e+1    8.7617137e-21
1.5060910560e+1    8.8148301e-21
1.5074515720e+1    8.5748853e-21
1.5088120880e+1    8.4884757e-21
1.5101726040e+1    8.4959442e-21
1.5115331200e+1    8.5560322e-21
1.5128936350e+1    8.3691734e-21
1.5142541510e+1    8.9693218e-21
1.5156146670e+1    1.0082940e-20
1.5169751830e+1    1.0343933e-20
1.5183356990e+1    9.8750965e-21
1.5196962150e+1    1.0075949e-20
1.5210567310e+1    9.2471166e-21
1.5224172460e+1    8.8069499e-21
1.5237777620e+1    8.4725589e-21
1.5251382780e+1    8.1870238e-21
1.5264987940e+1    8.2722559e-21
1.5278593100e+1    7.3556422e-21
1.5292198260e+1    7.2969608e-21
1.5305803420e+1    7.0914437e-21
1.5319408570e+1    6.7690854e-21
1.5333013730e+1    6.4340486e-21
1.5346618890e+1    6.6589170e-21
1.5360224050e+1    6.2825526e-21
1.5373829210e+1    6.1236998e-21
1.5387434370e+1    5.8970310e-21
1.5401039530e+1    6.0309369e-21
1.5414644680e+1    6.2085745e-21
1.5428249840e+1    6.3866241e-21
1.5441855000e+1    6.5695846e-21
1.5455460160e+1    6.6027724e-21
1.5469065320e+1    6.6844742e-21
1.5482670480e+1    6.8225098e-21
1.5509880790e+1    7.0968947e-21
1.5523485950e+1    7.0046799e-21
1.5537091110e+1    6.9234840e-21
1.5550696270e+1    6.5879902e-21
1.5564301430e+1    6.2885262e-21
1.5577906590e+1    6.6729996e-21
1.5591511750e+1    6.6147184e-21
1.5605116900e+1    7.1564926e-21
1.5618722060e+1    6.8036442e-21
1.5632327220e+1    6.5680142e-21
1.5645932380e+1    7.3415744e-21
1.5659537540e+1    7.0118807e-21
1.5673142700e+1    6.8935933e-21
1.5686747860e+1    6.8177441e-21
1.5700353010e+1    6.9429483e-21
1.5713958170e+1    6.9832391e-21
1.5727563330e+1    6.9496423e-21
1.5741168490e+1    7.0687439e-21
1.5754773650e+1    7.4867751e-21
1.5768378810e+1    7.0961022e-21
1.5781983970e+1    7.0825627e-21
1.5795589120e+1    7.5723623e-21
1.5809194280e+1    7.9047681e-21
1.5822799440e+1    7.7901796e-21
1.5836404600e+1    7.7676100e-21
1.5850009760e+1    7.6655787e-21
1.5863614920e+1    7.5141547e-21
1.5877220080e+1    7.4066017e-21
1.5890825240e+1    7.4780981e-21
1.5904430390e+1    7.2339378e-21
1.5918035550e+1    7.3938307e-21
1.5931640710e+1    7.6677099e-21
1.5945245870e+1    7.6965363e-21
1.5958851030e+1    7.5372426e-21
1.5972456190e+1    7.4967348e-21
1.5986061350e+1    7.3021139e-21
1.5999666500e+1    7.3925373e-21
1.6013271660e+1    7.3340850e-21
1.6026876820e+1    6.9067669e-21
1.6040481980e+1    7.2043841e-21
1.6054087140e+1    7.1482366e-21
1.6067692300e+1    7.0302275e-21
1.6081297460e+1    6.6784839e-21
1.6094902610e+1    6.7630884e-21
1.6108507770e+1    6.7387152e-21
1.6122112930e+1    6.5994388e-21
1.6135718090e+1    6.4580481e-21
1.6149323250e+1    6.5233411e-21
1.6162928410e+1    6.3224649e-21
1.6176533570e+1    6.3222394e-21
1.6190138720e+1    6.3916642e-21
1.6203743880e+1    6.3526911e-21
1.6217349040e+1    6.3019076e-21
1.6230954200e+1    6.3730209e-21
1.6244559360e+1    6.2963205e-21
1.6258164520e+1    6.3587562e-21
1.6271769680e+1    6.4615142e-21
1.6285374830e+1    6.4622731e-21
1.6298979990e+1    6.6356720e-21
1.6312585150e+1    6.4200802e-21
1.6326190310e+1    6.3175901e-21
1.6339795470e+1    6.4399895e-21
1.6353400630e+1    6.4582634e-21
1.6367005790e+1    6.2032249e-21
1.6394216100e+1    5.9253059e-21
1.6407821260e+1    6.2290286e-21
1.6421426420e+1    6.1541891e-21
1.6435031580e+1    5.8986530e-21
1.6448636740e+1    5.8235052e-21
1.6462241900e+1    5.8079162e-21
1.6475847050e+1    5.7036222e-21
1.6489452210e+1    5.6412916e-21
1.6503057370e+1    5.6674069e-21
1.6516662530e+1    5.7446861e-21
1.6530267690e+1    5.7602862e-21
1.6543872850e+1    5.7155352e-21
1.6557478010e+1    5.5366247e-21
1.6571083160e+1    5.6018438e-21
1.6584688320e+1    5.5643331e-21
1.6598293480e+1    5.4436157e-21
1.6611898640e+1    5.4427532e-21
1.6625503800e+1    5.4813480e-21
1.6639108960e+1    5.4298443e-21
1.6652714120e+1    5.4168646e-21
1.6679924430e+1    5.3871097e-21
1.6693529590e+1    5.6072925e-21
1.6707134750e+1    5.6385846e-21
1.6720739910e+1    5.6562650e-21
1.6734345070e+1    5.6612812e-21
1.6747950230e+1    5.7261567e-21
1.6761555380e+1    5.9296884e-21
1.6775160540e+1    5.8565487e-21
1.6788765700e+1    5.8782125e-21
1.6802370860e+1    5.8070883e-21
1.6815976020e+1    6.0192254e-21
1.6829581180e+1    6.2849169e-21
1.6843186340e+1    6.2627890e-21
1.6856791500e+1    6.4450636e-21
1.6870396650e+1    6.5027077e-21
1.6884001810e+1    6.4311919e-21
1.6897606970e+1    6.4412858e-21
1.6911212130e+1    6.3218391e-21
1.6924817290e+1    6.6209808e-21
1.6938422450e+1    6.5440858e-21
1.6952027610e+1    6.6526064e-21
1.6965632760e+1    6.6568597e-21
1.6979237920e+1    6.6220942e-21
1.6992843080e+1    6.6146294e-21
1.7006448240e+1    6.5792575e-21
1.7020053400e+1    6.6445129e-21
1.7033658560e+1    6.7226728e-21
1.7047263720e+1    6.6255727e-21
1.7060868870e+1    6.7684392e-21
1.7074474030e+1    6.8225978e-21
1.7088079190e+1    7.0506795e-21
1.7101684350e+1    6.9977089e-21
1.7115289510e+1    6.8038368e-21
1.7128894670e+1    6.8817215e-21
1.7142499830e+1    7.0321295e-21
1.7156104980e+1    6.9974700e-21
1.7169710140e+1    6.8218423e-21
1.7183315300e+1    6.8961314e-21
1.7196920460e+1    6.8716259e-21
1.7210525620e+1    6.7902951e-21
1.7224130780e+1    6.7097613e-21
1.7237735940e+1    6.6245326e-21
1.7251341090e+1    6.6536597e-21
1.7264946250e+1    6.5434897e-21
1.7278551410e+1    6.5217811e-21
1.7292156570e+1    6.2593179e-21
1.7305761730e+1    6.2268749e-21
1.7319366890e+1    6.2779595e-21
1.7332972050e+1    6.1715099e-21
1.7346577200e+1    6.0957026e-21
1.7360182360e+1    6.2009160e-21
1.7373787520e+1    6.0574990e-21
1.7387392680e+1    5.9482655e-21
1.7400997840e+1    5.8462132e-21
1.7414603000e+1    5.8647604e-21
1.7428208160e+1    6.0566071e-21
1.7441813310e+1    5.9615632e-21
1.7455418470e+1    5.7719292e-21
1.7469023630e+1    5.8937580e-21
1.7482628790e+1    5.6372981e-21
1.7496233950e+1    5.7662727e-21
1.7509839110e+1    5.8012171e-21
1.7523444270e+1    5.5224949e-21
1.7537049420e+1    5.5749014e-21
1.7550654580e+1    5.5602566e-21
1.7564259740e+1    5.3750411e-21
1.7577864900e+1    5.2781290e-21
1.7591470060e+1    5.2915129e-21
1.7605075220e+1    5.1353705e-21
1.7618680380e+1    5.1338818e-21
1.7632285530e+1    5.0149624e-21
1.7645890690e+1    5.1022351e-21
1.7659495850e+1    5.1255585e-21
1.7673101010e+1    5.0934815e-21
1.7686706170e+1    4.9711477e-21
1.7700311330e+1    4.9789482e-21
1.7713916490e+1    4.9669049e-21
1.7727521640e+1    4.9377698e-21
1.7741126800e+1    4.9242965e-21
1.7754731960e+1    4.9221663e-21
1.7768337120e+1    4.9651438e-21
1.7781942280e+1    5.2086738e-21
1.7795547440e+1    5.1408436e-21
1.7809152600e+1    5.1996104e-21
1.7822757760e+1    5.1033978e-21
1.7836362910e+1    5.1110598e-21
1.7849968070e+1    5.0566624e-21
1.7863573230e+1    4.9681512e-21
1.7877178390e+1    5.0950361e-21
1.7890783550e+1    5.0109735e-21
1.7904388710e+1    5.1080903e-21
1.7917993870e+1    5.1542912e-21
1.7931599020e+1    5.3286220e-21
1.7945204180e+1    5.3746492e-21
1.7958809340e+1    5.4503172e-21
1.7972414500e+1    5.4500708e-21
1.7986019660e+1    5.4898300e-21
1.7999624820e+1    5.3906228e-21
1.8013229980e+1    5.3582510e-21
1.8026835130e+1    5.2230738e-21
1.8040440290e+1    5.1194139e-21
1.8054045450e+1    4.9833141e-21
1.8067650610e+1    5.0183786e-21
1.8081255770e+1    5.0411127e-21
1.8094860930e+1    5.0564705e-21
1.8108466090e+1    5.0215922e-21
1.8122071240e+1    4.9496777e-21
1.8135676400e+1    4.9140058e-21
1.8149281560e+1    4.9339309e-21
1.8162886720e+1    4.9099973e-21
1.8176491880e+1    4.9693432e-21
1.8190097040e+1    5.0416833e-21
1.8203702200e+1    5.0991915e-21
1.8217307350e+1    5.1471308e-21
1.8230912510e+1    5.2112214e-21
1.8244517670e+1    5.3168222e-21
1.8258122830e+1    5.3947786e-21
1.8271727990e+1    5.3941762e-21
1.8285333150e+1    5.4859374e-21
1.8298938310e+1    5.4131666e-21
1.8312543460e+1    5.2842816e-21
1.8326148620e+1    5.4275809e-21
1.8339753780e+1    5.3875975e-21
1.8353358940e+1    5.4459891e-21
1.8366964100e+1    5.4792936e-21
1.8380569260e+1    5.6474712e-21
1.8394174420e+1    5.5622250e-21
1.8407779570e+1    5.5280063e-21
1.8421384730e+1    5.4727411e-21
1.8434989890e+1    5.5562518e-21
1.8448595050e+1    5.5709854e-21
1.8462200210e+1    5.5391704e-21
1.8475805370e+1    5.4693324e-21
1.8489410530e+1    5.4699245e-21
1.8503015680e+1    5.5420697e-21
1.8516620840e+1    5.5436109e-21
1.8530226000e+1    5.5849760e-21
1.8543831160e+1    5.6095437e-21
1.8557436320e+1    5.4783716e-21
1.8571041480e+1    5.5832481e-21
1.8584646640e+1    5.5455020e-21
1.8598251790e+1    5.4628302e-21
1.8611856950e+1    5.4790052e-21
1.8625462110e+1    5.4924983e-21
1.8639067270e+1    5.3991027e-21
1.8652672430e+1    5.4071487e-21
1.8666277590e+1    5.3230659e-21
1.8679882750e+1    5.3217423e-21
1.8693487900e+1    5.3356153e-21
1.8707093060e+1    5.4358481e-21
1.8720698220e+1    5.2437445e-21
1.8734303380e+1    5.2174509e-21
1.8747908540e+1    5.3050189e-21
1.8761513700e+1    5.3344327e-21
1.8775118860e+1    5.3501584e-21
1.8788724020e+1    5.3012582e-21
1.8802329170e+1    5.2935071e-21
1.8815934330e+1    5.3425909e-21
1.8829539490e+1    5.1595210e-21
1.8843144650e+1    5.2211467e-21
1.8856749810e+1    5.2438937e-21
1.8870354970e+1    5.1291836e-21
1.8883960130e+1    5.1794168e-21
1.8897565280e+1    5.1484593e-21
1.8911170440e+1    5.1795261e-21
1.8924775600e+1    5.1572423e-21
1.8938380760e+1    5.0759624e-21
1.8951985920e+1    5.0533738e-21
1.8965591080e+1    4.9403580e-21
1.8979196240e+1    5.0594288e-21
1.8992801390e+1    4.9080864e-21
1.9006406550e+1    5.1079722e-21
1.9020011710e+1    5.1228558e-21
1.9033616870e+1    8.4068498e-20
1.9047222030e+1    4.9981237e-21
1.9060827190e+1    4.9624705e-21
1.9074432350e+1    4.9643683e-21
1.9088037500e+1    4.9846852e-21
1.9101642660e+1    4.8605035e-21
1.9115247820e+1    4.8514869e-21
1.9128852980e+1    4.8713250e-21
1.9142458140e+1    4.8336905e-21
1.9156063300e+1    4.6855455e-21
1.9169668460e+1    4.7394680e-21
1.9183273610e+1    4.6768784e-21
1.9196878770e+1    4.6834322e-21
1.9210483930e+1    4.6406123e-21
1.9224089090e+1    4.6560645e-21
1.9237694250e+1    4.6861759e-21
1.9251299410e+1    4.6606053e-21
1.9264904570e+1    4.7000262e-21
1.9278509720e+1    4.6227537e-21
1.9292114880e+1    4.6256315e-21
1.9305720040e+1    4.6095877e-21
1.9319325200e+1    4.6319869e-21
1.9332930360e+1    4.5617054e-21
1.9346535520e+1    4.5643690e-21
1.9360140680e+1    4.5488454e-21
1.9373745830e+1    4.5126514e-21
1.9387350990e+1    4.5435305e-21
1.9400956150e+1    4.4516113e-21
1.9414561310e+1    4.6209390e-21
1.9428166470e+1    4.6223372e-21
1.9441771630e+1    4.5449803e-21
1.9455376790e+1    4.5451811e-21
1.9468981940e+1    4.5673489e-21
1.9482587100e+1    4.5967299e-21
1.9496192260e+1    4.5013985e-21
1.9509797420e+1    4.4931396e-21
1.9523402580e+1    4.5601901e-21
1.9537007740e+1    4.5124400e-21
1.9550612900e+1    4.5026088e-21
1.9564218050e+1    4.5006927e-21
1.9577823210e+1    4.5459202e-21
1.9591428370e+1    4.4865513e-21
1.9999583130e+1    4.5733987e-21
2.4999478910e+1    2.9907697e-21
2.9999374690e+1    1.9099185e-21
3.4999270480e+1    1.2968976e-21
3.9999166260e+1    9.0373729e-22
4.4999062040e+1    6.3880675e-22
4.9998957820e+1    4.7064809e-22
5.4998853610e+1    3.5821441e-22
5.9998749390e+1    2.7962910e-22
6.4998645170e+1    2.2314272e-22
6.9998540950e+1    1.8132227e-22
7.4998436740e+1    1.4972082e-22
7.9998332520e+1    1.2484476e-22
8.4998228300e+1    1.0516208e-22
8.9998124080e+1    8.9516689e-23
9.4998019870e+1    7.6786194e-23
9.9997915650e+1    6.6306483e-23
1.0499781143e+2    5.7653248e-23
1.0999770721e+2    5.0493818e-23
1.1499760300e+2    4.4365212e-23
1.1999749878e+2    3.9279042e-23
1.2499739456e+2    3.4926659e-23
1.2999729034e+2    3.1187470e-23
1.3499718613e+2    2.8025515e-23
-----------------------------

