EXCITATION
N(2p2_3P_4s_4Pe) -> N(2p2_3P_4p_2Do)
 1.329200e+1
SPECIES: e / N(2p2_3P_4s_4Pe)
PROCESS: E + N(2p2_3P_4s_4Pe) -> E + N(2p2_3P_4p_2Do), Excitation
PARAM.:  E = 13.292 eV
UPDATED: 2019-01-30 20:10:48
COLUMNS: Energy (eV) | Cross section (m2)
-----------------------------
1.3292105800e+1    0.0000000e+7
1.3305845100e+1    2.3933580e-20
1.3319450260e+1    2.9670440e-20
1.3333055420e+1    3.1968358e-20
1.3346660580e+1    3.0626513e-20
1.3360265740e+1    2.7667961e-20
1.3373870900e+1    3.0703123e-20
1.3387476050e+1    3.0049759e-20
1.3401081210e+1    3.1267849e-20
1.3414686370e+1    4.1256776e-20
1.3428291530e+1    3.4204063e-20
1.3441896690e+1    3.3237818e-20
1.3455501850e+1    3.4313712e-20
1.3469107010e+1    3.0456131e-20
1.3482712160e+1    2.8690615e-20
1.3496317320e+1    2.7791215e-20
1.3509922480e+1    2.9093073e-20
1.3523527640e+1    3.0231830e-20
1.3537132800e+1    3.2538417e-20
1.3550737960e+1    3.2966838e-20
1.3564343120e+1    3.3724725e-20
1.3577948270e+1    3.4569161e-20
1.3591553430e+1    3.6089666e-20
1.3605158590e+1    4.3005874e-20
1.3618763750e+1    4.2667573e-20
1.3632368910e+1    4.7875813e-20
1.3645974070e+1    5.1183492e-20
1.3659579230e+1    4.8164993e-20
1.3673184380e+1    4.5951965e-20
1.3700394700e+1    3.3797989e-20
1.3713999860e+1    3.5225294e-20
1.3754815340e+1    7.9575762e-20
1.3768420490e+1    6.7564204e-20
1.3782025650e+1    5.5843978e-20
1.3795630810e+1    5.0754520e-20
1.3809235970e+1    4.3906724e-20
1.3822841130e+1    3.6665492e-20
1.3836446290e+1    3.4229703e-20
1.3850051450e+1    3.2612954e-20
1.3863656600e+1    3.8539659e-20
1.3877261760e+1    3.7384761e-20
1.3890866920e+1    3.4959382e-20
1.3904472080e+1    3.3102311e-20
1.3918077240e+1    3.2086315e-20
1.3931682400e+1    3.0504656e-20
1.3945287560e+1    3.1881308e-20
1.3958892720e+1    3.2515951e-20
1.3972497870e+1    3.3849540e-20
1.3986103030e+1    3.2332904e-20
1.3999708190e+1    3.1691144e-20
1.4013313350e+1    3.1610108e-20
1.4026918510e+1    3.2412752e-20
1.4040523670e+1    3.2120422e-20
1.4054128830e+1    3.0442760e-20
1.4067733980e+1    2.8270373e-20
1.4081339140e+1    2.8393155e-20
1.4094944300e+1    2.8656588e-20
1.4108549460e+1    2.6905271e-20
1.4122154620e+1    2.5210596e-20
1.4135759780e+1    2.4337904e-20
1.4149364940e+1    2.3728529e-20
1.4162970090e+1    2.2552923e-20
1.4176575250e+1    2.1811108e-20
1.4190180410e+1    1.9656924e-20
1.4203785570e+1    1.7922604e-20
1.4217390730e+1    1.6824922e-20
1.4230995890e+1    1.5543777e-20
1.4244601050e+1    1.4715231e-20
1.4258206200e+1    1.4600943e-20
1.4271811360e+1    1.3619765e-20
1.4285416520e+1    1.3370982e-20
1.4299021680e+1    1.2739692e-20
1.4312626840e+1    1.1769225e-20
1.4326232000e+1    1.2067739e-20
1.4339837160e+1    1.1288552e-20
1.4353442310e+1    1.1053530e-20
1.4367047470e+1    1.0271675e-20
1.4380652630e+1    1.0425575e-20
1.4394257790e+1    1.0652362e-20
1.4407862950e+1    9.9358206e-21
1.4421468110e+1    1.0724351e-20
1.4435073270e+1    1.1117829e-20
1.4448678420e+1    1.1610325e-20
1.4462283580e+1    1.2347571e-20
1.4475888740e+1    1.2933421e-20
1.4489493900e+1    1.3253028e-20
1.4503099060e+1    1.3561657e-20
1.4516704220e+1    1.3852859e-20
1.4530309380e+1    1.4719110e-20
1.4543914530e+1    1.4676506e-20
1.4557519690e+1    1.4012431e-20
1.4571124850e+1    1.4977607e-20
1.4584730010e+1    1.5592221e-20
1.4598335170e+1    1.6888343e-20
1.4611940330e+1    1.7797735e-20
1.4625545490e+1    1.6523150e-20
1.4639150640e+1    1.5934583e-20
1.4652755800e+1    1.5514311e-20
1.4666360960e+1    1.5329250e-20
1.4679966120e+1    1.5264195e-20
1.4693571280e+1    1.5791390e-20
1.4707176440e+1    1.5758628e-20
1.4720781600e+1    1.5979751e-20
1.4734386750e+1    1.6159327e-20
1.4747991910e+1    1.5722170e-20
1.4761597070e+1    1.5580246e-20
1.4775202230e+1    1.5301893e-20
1.4788807390e+1    1.4772596e-20
1.4802412550e+1    1.4083949e-20
1.4816017710e+1    1.3381226e-20
1.4829622860e+1    1.3098014e-20
1.4843228020e+1    1.3455967e-20
1.4856833180e+1    1.3408707e-20
1.4870438340e+1    1.1900040e-20
1.4884043500e+1    1.1742547e-20
1.4897648660e+1    1.1322065e-20
1.4911253820e+1    1.0860399e-20
1.4924858980e+1    1.1215988e-20
1.4938464130e+1    1.0884301e-20
1.4952069290e+1    1.0713139e-20
1.4965674450e+1    1.0613564e-20
1.4979279610e+1    1.0112669e-20
1.4992884770e+1    9.7198469e-21
1.5006489930e+1    9.3040680e-21
1.5020095090e+1    9.0509952e-21
1.5033700240e+1    1.0186870e-20
1.5047305400e+1    1.0004258e-20
1.5060910560e+1    9.6617491e-21
1.5074515720e+1    9.5561294e-21
1.5088120880e+1    9.3694812e-21
1.5101726040e+1    9.8067358e-21
1.5115331200e+1    9.3593896e-21
1.5128936350e+1    9.3014811e-21
1.5142541510e+1    8.9382626e-21
1.5156146670e+1    8.6839889e-21
1.5169751830e+1    8.5082466e-21
1.5183356990e+1    8.4325815e-21
1.5196962150e+1    8.4331028e-21
1.5210567310e+1    8.3428582e-21
1.5224172460e+1    8.4550961e-21
1.5237777620e+1    8.4824480e-21
1.5251382780e+1    8.4730286e-21
1.5264987940e+1    8.7744730e-21
1.5278593100e+1    8.7803254e-21
1.5292198260e+1    8.8474174e-21
1.5305803420e+1    9.0978643e-21
1.5319408570e+1    9.2214261e-21
1.5333013730e+1    9.2566959e-21
1.5346618890e+1    9.4514393e-21
1.5360224050e+1    9.4469492e-21
1.5373829210e+1    9.4238957e-21
1.5387434370e+1    9.5663683e-21
1.5401039530e+1    9.3413419e-21
1.5414644680e+1    9.4583115e-21
1.5428249840e+1    9.5200842e-21
1.5441855000e+1    8.9210810e-21
1.5455460160e+1    8.7005641e-21
1.5469065320e+1    8.2918763e-21
1.5482670480e+1    8.1958074e-21
1.5509880790e+1    7.7538619e-21
1.5523485950e+1    7.7326782e-21
1.5537091110e+1    8.0327356e-21
1.5550696270e+1    7.4796602e-21
1.5564301430e+1    7.3465035e-21
1.5577906590e+1    7.6350315e-21
1.5591511750e+1    7.5040456e-21
1.5605116900e+1    7.5989714e-21
1.5618722060e+1    7.6310014e-21
1.5632327220e+1    7.5310257e-21
1.5645932380e+1    7.7946875e-21
1.5659537540e+1    7.3841616e-21
1.5673142700e+1    7.2974798e-21
1.5686747860e+1    7.0534420e-21
1.5700353010e+1    7.0217601e-21
1.5713958170e+1    6.9272655e-21
1.5727563330e+1    6.9243987e-21
1.5741168490e+1    6.8067388e-21
1.5754773650e+1    6.7388060e-21
1.5768378810e+1    6.6401184e-21
1.5781983970e+1    6.5239066e-21
1.5795589120e+1    6.3338772e-21
1.5809194280e+1    6.1891504e-21
1.5822799440e+1    5.9975534e-21
1.5836404600e+1    5.9497271e-21
1.5850009760e+1    5.8260262e-21
1.5863614920e+1    5.6080850e-21
1.5877220080e+1    5.4610996e-21
1.5890825240e+1    5.4244769e-21
1.5904430390e+1    5.2595156e-21
1.5918035550e+1    5.2918314e-21
1.5931640710e+1    5.3218980e-21
1.5945245870e+1    5.4537451e-21
1.5958851030e+1    5.4071623e-21
1.5972456190e+1    5.2879436e-21
1.5986061350e+1    5.1186417e-21
1.5999666500e+1    4.9718955e-21
1.6013271660e+1    4.8726195e-21
1.6026876820e+1    4.8416949e-21
1.6040481980e+1    4.6374666e-21
1.6054087140e+1    4.5702544e-21
1.6067692300e+1    4.3843567e-21
1.6081297460e+1    4.3688321e-21
1.6094902610e+1    4.2619343e-21
1.6108507770e+1    4.1250426e-21
1.6122112930e+1    4.0807043e-21
1.6135718090e+1    3.9330398e-21
1.6149323250e+1    3.8005130e-21
1.6162928410e+1    3.7435893e-21
1.6176533570e+1    3.6431521e-21
1.6190138720e+1    3.4890593e-21
1.6203743880e+1    3.5304814e-21
1.6217349040e+1    3.4314888e-21
1.6230954200e+1    3.2593133e-21
1.6244559360e+1    3.1924766e-21
1.6258164520e+1    3.3300318e-21
1.6271769680e+1    3.3831100e-21
1.6285374830e+1    3.3989235e-21
1.6298979990e+1    3.3936322e-21
1.6312585150e+1    3.3988666e-21
1.6326190310e+1    3.4291200e-21
1.6339795470e+1    3.4566198e-21
1.6353400630e+1    3.4174581e-21
1.6367005790e+1    3.4671754e-21
1.6394216100e+1    3.4413707e-21
1.6407821260e+1    3.5540413e-21
1.6421426420e+1    3.6602056e-21
1.6435031580e+1    3.6758750e-21
1.6448636740e+1    3.7966430e-21
1.6462241900e+1    3.7874392e-21
1.6475847050e+1    3.8587412e-21
1.6489452210e+1    3.8813977e-21
1.6503057370e+1    3.9371500e-21
1.6516662530e+1    4.0764063e-21
1.6530267690e+1    4.2169981e-21
1.6543872850e+1    4.3620184e-21
1.6557478010e+1    4.3432197e-21
1.6571083160e+1    4.4364180e-21
1.6584688320e+1    4.4299915e-21
1.6598293480e+1    4.4510206e-21
1.6611898640e+1    4.5428648e-21
1.6625503800e+1    4.5769056e-21
1.6639108960e+1    4.6759730e-21
1.6652714120e+1    4.6988860e-21
1.6679924430e+1    4.9173957e-21
1.6693529590e+1    4.9767209e-21
1.6707134750e+1    5.0305587e-21
1.6720739910e+1    4.9047241e-21
1.6734345070e+1    4.7573544e-21
1.6747950230e+1    4.6129903e-21
1.6761555380e+1    4.4393111e-21
1.6775160540e+1    4.3887586e-21
1.6788765700e+1    4.3724545e-21
1.6802370860e+1    4.2305175e-21
1.6815976020e+1    4.1978431e-21
1.6829581180e+1    4.2004237e-21
1.6843186340e+1    4.0773472e-21
1.6856791500e+1    4.0506471e-21
1.6870396650e+1    3.9731507e-21
1.6884001810e+1    4.0057728e-21
1.6897606970e+1    3.9803724e-21
1.6911212130e+1    4.0429953e-21
1.6924817290e+1    3.8832311e-21
1.6938422450e+1    3.7302181e-21
1.6952027610e+1    3.7573891e-21
1.6965632760e+1    3.8011348e-21
1.6979237920e+1    3.7908528e-21
1.6992843080e+1    3.8150699e-21
1.7006448240e+1    3.7465240e-21
1.7020053400e+1    3.7093773e-21
1.7033658560e+1    3.7126135e-21
1.7047263720e+1    3.6417101e-21
1.7060868870e+1    3.6292688e-21
1.7074474030e+1    3.5918070e-21
1.7088079190e+1    3.6026100e-21
1.7101684350e+1    3.5858181e-21
1.7115289510e+1    3.5096918e-21
1.7128894670e+1    3.5125557e-21
1.7142499830e+1    3.5689917e-21
1.7156104980e+1    3.4808538e-21
1.7169710140e+1    3.4482625e-21
1.7183315300e+1    3.4835197e-21
1.7196920460e+1    3.4977240e-21
1.7210525620e+1    3.4860524e-21
1.7224130780e+1    3.4431519e-21
1.7237735940e+1    3.4263412e-21
1.7251341090e+1    3.3980621e-21
1.7264946250e+1    3.3649531e-21
1.7278551410e+1    3.3678380e-21
1.7292156570e+1    3.3800962e-21
1.7305761730e+1    3.3652443e-21
1.7319366890e+1    3.4067218e-21
1.7332972050e+1    3.3699186e-21
1.7346577200e+1    3.3532419e-21
1.7360182360e+1    3.3760988e-21
1.7373787520e+1    3.3764173e-21
1.7387392680e+1    3.3326367e-21
1.7400997840e+1    3.3022143e-21
1.7414603000e+1    3.2800473e-21
1.7428208160e+1    3.2969113e-21
1.7441813310e+1    3.2983447e-21
1.7455418470e+1    3.3395265e-21
1.7469023630e+1    3.3416795e-21
1.7482628790e+1    3.4029462e-21
1.7496233950e+1    3.4268181e-21
1.7509839110e+1    3.4443361e-21
1.7523444270e+1    3.4113437e-21
1.7537049420e+1    3.4719406e-21
1.7550654580e+1    3.5458930e-21
1.7564259740e+1    3.5813381e-21
1.7577864900e+1    3.5983034e-21
1.7591470060e+1    3.6069447e-21
1.7605075220e+1    3.5902088e-21
1.7618680380e+1    3.5861663e-21
1.7632285530e+1    3.5997625e-21
1.7645890690e+1    3.5708499e-21
1.7659495850e+1    3.5646234e-21
1.7673101010e+1    3.5438019e-21
1.7686706170e+1    3.4795743e-21
1.7700311330e+1    3.4179909e-21
1.7713916490e+1    3.4132054e-21
1.7727521640e+1    3.4118018e-21
1.7741126800e+1    3.3735208e-21
1.7754731960e+1    3.3872356e-21
1.7768337120e+1    3.3500745e-21
1.7781942280e+1    3.3542314e-21
1.7795547440e+1    3.3293389e-21
1.7809152600e+1    3.3389985e-21
1.7822757760e+1    3.2775892e-21
1.7836362910e+1    3.2746586e-21
1.7849968070e+1    3.2129090e-21
1.7863573230e+1    3.1971075e-21
1.7877178390e+1    3.1537367e-21
1.7890783550e+1    3.0991161e-21
1.7904388710e+1    3.1118485e-21
1.7917993870e+1    3.0413701e-21
1.7931599020e+1    2.9628826e-21
1.7945204180e+1    2.9123912e-21
1.7958809340e+1    2.8499215e-21
1.7972414500e+1    2.8273252e-21
1.7986019660e+1    2.8157063e-21
1.7999624820e+1    2.8405790e-21
1.8013229980e+1    2.8549596e-21
1.8026835130e+1    2.8626636e-21
1.8040440290e+1    2.9125736e-21
1.8054045450e+1    2.9142801e-21
1.8067650610e+1    2.8844727e-21
1.8081255770e+1    2.8590702e-21
1.8094860930e+1    2.8678834e-21
1.8108466090e+1    2.8497876e-21
1.8122071240e+1    2.8591621e-21
1.8135676400e+1    2.8412230e-21
1.8149281560e+1    2.8181275e-21
1.8162886720e+1    2.8114774e-21
1.8176491880e+1    2.7456327e-21
1.8190097040e+1    2.7516924e-21
1.8203702200e+1    2.7580909e-21
1.8217307350e+1    2.7217553e-21
1.8230912510e+1    2.7273056e-21
1.8244517670e+1    2.7207416e-21
1.8258122830e+1    2.6699524e-21
1.8271727990e+1    2.7067024e-21
1.8285333150e+1    2.6896018e-21
1.8298938310e+1    2.6780462e-21
1.8312543460e+1    2.6688339e-21
1.8326148620e+1    2.6348373e-21
1.8339753780e+1    2.6343095e-21
1.8353358940e+1    2.5834569e-21
1.8366964100e+1    2.5233060e-21
1.8380569260e+1    2.5114783e-21
1.8394174420e+1    2.5193016e-21
1.8407779570e+1    2.5009590e-21
1.8421384730e+1    2.5218138e-21
1.8434989890e+1    2.5286345e-21
1.8448595050e+1    2.4796606e-21
1.8462200210e+1    2.4860328e-21
1.8475805370e+1    2.4859996e-21
1.8489410530e+1    2.4986935e-21
1.8503015680e+1    2.5247469e-21
1.8516620840e+1    2.5334163e-21
1.8530226000e+1    2.5374667e-21
1.8543831160e+1    2.5409254e-21
1.8557436320e+1    2.5615052e-21
1.8571041480e+1    2.5710148e-21
1.8584646640e+1    2.5462994e-21
1.8598251790e+1    2.5362011e-21
1.8611856950e+1    2.5210988e-21
1.8625462110e+1    2.5311847e-21
1.8639067270e+1    2.5019965e-21
1.8652672430e+1    2.4867492e-21
1.8666277590e+1    2.4674126e-21
1.8679882750e+1    2.4742277e-21
1.8693487900e+1    2.4522025e-21
1.8707093060e+1    1.9556644e-20
1.8720698220e+1    2.4337963e-21
1.8734303380e+1    2.4385261e-21
1.8747908540e+1    2.3699975e-21
1.8761513700e+1    2.3292790e-21
1.8775118860e+1    2.3232741e-21
1.8788724020e+1    2.2980242e-21
1.8802329170e+1    2.2234488e-21
1.8815934330e+1    2.3768502e-21
1.8829539490e+1    2.1486487e-21
1.8843144650e+1    2.1297565e-21
1.8856749810e+1    2.0870901e-21
1.8870354970e+1    2.0641611e-21
1.8883960130e+1    2.0344928e-21
1.8897565280e+1    1.9877873e-21
1.8911170440e+1    1.9873300e-21
1.8924775600e+1    1.9666430e-21
1.8938380760e+1    1.9554503e-21
1.8951985920e+1    1.9484774e-21
1.8965591080e+1    1.9297247e-21
1.8979196240e+1    1.9261736e-21
1.8992801390e+1    1.8992420e-21
1.9006406550e+1    1.8927088e-21
1.9020011710e+1    1.8817519e-21
1.9033616870e+1    1.8820395e-21
1.9047222030e+1    1.8703673e-21
1.9060827190e+1    1.8509095e-21
1.9074432350e+1    1.8521173e-21
1.9088037500e+1    1.8386676e-21
1.9101642660e+1    1.8301018e-21
1.9115247820e+1    1.7992035e-21
1.9128852980e+1    1.8001516e-21
1.9142458140e+1    1.7924728e-21
1.9156063300e+1    1.8177044e-21
1.9169668460e+1    1.7912352e-21
1.9183273610e+1    1.7901136e-21
1.9196878770e+1    1.7805083e-21
1.9210483930e+1    1.7515740e-21
1.9224089090e+1    1.7686081e-21
1.9237694250e+1    1.7519053e-21
1.9251299410e+1    1.7256392e-21
1.9264904570e+1    1.7137260e-21
1.9278509720e+1    1.7066901e-21
1.9292114880e+1    1.7031746e-21
1.9305720040e+1    1.6805377e-21
1.9319325200e+1    1.6488982e-21
1.9332930360e+1    1.6697461e-21
1.9346535520e+1    1.6409801e-21
1.9360140680e+1    1.6658697e-21
1.9373745830e+1    1.6482919e-21
1.9387350990e+1    1.6422341e-21
1.9400956150e+1    1.6540414e-21
1.9414561310e+1    1.0567889e-20
1.9428166470e+1    1.6115138e-21
1.9441771630e+1    1.5999856e-21
1.9455376790e+1    1.5965228e-21
1.9468981940e+1    1.5796426e-21
1.9482587100e+1    1.5866286e-21
1.9496192260e+1    1.5724933e-21
1.9509797420e+1    1.5859326e-21
1.9523402580e+1    1.6823488e-20
1.9537007740e+1    1.5496917e-21
1.9550612900e+1    1.5420862e-21
1.9564218050e+1    1.5195001e-21
1.9577823210e+1    1.5038452e-21
1.9591428370e+1    1.4647489e-21
1.9999583130e+1    3.6799618e-20
2.4999478910e+1    2.3112359e-22
2.9999374690e+1    1.0275516e-22
3.4999270480e+1    6.9350720e-23
3.9999166260e+1    4.7248821e-23
4.4999062040e+1    3.4182440e-23
4.9998957820e+1    2.5848650e-23
5.4998853610e+1    1.9969716e-23
5.9998749390e+1    1.5537153e-23
6.4998645170e+1    1.1924597e-23
6.9998540950e+1    9.2942512e-24
7.4998436740e+1    7.3259382e-24
7.9998332520e+1    5.7946221e-24
8.4998228300e+1    4.5189073e-24
8.9998124080e+1    3.7427132e-24
9.4998019870e+1    3.0178907e-24
9.9997915650e+1    2.4579458e-24
1.0499781143e+2    2.0174917e-24
1.0999770721e+2    1.6684490e-24
1.1499760300e+2    1.3861597e-24
1.1999749878e+2    1.1495441e-24
1.2499739456e+2    9.7024583e-25
1.2999729034e+2    8.1887272e-25
1.3499718613e+2    6.9410000e-25
-----------------------------

