 0.10000E-01  0.35802762E+04  0.00000000E+00  0.00000000E+00  0.00000000E+00  0.00000000E+00
 0.35007E-01  0.10329540E+04  0.00000000E+00  0.00000000E+00  0.00000000E+00  0.00000000E+00
 0.60000E-01  0.60865842E+03  0.00000000E+00  0.00000000E+00  0.00000000E+00  0.00000000E+00
 0.84993E-01  0.43394297E+03  0.00000000E+00  0.00000000E+00  0.00000000E+00  0.00000000E+00
 0.11000E+00  0.33862922E+03  0.00000000E+00  0.00000000E+00  0.00000000E+00  0.00000000E+00
 0.13501E+00  0.27865732E+03  0.00000000E+00  0.00000000E+00  0.00000000E+00  0.00000000E+00
 0.16000E+00  0.23747626E+03  0.00000000E+00  0.00000000E+00  0.00000000E+00  0.00000000E+00
 0.18501E+00  0.20742717E+03  0.00000000E+00  0.00000000E+00  0.00000000E+00  0.00000000E+00
 0.21000E+00  0.18456061E+03  0.00000000E+00  0.00000000E+00  0.00000000E+00  0.00000000E+00
 0.23499E+00  0.16656811E+03  0.00000000E+00  0.00000000E+00  0.00000000E+00  0.00000000E+00
 0.26000E+00  0.15203316E+03  0.00000000E+00  0.00000000E+00  0.00000000E+00  0.00000000E+00
 0.28501E+00  0.14005177E+03  0.00000000E+00  0.00000000E+00  0.00000000E+00  0.00000000E+00
 0.31000E+00  0.13000926E+03  0.00000000E+00  0.00000000E+00  0.00000000E+00  0.00000000E+00
 0.33499E+00  0.12146326E+03  0.00000000E+00  0.00000000E+00  0.00000000E+00  0.00000000E+00
 0.36000E+00  0.11409580E+03  0.00000000E+00  0.00000000E+00  0.00000000E+00  0.00000000E+00
 0.38499E+00  0.10768392E+03  0.00000000E+00  0.00000000E+00  0.00000000E+00  0.00000000E+00
 0.41000E+00  0.10204394E+03  0.00000000E+00  0.00000000E+00  0.00000000E+00  0.00000000E+00
 0.43501E+00  0.97045058E+02  0.00000000E+00  0.00000000E+00  0.00000000E+00  0.00000000E+00
 0.46000E+00  0.92584382E+02  0.00000000E+00  0.00000000E+00  0.00000000E+00  0.00000000E+00
 0.48499E+00  0.88574961E+02  0.00000000E+00  0.00000000E+00  0.00000000E+00  0.00000000E+00
 0.51000E+00  0.84947468E+02  0.00000000E+00  0.00000000E+00  0.00000000E+00  0.00000000E+00
 0.53501E+00  0.81650135E+02  0.00000000E+00  0.00000000E+00  0.00000000E+00  0.00000000E+00
 0.56000E+00  0.78640210E+02  0.00000000E+00  0.00000000E+00  0.00000000E+00  0.00000000E+00
 0.58500E+00  0.75876796E+02  0.00000000E+00  0.00000000E+00  0.00000000E+00  0.00000000E+00
 0.61000E+00  0.73332818E+02  0.00000000E+00  0.00000000E+00  0.00000000E+00  0.00000000E+00
 0.63499E+00  0.70980554E+02  0.00000000E+00  0.00000000E+00  0.00000000E+00  0.00000000E+00
 0.66000E+00  0.68796752E+02  0.00000000E+00  0.00000000E+00  0.00000000E+00  0.00000000E+00
 0.68500E+00  0.66764431E+02  0.00000000E+00  0.00000000E+00  0.00000000E+00  0.00000000E+00
 0.71000E+00  0.64868891E+02  0.00000000E+00  0.00000000E+00  0.00000000E+00  0.00000000E+00
 0.73500E+00  0.63093843E+02  0.00000000E+00  0.00000000E+00  0.00000000E+00  0.00000000E+00
 0.76000E+00  0.61429830E+02  0.00000000E+00  0.00000000E+00  0.00000000E+00  0.00000000E+00
 0.78499E+00  0.59865289E+02  0.00000000E+00  0.00000000E+00  0.00000000E+00  0.00000000E+00
 0.81000E+00  0.58390217E+02  0.00000000E+00  0.00000000E+00  0.00000000E+00  0.00000000E+00
 0.83500E+00  0.56997780E+02  0.00000000E+00  0.00000000E+00  0.00000000E+00  0.00000000E+00
 0.86000E+00  0.55681858E+02  0.00000000E+00  0.00000000E+00  0.00000000E+00  0.00000000E+00
 0.88499E+00  0.54435287E+02  0.00000000E+00  0.00000000E+00  0.00000000E+00  0.00000000E+00
 0.91000E+00  0.53251772E+02  0.00000000E+00  0.00000000E+00  0.00000000E+00  0.00000000E+00
 0.93500E+00  0.52127277E+02  0.00000000E+00  0.00000000E+00  0.00000000E+00  0.00000000E+00
 0.96000E+00  0.51058122E+02  0.00000000E+00  0.00000000E+00  0.00000000E+00  0.00000000E+00
 0.98500E+00  0.50038871E+02  0.00000000E+00  0.00000000E+00  0.00000000E+00  0.00000000E+00
 0.10100E+01  0.49067373E+02  0.00000000E+00  0.00000000E+00  0.00000000E+00  0.00000000E+00
 0.10350E+01  0.48139049E+02  0.00000000E+00  0.00000000E+00  0.00000000E+00  0.00000000E+00
 0.10600E+01  0.47252266E+02  0.00000000E+00  0.00000000E+00  0.00000000E+00  0.00000000E+00
 0.10850E+01  0.46403703E+02  0.00000000E+00  0.00000000E+00  0.00000000E+00  0.00000000E+00
 0.11100E+01  0.45590369E+02  0.00000000E+00  0.00000000E+00  0.00000000E+00  0.00000000E+00
 0.11350E+01  0.44811180E+02  0.00000000E+00  0.00000000E+00  0.00000000E+00  0.00000000E+00
 0.11600E+01  0.44062996E+02  0.00000000E+00  0.00000000E+00  0.00000000E+00  0.00000000E+00
 0.11850E+01  0.43344994E+02  0.00000000E+00  0.00000000E+00  0.00000000E+00  0.00000000E+00
 0.12100E+01  0.42654427E+02  0.00000000E+00  0.00000000E+00  0.00000000E+00  0.00000000E+00
 0.12350E+01  0.41990208E+02  0.00000000E+00  0.00000000E+00  0.00000000E+00  0.00000000E+00
 0.12600E+01  0.41351303E+02  0.00000000E+00  0.00000000E+00  0.00000000E+00  0.00000000E+00
 0.12850E+01  0.40735427E+02  0.00000000E+00  0.00000000E+00  0.00000000E+00  0.00000000E+00
 0.13100E+01  0.40142182E+02  0.00000000E+00  0.00000000E+00  0.00000000E+00  0.00000000E+00
 0.13350E+01  0.39569532E+02  0.00000000E+00  0.00000000E+00  0.00000000E+00  0.00000000E+00
 0.13600E+01  0.39017189E+02  0.00000000E+00  0.00000000E+00  0.00000000E+00  0.00000000E+00
 0.13850E+01  0.38483705E+02  0.00000000E+00  0.00000000E+00  0.00000000E+00  0.00000000E+00
 0.14100E+01  0.37967748E+02  0.00000000E+00  0.00000000E+00  0.00000000E+00  0.00000000E+00
 0.14350E+01  0.37469158E+02  0.00000000E+00  0.00000000E+00  0.00000000E+00  0.00000000E+00
 0.14600E+01  0.36986368E+02  0.00000000E+00  0.00000000E+00  0.00000000E+00  0.00000000E+00
 0.14850E+01  0.36519284E+02  0.00000000E+00  0.00000000E+00  0.00000000E+00  0.00000000E+00
 0.15100E+01  0.36066482E+02  0.00000000E+00  0.00000000E+00  0.00000000E+00  0.00000000E+00
 0.15350E+01  0.35627607E+02  0.00000000E+00  0.00000000E+00  0.00000000E+00  0.00000000E+00
 0.15600E+01  0.35202307E+02  0.00000000E+00  0.00000000E+00  0.00000000E+00  0.00000000E+00
 0.15850E+01  0.34789341E+02  0.00000000E+00  0.00000000E+00  0.00000000E+00  0.00000000E+00
 0.16100E+01  0.34388735E+02  0.00000000E+00  0.00000000E+00  0.00000000E+00  0.00000000E+00
 0.16350E+01  0.33999351E+02  0.00000000E+00  0.00000000E+00  0.00000000E+00  0.00000000E+00
 0.16600E+01  0.33621248E+02  0.00000000E+00  0.00000000E+00  0.00000000E+00  0.00000000E+00
 0.16850E+01  0.33253650E+02  0.00000000E+00  0.00000000E+00  0.00000000E+00  0.00000000E+00
 0.17100E+01  0.32895839E+02  0.00000000E+00  0.00000000E+00  0.00000000E+00  0.00000000E+00
 0.17350E+01  0.32547658E+02  0.00000000E+00  0.00000000E+00  0.00000000E+00  0.00000000E+00
 0.17600E+01  0.32208950E+02  0.00000000E+00  0.00000000E+00  0.00000000E+00  0.00000000E+00
 0.17850E+01  0.31879072E+02  0.00000000E+00  0.00000000E+00  0.00000000E+00  0.00000000E+00
 0.18100E+01  0.31557424E+02  0.00000000E+00  0.00000000E+00  0.00000000E+00  0.00000000E+00
 0.18350E+01  0.31243915E+02  0.00000000E+00  0.00000000E+00  0.00000000E+00  0.00000000E+00
 0.18600E+01  0.30938451E+02  0.00000000E+00  0.00000000E+00  0.00000000E+00  0.00000000E+00
 0.18850E+01  0.30640491E+02  0.00000000E+00  0.00000000E+00  0.00000000E+00  0.00000000E+00
 0.19100E+01  0.30349535E+02  0.00000000E+00  0.00000000E+00  0.00000000E+00  0.00000000E+00
 0.19350E+01  0.30065539E+02  0.00000000E+00  0.00000000E+00  0.00000000E+00  0.00000000E+00
 0.19600E+01  0.29788457E+02  0.00000000E+00  0.00000000E+00  0.00000000E+00  0.00000000E+00
 0.19850E+01  0.29517630E+02  0.00000000E+00  0.00000000E+00  0.00000000E+00  0.00000000E+00
 0.20100E+01  0.29253242E+02  0.00000000E+00  0.00000000E+00  0.00000000E+00  0.00000000E+00
 0.20350E+01  0.28994875E+02  0.00000000E+00  0.00000000E+00  0.00000000E+00  0.00000000E+00
 0.20600E+01  0.28742137E+02  0.00000000E+00  0.00000000E+00  0.00000000E+00  0.00000000E+00
 0.20850E+01  0.28495038E+02  0.00000000E+00  0.00000000E+00  0.00000000E+00  0.00000000E+00
 0.21100E+01  0.28253582E+02  0.00000000E+00  0.00000000E+00  0.00000000E+00  0.00000000E+00
 0.21350E+01  0.28017410E+02  0.00000000E+00  0.00000000E+00  0.00000000E+00  0.00000000E+00
 0.21600E+01  0.27786189E+02  0.00000000E+00  0.00000000E+00  0.00000000E+00  0.00000000E+00
 0.21850E+01  0.27559951E+02  0.00000000E+00  0.00000000E+00  0.00000000E+00  0.00000000E+00
 0.22100E+01  0.27338723E+02  0.00000000E+00  0.00000000E+00  0.00000000E+00  0.00000000E+00
 0.22350E+01  0.27122196E+02  0.00000000E+00  0.00000000E+00  0.00000000E+00  0.00000000E+00
 0.22600E+01  0.26910083E+02  0.00000000E+00  0.00000000E+00  0.00000000E+00  0.00000000E+00
 0.22850E+01  0.26702591E+02  0.00000000E+00  0.00000000E+00  0.00000000E+00  0.00000000E+00
 0.23100E+01  0.26499287E+02  0.00000000E+00  0.00000000E+00  0.00000000E+00  0.00000000E+00
 0.23350E+01  0.26300225E+02  0.00000000E+00  0.00000000E+00  0.00000000E+00  0.00000000E+00
 0.23600E+01  0.26105454E+02  0.00000000E+00  0.00000000E+00  0.00000000E+00  0.00000000E+00
 0.23850E+01  0.25914724E+02  0.00000000E+00  0.00000000E+00  0.00000000E+00  0.00000000E+00
 0.24100E+01  0.25727796E+02  0.00000000E+00  0.00000000E+00  0.00000000E+00  0.00000000E+00
 0.24350E+01  0.25544736E+02  0.00000000E+00  0.00000000E+00  0.00000000E+00  0.00000000E+00
 0.24600E+01  0.25365601E+02  0.00000000E+00  0.00000000E+00  0.00000000E+00  0.00000000E+00
 0.24850E+01  0.25190167E+02  0.00000000E+00  0.00000000E+00  0.00000000E+00  0.00000000E+00
 0.25100E+01  0.25018224E+02  0.00000000E+00  0.00000000E+00  0.00000000E+00  0.00000000E+00
 0.25350E+01  0.24849840E+02  0.00000000E+00  0.00000000E+00  0.00000000E+00  0.00000000E+00
 0.25600E+01  0.24685077E+02  0.00000000E+00  0.00000000E+00  0.00000000E+00  0.00000000E+00
 0.25850E+01  0.24523605E+02  0.00000000E+00  0.00000000E+00  0.00000000E+00  0.00000000E+00
 0.26100E+01  0.24365622E+02  0.00000000E+00  0.00000000E+00  0.00000000E+00  0.00000000E+00
 0.26350E+01  0.24210934E+02  0.00000000E+00  0.00000000E+00  0.00000000E+00  0.00000000E+00
 0.26600E+01  0.24059360E+02  0.00000000E+00  0.00000000E+00  0.00000000E+00  0.00000000E+00
 0.26850E+01  0.23910970E+02  0.00000000E+00  0.00000000E+00  0.00000000E+00  0.00000000E+00
 0.27100E+01  0.23765828E+02  0.00000000E+00  0.00000000E+00  0.00000000E+00  0.00000000E+00
 0.27350E+01  0.23623758E+02  0.00000000E+00  0.00000000E+00  0.00000000E+00  0.00000000E+00
 0.27600E+01  0.23484591E+02  0.00000000E+00  0.00000000E+00  0.00000000E+00  0.00000000E+00
 0.27850E+01  0.23348396E+02  0.00000000E+00  0.00000000E+00  0.00000000E+00  0.00000000E+00
 0.28100E+01  0.23215237E+02  0.00000000E+00  0.00000000E+00  0.00000000E+00  0.00000000E+00
 0.28350E+01  0.23084947E+02  0.00000000E+00  0.00000000E+00  0.00000000E+00  0.00000000E+00
 0.28600E+01  0.22957372E+02  0.00000000E+00  0.00000000E+00  0.00000000E+00  0.00000000E+00
 0.28850E+01  0.22832685E+02  0.00000000E+00  0.00000000E+00  0.00000000E+00  0.00000000E+00
 0.29100E+01  0.22710621E+02  0.00000000E+00  0.00000000E+00  0.00000000E+00  0.00000000E+00
 0.29350E+01  0.22591246E+02  0.00000000E+00  0.00000000E+00  0.00000000E+00  0.00000000E+00
 0.29600E+01  0.22474619E+02  0.00000000E+00  0.00000000E+00  0.00000000E+00  0.00000000E+00
 0.29850E+01  0.22360588E+02  0.00000000E+00  0.00000000E+00  0.00000000E+00  0.00000000E+00
 0.30100E+01  0.22249010E+02  0.00000000E+00  0.00000000E+00  0.00000000E+00  0.00000000E+00
 0.30350E+01  0.22139946E+02  0.00000000E+00  0.00000000E+00  0.00000000E+00  0.00000000E+00
 0.30600E+01  0.22033450E+02  0.00000000E+00  0.00000000E+00  0.00000000E+00  0.00000000E+00
 0.30850E+01  0.21929380E+02  0.00000000E+00  0.00000000E+00  0.00000000E+00  0.00000000E+00
 0.31100E+01  0.21827599E+02  0.00000000E+00  0.00000000E+00  0.00000000E+00  0.00000000E+00
 0.31350E+01  0.21728163E+02  0.00000000E+00  0.00000000E+00  0.00000000E+00  0.00000000E+00
 0.31600E+01  0.21631124E+02  0.00000000E+00  0.00000000E+00  0.00000000E+00  0.00000000E+00
 0.31850E+01  0.21536345E+02  0.00000000E+00  0.00000000E+00  0.00000000E+00  0.00000000E+00
 0.32100E+01  0.21443696E+02  0.00000000E+00  0.00000000E+00  0.00000000E+00  0.00000000E+00
 0.32350E+01  0.21353318E+02  0.00000000E+00  0.00000000E+00  0.00000000E+00  0.00000000E+00
 0.32600E+01  0.21264991E+02  0.00000000E+00  0.00000000E+00  0.00000000E+00  0.00000000E+00
 0.32850E+01  0.21178767E+02  0.00000000E+00  0.00000000E+00  0.00000000E+00  0.00000000E+00
 0.33100E+01  0.21094692E+02  0.00000000E+00  0.00000000E+00  0.00000000E+00  0.00000000E+00
 0.33350E+01  0.21012639E+02  0.00000000E+00  0.00000000E+00  0.00000000E+00  0.00000000E+00
 0.33600E+01  0.20932483E+02  0.00000000E+00  0.00000000E+00  0.00000000E+00  0.00000000E+00
 0.33850E+01  0.20854274E+02  0.00000000E+00  0.00000000E+00  0.00000000E+00  0.00000000E+00
 0.34100E+01  0.20778055E+02  0.00000000E+00  0.00000000E+00  0.00000000E+00  0.00000000E+00
 0.34350E+01  0.20703704E+02  0.00000000E+00  0.00000000E+00  0.00000000E+00  0.00000000E+00
 0.34600E+01  0.20631103E+02  0.00000000E+00  0.00000000E+00  0.00000000E+00  0.00000000E+00
 0.34850E+01  0.20560377E+02  0.00000000E+00  0.00000000E+00  0.00000000E+00  0.00000000E+00
 0.35100E+01  0.20491328E+02  0.00000000E+00  0.00000000E+00  0.00000000E+00  0.00000000E+00
 0.35350E+01  0.20424001E+02  0.00000000E+00  0.00000000E+00  0.00000000E+00  0.00000000E+00
 0.35600E+01  0.20358438E+02  0.00000000E+00  0.00000000E+00  0.00000000E+00  0.00000000E+00
 0.35850E+01  0.20294524E+02  0.00000000E+00  0.00000000E+00  0.00000000E+00  0.00000000E+00
 0.36100E+01  0.20232147E+02  0.00000000E+00  0.00000000E+00  0.00000000E+00  0.00000000E+00
 0.36350E+01  0.20171426E+02  0.00000000E+00  0.00000000E+00  0.00000000E+00  0.00000000E+00
 0.36600E+01  0.20112175E+02  0.00000000E+00  0.00000000E+00  0.00000000E+00  0.00000000E+00
 0.36850E+01  0.20054438E+02  0.00000000E+00  0.00000000E+00  0.00000000E+00  0.00000000E+00
 0.37100E+01  0.19998254E+02  0.00000000E+00  0.00000000E+00  0.00000000E+00  0.00000000E+00
 0.37350E+01  0.19943443E+02  0.00000000E+00  0.00000000E+00  0.00000000E+00  0.00000000E+00
 0.37600E+01  0.19890120E+02  0.00000000E+00  0.00000000E+00  0.00000000E+00  0.00000000E+00
 0.37850E+01  0.19838180E+02  0.00000000E+00  0.00000000E+00  0.00000000E+00  0.00000000E+00
 0.38100E+01  0.19787522E+02  0.00000000E+00  0.00000000E+00  0.00000000E+00  0.00000000E+00
 0.38350E+01  0.19738188E+02  0.00000000E+00  0.00000000E+00  0.00000000E+00  0.00000000E+00
 0.38600E+01  0.19690218E+02  0.00000000E+00  0.00000000E+00  0.00000000E+00  0.00000000E+00
 0.38850E+01  0.19643443E+02  0.00000000E+00  0.00000000E+00  0.00000000E+00  0.00000000E+00
 0.39100E+01  0.19597975E+02  0.00000000E+00  0.00000000E+00  0.00000000E+00  0.00000000E+00
 0.39350E+01  0.19553716E+02  0.00000000E+00  0.00000000E+00  0.00000000E+00  0.00000000E+00
 0.39600E+01  0.19510574E+02  0.00000000E+00  0.00000000E+00  0.00000000E+00  0.00000000E+00
 0.39850E+01  0.19468657E+02  0.00000000E+00  0.00000000E+00  0.00000000E+00  0.00000000E+00
 0.40100E+01  0.19427806E+02  0.00000000E+00  0.00000000E+00  0.00000000E+00  0.00000000E+00
 0.40350E+01  0.19388066E+02  0.00000000E+00  0.00000000E+00  0.00000000E+00  0.00000000E+00
 0.40600E+01  0.19349478E+02  0.00000000E+00  0.00000000E+00  0.00000000E+00  0.00000000E+00
 0.40850E+01  0.19311888E+02  0.00000000E+00  0.00000000E+00  0.00000000E+00  0.00000000E+00
 0.41100E+01  0.19275406E+02  0.00000000E+00  0.00000000E+00  0.00000000E+00  0.00000000E+00
 0.41350E+01  0.19239945E+02  0.00000000E+00  0.00000000E+00  0.00000000E+00  0.00000000E+00
 0.41600E+01  0.19205422E+02  0.00000000E+00  0.00000000E+00  0.00000000E+00  0.00000000E+00
 0.41850E+01  0.19171884E+02  0.00000000E+00  0.00000000E+00  0.00000000E+00  0.00000000E+00
 0.42100E+01  0.19139374E+02  0.00000000E+00  0.00000000E+00  0.00000000E+00  0.00000000E+00
 0.42350E+01  0.19107751E+02  0.00000000E+00  0.00000000E+00  0.00000000E+00  0.00000000E+00
 0.42600E+01  0.19077122E+02  0.00000000E+00  0.00000000E+00  0.00000000E+00  0.00000000E+00
 0.42850E+01  0.19047411E+02  0.00000000E+00  0.00000000E+00  0.00000000E+00  0.00000000E+00
 0.43100E+01  0.19018544E+02  0.00000000E+00  0.00000000E+00  0.00000000E+00  0.00000000E+00
 0.43350E+01  0.18990628E+02  0.00000000E+00  0.00000000E+00  0.00000000E+00  0.00000000E+00
 0.43600E+01  0.18963533E+02  0.00000000E+00  0.00000000E+00  0.00000000E+00  0.00000000E+00
 0.43850E+01  0.18937306E+02  0.00000000E+00  0.00000000E+00  0.00000000E+00  0.00000000E+00
 0.44100E+01  0.18911998E+02  0.00000000E+00  0.00000000E+00  0.00000000E+00  0.00000000E+00
 0.44350E+01  0.18887541E+02  0.00000000E+00  0.00000000E+00  0.00000000E+00  0.00000000E+00
 0.44600E+01  0.18863869E+02  0.00000000E+00  0.00000000E+00  0.00000000E+00  0.00000000E+00
 0.44850E+01  0.18841092E+02  0.00000000E+00  0.00000000E+00  0.00000000E+00  0.00000000E+00
 0.45100E+01  0.18819090E+02  0.00000000E+00  0.00000000E+00  0.00000000E+00  0.00000000E+00
 0.45350E+01  0.18797916E+02  0.00000000E+00  0.00000000E+00  0.00000000E+00  0.00000000E+00
 0.45600E+01  0.18777624E+02  0.00000000E+00  0.00000000E+00  0.00000000E+00  0.00000000E+00
 0.45850E+01  0.18758100E+02  0.00000000E+00  0.00000000E+00  0.00000000E+00  0.00000000E+00
 0.46100E+01  0.18739455E+02  0.00000000E+00  0.00000000E+00  0.00000000E+00  0.00000000E+00
 0.46350E+01  0.18721633E+02  0.00000000E+00  0.00000000E+00  0.00000000E+00  0.00000000E+00
 0.46600E+01  0.18704584E+02  0.00000000E+00  0.00000000E+00  0.00000000E+00  0.00000000E+00
 0.46850E+01  0.18688419E+02  0.00000000E+00  0.00000000E+00  0.00000000E+00  0.00000000E+00
 0.47100E+01  0.18673034E+02  0.00000000E+00  0.00000000E+00  0.00000000E+00  0.00000000E+00
 0.47350E+01  0.18658491E+02  0.00000000E+00  0.00000000E+00  0.00000000E+00  0.00000000E+00
 0.47600E+01  0.18644849E+02  0.00000000E+00  0.00000000E+00  0.00000000E+00  0.00000000E+00
 0.47850E+01  0.18632064E+02  0.00000000E+00  0.00000000E+00  0.00000000E+00  0.00000000E+00
 0.48100E+01  0.18620092E+02  0.00000000E+00  0.00000000E+00  0.00000000E+00  0.00000000E+00
 0.48350E+01  0.18609051E+02  0.00000000E+00  0.00000000E+00  0.00000000E+00  0.00000000E+00
 0.48600E+01  0.18598849E+02  0.00000000E+00  0.00000000E+00  0.00000000E+00  0.00000000E+00
 0.48850E+01  0.18589553E+02  0.00000000E+00  0.00000000E+00  0.00000000E+00  0.00000000E+00
 0.49100E+01  0.18581229E+02  0.00000000E+00  0.00000000E+00  0.00000000E+00  0.00000000E+00
 0.49350E+01  0.18573792E+02  0.00000000E+00  0.00000000E+00  0.00000000E+00  0.00000000E+00
 0.49600E+01  0.18567363E+02  0.00000000E+00  0.00000000E+00  0.00000000E+00  0.00000000E+00
 0.49850E+01  0.18561911E+02  0.00000000E+00  0.00000000E+00  0.00000000E+00  0.00000000E+00
 0.50100E+01  0.18557407E+02  0.00000000E+00  0.00000000E+00  0.00000000E+00  0.00000000E+00
 0.50350E+01  0.18553925E+02  0.00000000E+00  0.00000000E+00  0.00000000E+00  0.00000000E+00
 0.50600E+01  0.18551539E+02  0.00000000E+00  0.00000000E+00  0.00000000E+00  0.00000000E+00
 0.50850E+01  0.18550177E+02  0.00000000E+00  0.00000000E+00  0.00000000E+00  0.00000000E+00
 0.51100E+01  0.18549965E+02  0.00000000E+00  0.00000000E+00  0.00000000E+00  0.00000000E+00
 0.51350E+01  0.18550884E+02  0.00000000E+00  0.00000000E+00  0.00000000E+00  0.00000000E+00
 0.51600E+01  0.18552916E+02  0.00000000E+00  0.00000000E+00  0.00000000E+00  0.00000000E+00
 0.51850E+01  0.18556191E+02  0.00000000E+00  0.00000000E+00  0.00000000E+00  0.00000000E+00
 0.52100E+01  0.18560647E+02  0.00000000E+00  0.00000000E+00  0.00000000E+00  0.00000000E+00
 0.52350E+01  0.18566370E+02  0.00000000E+00  0.00000000E+00  0.00000000E+00  0.00000000E+00
 0.52600E+01  0.18573445E+02  0.00000000E+00  0.00000000E+00  0.00000000E+00  0.00000000E+00
 0.52850E+01  0.18581816E+02  0.00000000E+00  0.00000000E+00  0.00000000E+00  0.00000000E+00
 0.53100E+01  0.18591621E+02  0.00000000E+00  0.00000000E+00  0.00000000E+00  0.00000000E+00
 0.53350E+01  0.18602856E+02  0.00000000E+00  0.00000000E+00  0.00000000E+00  0.00000000E+00
 0.53600E+01  0.18615520E+02  0.00000000E+00  0.00000000E+00  0.00000000E+00  0.00000000E+00
 0.53850E+01  0.18629706E+02  0.00000000E+00  0.00000000E+00  0.00000000E+00  0.00000000E+00
 0.54100E+01  0.18645512E+02  0.00000000E+00  0.00000000E+00  0.00000000E+00  0.00000000E+00
 0.54350E+01  0.18662896E+02  0.00000000E+00  0.00000000E+00  0.00000000E+00  0.00000000E+00
 0.54600E+01  0.18682004E+02  0.00000000E+00  0.00000000E+00  0.00000000E+00  0.00000000E+00
 0.54850E+01  0.18702845E+02  0.00000000E+00  0.00000000E+00  0.00000000E+00  0.00000000E+00
 0.55100E+01  0.18725431E+02  0.00000000E+00  0.00000000E+00  0.00000000E+00  0.00000000E+00
 0.55350E+01  0.18749914E+02  0.00000000E+00  0.00000000E+00  0.00000000E+00  0.00000000E+00
 0.55600E+01  0.18776265E+02  0.00000000E+00  0.00000000E+00  0.00000000E+00  0.00000000E+00
 0.55850E+01  0.18804593E+02  0.00000000E+00  0.00000000E+00  0.00000000E+00  0.00000000E+00
 0.56100E+01  0.18835011E+02  0.00000000E+00  0.00000000E+00  0.00000000E+00  0.00000000E+00
 0.56350E+01  0.18867542E+02  0.00000000E+00  0.00000000E+00  0.00000000E+00  0.00000000E+00
 0.56600E+01  0.18902212E+02  0.00000000E+00  0.00000000E+00  0.00000000E+00  0.00000000E+00
 0.56850E+01  0.18939184E+02  0.00000000E+00  0.00000000E+00  0.00000000E+00  0.00000000E+00
 0.57100E+01  0.18978446E+02  0.00000000E+00  0.00000000E+00  0.00000000E+00  0.00000000E+00
 0.57350E+01  0.19020119E+02  0.00000000E+00  0.00000000E+00  0.00000000E+00  0.00000000E+00
 0.57600E+01  0.19064331E+02  0.00000000E+00  0.00000000E+00  0.00000000E+00  0.00000000E+00
 0.57850E+01  0.19111074E+02  0.00000000E+00  0.00000000E+00  0.00000000E+00  0.00000000E+00
 0.58100E+01  0.19160525E+02  0.00000000E+00  0.00000000E+00  0.00000000E+00  0.00000000E+00
 0.58350E+01  0.19212727E+02  0.00000000E+00  0.00000000E+00  0.00000000E+00  0.00000000E+00
 0.58600E+01  0.19267727E+02  0.00000000E+00  0.00000000E+00  0.00000000E+00  0.00000000E+00
 0.58850E+01  0.19325708E+02  0.00000000E+00  0.00000000E+00  0.00000000E+00  0.00000000E+00
 0.59100E+01  0.19386677E+02  0.00000000E+00  0.00000000E+00  0.00000000E+00  0.00000000E+00
 0.59350E+01  0.19450779E+02  0.00000000E+00  0.00000000E+00  0.00000000E+00  0.00000000E+00
 0.59600E+01  0.19518159E+02  0.00000000E+00  0.00000000E+00  0.00000000E+00  0.00000000E+00
 0.59850E+01  0.19588880E+02  0.00000000E+00  0.00000000E+00  0.00000000E+00  0.00000000E+00
 0.60100E+01  0.19663004E+02  0.00000000E+00  0.00000000E+00  0.00000000E+00  0.00000000E+00
 0.60350E+01  0.19740732E+02  0.00000000E+00  0.00000000E+00  0.00000000E+00  0.00000000E+00
 0.60600E+01  0.19822089E+02  0.00000000E+00  0.00000000E+00  0.00000000E+00  0.00000000E+00
 0.60850E+01  0.19907238E+02  0.00000000E+00  0.00000000E+00  0.00000000E+00  0.00000000E+00
 0.61100E+01  0.19996346E+02  0.00000000E+00  0.00000000E+00  0.00000000E+00  0.00000000E+00
 0.61350E+01  0.20089451E+02  0.00000000E+00  0.00000000E+00  0.00000000E+00  0.00000000E+00
 0.61600E+01  0.20186774E+02  0.00000000E+00  0.00000000E+00  0.00000000E+00  0.00000000E+00
 0.61850E+01  0.20288410E+02  0.00000000E+00  0.00000000E+00  0.00000000E+00  0.00000000E+00
 0.62100E+01  0.20394462E+02  0.00000000E+00  0.00000000E+00  0.00000000E+00  0.00000000E+00
 0.62350E+01  0.20505135E+02  0.00000000E+00  0.00000000E+00  0.00000000E+00  0.00000000E+00
 0.62600E+01  0.20620658E+02  0.00000000E+00  0.00000000E+00  0.00000000E+00  0.00000000E+00
 0.62850E+01  0.20741160E+02  0.00000000E+00  0.00000000E+00  0.00000000E+00  0.00000000E+00
 0.63100E+01  0.20867049E+02  0.00000000E+00  0.00000000E+00  0.00000000E+00  0.00000000E+00
 0.63350E+01  0.20998799E+02  0.45967948E-03  0.00000000E+00  0.00000000E+00  0.00000000E+00
 0.63600E+01  0.21134889E+02  0.29601360E-02  0.00000000E+00  0.00000000E+00  0.00000000E+00
 0.63850E+01  0.21275279E+02  0.68382719E-02  0.00000000E+00  0.00000000E+00  0.00000000E+00
 0.64100E+01  0.21419968E+02  0.11934291E-01  0.00000000E+00  0.00000000E+00  0.00000000E+00
 0.64350E+01  0.21569013E+02  0.18204317E-01  0.00000000E+00  0.00000000E+00  0.00000000E+00
 0.64600E+01  0.21722437E+02  0.25638605E-01  0.00000000E+00  0.00000000E+00  0.00000000E+00
 0.64850E+01  0.21880100E+02  0.34240575E-01  0.00000000E+00  0.00000000E+00  0.00000000E+00
 0.65100E+01  0.22042031E+02  0.44019113E-01  0.00000000E+00  0.00000000E+00  0.00000000E+00
 0.65350E+01  0.22208098E+02  0.54984335E-01  0.00000000E+00  0.00000000E+00  0.00000000E+00
 0.65600E+01  0.22378155E+02  0.67145593E-01  0.00000000E+00  0.00000000E+00  0.00000000E+00
 0.65850E+01  0.22552127E+02  0.80510542E-01  0.00000000E+00  0.00000000E+00  0.00000000E+00
 0.66100E+01  0.22729925E+02  0.95084215E-01  0.00000000E+00  0.00000000E+00  0.00000000E+00
 0.66350E+01  0.22911299E+02  0.11086782E+00  0.00000000E+00  0.00000000E+00  0.00000000E+00
 0.66600E+01  0.23096172E+02  0.12785968E+00  0.00000000E+00  0.00000000E+00  0.00000000E+00
 0.66850E+01  0.23284305E+02  0.14605356E+00  0.00000000E+00  0.00000000E+00  0.00000000E+00
 0.67100E+01  0.23475440E+02  0.16543896E+00  0.00000000E+00  0.00000000E+00  0.00000000E+00
 0.67350E+01  0.23669445E+02  0.18600200E+00  0.00000000E+00  0.00000000E+00  0.00000000E+00
 0.67600E+01  0.23865981E+02  0.20772308E+00  0.00000000E+00  0.00000000E+00  0.00000000E+00
 0.67850E+01  0.24064831E+02  0.23057922E+00  0.00000000E+00  0.00000000E+00  0.00000000E+00
 0.68100E+01  0.24265766E+02  0.25454317E+00  0.00000000E+00  0.00000000E+00  0.00000000E+00
 0.68350E+01  0.24468442E+02  0.27958238E+00  0.00000000E+00  0.00000000E+00  0.00000000E+00
 0.68600E+01  0.24672500E+02  0.30565988E+00  0.00000000E+00  0.00000000E+00  0.00000000E+00
 0.68850E+01  0.24877715E+02  0.33273638E+00  0.00000000E+00  0.00000000E+00  0.00000000E+00
 0.69100E+01  0.25083652E+02  0.36076635E+00  0.00000000E+00  0.00000000E+00  0.00000000E+00
 0.69350E+01  0.25290062E+02  0.38970342E+00  0.00000000E+00  0.00000000E+00  0.00000000E+00
 0.69600E+01  0.25496492E+02  0.41949535E+00  0.00000000E+00  0.00000000E+00  0.00000000E+00
 0.69850E+01  0.25702676E+02  0.45009049E+00  0.00000000E+00  0.00000000E+00  0.00000000E+00
 0.70100E+01  0.25908147E+02  0.48143215E+00  0.00000000E+00  0.00000000E+00  0.00000000E+00
 0.70350E+01  0.26112583E+02  0.51346535E+00  0.00000000E+00  0.00000000E+00  0.00000000E+00
 0.70600E+01  0.26315663E+02  0.54613564E+00  0.00000000E+00  0.00000000E+00  0.00000000E+00
 0.70850E+01  0.26516914E+02  0.57938750E+00  0.00000000E+00  0.00000000E+00  0.00000000E+00
 0.71100E+01  0.26716072E+02  0.61317361E+00  0.00000000E+00  0.00000000E+00  0.00000000E+00
 0.71350E+01  0.26912676E+02  0.64744923E+00  0.00000000E+00  0.00000000E+00  0.00000000E+00
 0.71600E+01  0.27106481E+02  0.68218558E+00  0.00000000E+00  0.00000000E+00  0.00000000E+00
 0.71850E+01  0.27297092E+02  0.71736764E+00  0.00000000E+00  0.00000000E+00  0.00000000E+00
 0.72100E+01  0.27484144E+02  0.75300748E+00  0.00000000E+00  0.00000000E+00  0.00000000E+00
 0.72350E+01  0.27667435E+02  0.78916357E+00  0.00000000E+00  0.00000000E+00  0.00000000E+00
 0.72600E+01  0.27846585E+02  0.82595640E+00  0.00000000E+00  0.00000000E+00  0.00000000E+00
 0.72850E+01  0.28021445E+02  0.86362289E+00  0.00000000E+00  0.00000000E+00  0.00000000E+00
 0.73100E+01  0.28191692E+02  0.90257936E+00  0.00000000E+00  0.00000000E+00  0.00000000E+00
 0.73350E+01  0.28357237E+02  0.94356573E+00  0.00000000E+00  0.00000000E+00  0.00000000E+00
 0.73600E+01  0.28517780E+02  0.98784975E+00  0.00000000E+00  0.00000000E+00  0.00000000E+00
 0.73850E+01  0.28673058E+02  0.10374853E+01  0.00000000E+00  0.00000000E+00  0.00000000E+00
 0.74100E+01  0.28822218E+02  0.10948488E+01  0.00000000E+00  0.00000000E+00  0.00000000E+00
 0.74350E+01  0.28962306E+02  0.11573068E+01  0.00000000E+00  0.00000000E+00  0.00000000E+00
 0.74600E+01  0.29087374E+02  0.11971193E+01  0.00000000E+00  0.00000000E+00  0.00000000E+00
 0.74850E+01  0.29207192E+02  0.11449445E+01  0.32321938E-01  0.00000000E+00  0.00000000E+00
 0.75100E+01  0.29328643E+02  0.11591909E+01  0.39648861E-01  0.00000000E+00  0.00000000E+00
 0.75350E+01  0.29442744E+02  0.11808593E+01  0.43178329E-01  0.00000000E+00  0.00000000E+00
 0.75600E+01  0.29549447E+02  0.12040768E+01  0.46114057E-01  0.89780931E-03  0.00000000E+00
 0.75850E+01  0.29649395E+02  0.12272723E+01  0.48807777E-01  0.41470108E-02  0.00000000E+00
 0.76100E+01  0.29743208E+02  0.12498869E+01  0.51379705E-01  0.84301719E-02  0.00000000E+00
 0.76350E+01  0.29831196E+02  0.12716666E+01  0.53875373E-01  0.13329523E-01  0.00000000E+00
 0.76600E+01  0.29913402E+02  0.12924697E+01  0.56299791E-01  0.18628086E-01  0.00000000E+00
 0.76850E+01  0.29990061E+02  0.13122268E+01  0.58644649E-01  0.24190356E-01  0.00000000E+00
 0.77100E+01  0.30061191E+02  0.13308955E+01  0.60897124E-01  0.29923891E-01  0.00000000E+00
 0.77350E+01  0.30126963E+02  0.13484634E+01  0.63044431E-01  0.35762235E-01  0.00000000E+00
 0.77600E+01  0.30187552E+02  0.13649331E+01  0.65075056E-01  0.41655572E-01  0.00000000E+00
 0.77850E+01  0.30242974E+02  0.13803104E+01  0.66978885E-01  0.47564985E-01  0.00000000E+00
 0.78100E+01  0.30293460E+02  0.13946172E+01  0.68747927E-01  0.53459445E-01  0.00000000E+00
 0.78350E+01  0.30339038E+02  0.14078707E+01  0.70374930E-01  0.59312726E-01  0.00000000E+00
 0.78600E+01  0.30379949E+02  0.14200996E+01  0.71853372E-01  0.65102048E-01  0.00000000E+00
 0.78850E+01  0.30416294E+02  0.14313238E+01  0.73174530E-01  0.70804895E-01  0.00000000E+00
 0.79100E+01  0.30448197E+02  0.14415537E+01  0.74321584E-01  0.76393300E-01  0.00000000E+00
 0.79350E+01  0.30476069E+02  0.14507349E+01  0.75228469E-01  0.81793729E-01  0.00000000E+00
 0.79600E+01  0.30498927E+02  0.14569514E+01  0.75068931E-01  0.86963628E-01  0.32457568E-02
 0.79850E+01  0.30517553E+02  0.14638069E+01  0.75627228E-01  0.92179780E-01  0.47937609E-02
 0.80100E+01  0.30532085E+02  0.14701837E+01  0.76237079E-01  0.97276471E-01  0.59731966E-02
 0.80350E+01  0.30542723E+02  0.14759489E+01  0.76821722E-01  0.10226151E+00  0.70189004E-02
 0.80600E+01  0.30549499E+02  0.14810688E+01  0.77358008E-01  0.10713781E+00  0.80072619E-02
 0.80850E+01  0.30552618E+02  0.14855479E+01  0.77837822E-01  0.11190538E+00  0.89717711E-02
 0.81100E+01  0.30552289E+02  0.14894033E+01  0.78258916E-01  0.11656178E+00  0.99283011E-02
 0.81350E+01  0.30548576E+02  0.14926508E+01  0.78621507E-01  0.12110216E+00  0.10883841E-01
 0.81600E+01  0.30541750E+02  0.14953195E+01  0.78927902E-01  0.12552131E+00  0.11840513E-01
 0.81850E+01  0.30531877E+02  0.14974305E+01  0.79180777E-01  0.12981247E+00  0.12797450E-01
 0.82100E+01  0.30519229E+02  0.14990152E+01  0.79383846E-01  0.13396952E+00  0.13752123E-01
 0.82350E+01  0.30503923E+02  0.15000980E+01  0.79540705E-01  0.13798580E+00  0.14700950E-01
 0.82600E+01  0.30486073E+02  0.15007030E+01  0.79655068E-01  0.14185508E+00  0.15639869E-01
 0.82850E+01  0.30465940E+02  0.15008611E+01  0.79731058E-01  0.14557243E+00  0.16564749E-01
 0.83100E+01  0.30443581E+02  0.15005926E+01  0.79772216E-01  0.14913285E+00  0.17471465E-01
 0.83350E+01  0.30419245E+02  0.14999266E+01  0.79782502E-01  0.15253322E+00  0.18356272E-01
 0.83600E+01  0.30392979E+02  0.14988817E+01  0.79765207E-01  0.15577044E+00  0.19215695E-01
 0.83850E+01  0.30364969E+02  0.14974826E+01  0.79723845E-01  0.15884320E+00  0.20046802E-01
 0.84100E+01  0.30335397E+02  0.14957531E+01  0.79661747E-01  0.16175121E+00  0.20847156E-01
 0.84350E+01  0.30304288E+02  0.14937085E+01  0.79581657E-01  0.16449435E+00  0.21614717E-01
 0.84600E+01  0.30271858E+02  0.14913729E+01  0.79486639E-01  0.16707449E+00  0.22348072E-01
 0.84850E+01  0.30238121E+02  0.14887596E+01  0.79379041E-01  0.16949322E+00  0.23046136E-01
 0.85100E+01  0.30203276E+02  0.14858908E+01  0.79261522E-01  0.17175395E+00  0.23708401E-01
 0.85350E+01  0.30167325E+02  0.14827778E+01  0.79136035E-01  0.17385963E+00  0.24334610E-01
 0.85600E+01  0.30130455E+02  0.14794410E+01  0.79004858E-01  0.17581486E+00  0.24925000E-01
 0.85850E+01  0.30092703E+02  0.14758925E+01  0.78869704E-01  0.17762383E+00  0.25480000E-01
 0.86100E+01  0.30054102E+02  0.14721438E+01  0.78732102E-01  0.17929108E+00  0.26000322E-01
 0.86350E+01  0.30014820E+02  0.14682126E+01  0.78593798E-01  0.18082224E+00  0.26487007E-01
 0.86600E+01  0.29974831E+02  0.14641066E+01  0.78455879E-01  0.18222202E+00  0.26941114E-01
 0.86850E+01  0.29934294E+02  0.14598421E+01  0.78319779E-01  0.18349636E+00  0.27364018E-01
 0.87100E+01  0.29893174E+02  0.14554255E+01  0.78186291E-01  0.18465013E+00  0.27757034E-01
 0.87350E+01  0.29851575E+02  0.14508693E+01  0.78056470E-01  0.18568909E+00  0.28121703E-01
 0.87600E+01  0.29809593E+02  0.14461859E+01  0.77931202E-01  0.18661892E+00  0.28459603E-01
 0.87850E+01  0.29767183E+02  0.14413800E+01  0.77810932E-01  0.18744440E+00  0.28772238E-01
 0.88100E+01  0.29724481E+02  0.14364647E+01  0.77696467E-01  0.18817136E+00  0.29061288E-01
 0.88350E+01  0.29681438E+02  0.14314440E+01  0.77588037E-01  0.18880434E+00  0.29328257E-01
 0.88600E+01  0.29638182E+02  0.14263301E+01  0.77486261E-01  0.18934892E+00  0.29574824E-01
 0.88850E+01  0.29594658E+02  0.14211259E+01  0.77391194E-01  0.18980937E+00  0.29802456E-01
 0.89100E+01  0.29550989E+02  0.14158428E+01  0.77303291E-01  0.19019094E+00  0.30012771E-01
 0.89350E+01  0.29507159E+02  0.14104850E+01  0.77222582E-01  0.19049788E+00  0.30207205E-01
 0.89600E+01  0.29463152E+02  0.14050567E+01  0.77149033E-01  0.19073425E+00  0.30387146E-01
 0.89850E+01  0.29419083E+02  0.13995678E+01  0.77082904E-01  0.19090481E+00  0.30554068E-01
 0.90100E+01  0.29374887E+02  0.13940195E+01  0.77023934E-01  0.19101301E+00  0.30709207E-01
 0.90350E+01  0.29330675E+02  0.13884211E+01  0.76972282E-01  0.19106329E+00  0.30853922E-01
 0.90600E+01  0.29286378E+02  0.13827733E+01  0.76927596E-01  0.19105876E+00  0.30989330E-01
 0.90850E+01  0.29242061E+02  0.13770826E+01  0.76889840E-01  0.19100325E+00  0.31116626E-01
 0.91100E+01  0.29197784E+02  0.13713553E+01  0.76858937E-01  0.19090045E+00  0.31236945E-01
 0.91350E+01  0.29153475E+02  0.13655910E+01  0.76834440E-01  0.19075300E+00  0.31351222E-01
 0.91600E+01  0.29109238E+02  0.13597977E+01  0.76816334E-01  0.19056459E+00  0.31460521E-01
 0.91850E+01  0.29064998E+02  0.13539745E+01  0.76804124E-01  0.19033760E+00  0.31565659E-01
 0.92100E+01  0.29020856E+02  0.13481289E+01  0.76797752E-01  0.19007541E+00  0.31667587E-01
 0.92350E+01  0.28976736E+02  0.13422596E+01  0.76796690E-01  0.18978016E+00  0.31767012E-01
 0.92600E+01  0.28932736E+02  0.13363735E+01  0.76800850E-01  0.18945498E+00  0.31864775E-01
 0.92850E+01  0.28888822E+02  0.13304712E+01  0.76809796E-01  0.18910202E+00  0.31961526E-01
 0.93100E+01  0.28844963E+02  0.13245531E+01  0.76823081E-01  0.18872333E+00  0.32057868E-01
 0.93350E+01  0.28801250E+02  0.13186253E+01  0.76840595E-01  0.18832168E+00  0.32154493E-01
 0.93600E+01  0.28757608E+02  0.13126861E+01  0.76861773E-01  0.18789863E+00  0.32251863E-01
 0.93850E+01  0.28714129E+02  0.13067412E+01  0.76886495E-01  0.18745670E+00  0.32350583E-01
 0.94100E+01  0.28670735E+02  0.13007886E+01  0.76914197E-01  0.18699725E+00  0.32451030E-01
 0.94350E+01  0.28627476E+02  0.12948320E+01  0.76944652E-01  0.18652234E+00  0.32553679E-01
 0.94600E+01  0.28584398E+02  0.12888747E+01  0.76977634E-01  0.18603391E+00  0.32658968E-01
 0.94850E+01  0.28541425E+02  0.12829145E+01  0.77012591E-01  0.18553304E+00  0.32767160E-01
 0.95100E+01  0.28498645E+02  0.12769565E+01  0.77049418E-01  0.18502175E+00  0.32878667E-01
 0.95350E+01  0.28455980E+02  0.12709982E+01  0.77087578E-01  0.18450092E+00  0.32993683E-01
 0.95600E+01  0.28413517E+02  0.12650445E+01  0.77126980E-01  0.18397241E+00  0.33112555E-01
 0.95850E+01  0.28371220E+02  0.12590948E+01  0.77167214E-01  0.18343720E+00  0.33235463E-01
 0.96100E+01  0.28329054E+02  0.12531483E+01  0.77207879E-01  0.18289618E+00  0.33362555E-01
 0.96350E+01  0.28287102E+02  0.12472095E+01  0.77248913E-01  0.18235096E+00  0.33494093E-01
 0.96600E+01  0.28245289E+02  0.12412759E+01  0.77289826E-01  0.18180203E+00  0.33630124E-01
 0.96850E+01  0.28203698E+02  0.12353520E+01  0.77330574E-01  0.18125084E+00  0.33770861E-01
 0.97100E+01  0.28162255E+02  0.12294350E+01  0.77370680E-01  0.18069775E+00  0.33916299E-01
 0.97350E+01  0.28121041E+02  0.12235293E+01  0.77410084E-01  0.18014411E+00  0.34066588E-01
 0.97600E+01  0.28079982E+02  0.12176326E+01  0.77447965E-01  0.17959055E+00  0.34221538E-01
 0.97850E+01  0.28039121E+02  0.12117447E+01  0.77487278E-01  0.17903480E+00  0.34382412E-01
 0.98100E+01  0.27998500E+02  0.12058728E+01  0.77522532E-01  0.17848335E+00  0.34547180E-01
 0.98350E+01  0.27958045E+02  0.12000111E+01  0.77556770E-01  0.17793266E+00  0.34717075E-01
 0.98600E+01  0.27917837E+02  0.11941642E+01  0.77589482E-01  0.17738430E+00  0.34891961E-01
 0.98850E+01  0.27877803E+02  0.11883295E+01  0.77620242E-01  0.17683829E+00  0.35071684E-01
 0.99100E+01  0.27838022E+02  0.11825108E+01  0.77649105E-01  0.17629552E+00  0.35256287E-01
 0.99350E+01  0.27798460E+02  0.11767073E+01  0.77675829E-01  0.17575609E+00  0.35445659E-01
 0.99600E+01  0.27759082E+02  0.11709178E+01  0.77700185E-01  0.17522009E+00  0.35639673E-01
 0.99850E+01  0.27719968E+02  0.11651463E+01  0.77722278E-01  0.17468825E+00  0.35838341E-01
 0.10010E+02  0.27681045E+02  0.11593902E+01  0.77741800E-01  0.17416031E+00  0.36041467E-01
 0.10035E+02  0.27642394E+02  0.11536531E+01  0.77758880E-01  0.17363695E+00  0.36249042E-01
 0.10060E+02  0.27603941E+02  0.11479325E+01  0.77773234E-01  0.17311785E+00  0.36460850E-01
 0.10085E+02  0.27565767E+02  0.11422322E+01  0.77785012E-01  0.17260359E+00  0.36676864E-01
 0.10110E+02  0.27527799E+02  0.11365496E+01  0.77793951E-01  0.17209381E+00  0.36896851E-01
 0.10135E+02  0.27490079E+02  0.11308867E+01  0.77800117E-01  0.17158880E+00  0.37120719E-01
 0.10160E+02  0.27452648E+02  0.11252457E+01  0.77803582E-01  0.17108885E+00  0.37348370E-01
 0.10185E+02  0.27415436E+02  0.11196241E+01  0.77804117E-01  0.17059350E+00  0.37579551E-01
 0.10210E+02  0.27378519E+02  0.11140254E+01  0.77801917E-01  0.17010321E+00  0.37814202E-01
 0.10235E+02  0.27341830E+02  0.11084472E+01  0.77796769E-01  0.16961751E+00  0.38052059E-01
 0.10260E+02  0.27305444E+02  0.11028929E+01  0.77788884E-01  0.16913682E+00  0.38293053E-01
 0.10285E+02  0.27269329E+02  0.10973615E+01  0.77778170E-01  0.16866086E+00  0.38536962E-01
 0.10310E+02  0.27233454E+02  0.10918523E+01  0.77764542E-01  0.16818934E+00  0.38783561E-01
 0.10335E+02  0.27197894E+02  0.10863684E+01  0.77748230E-01  0.16772263E+00  0.39032773E-01
 0.10360E+02  0.27162583E+02  0.10809077E+01  0.77729062E-01  0.16726019E+00  0.39284315E-01
 0.10385E+02  0.27127594E+02  0.10754733E+01  0.77707277E-01  0.16680239E+00  0.39538111E-01
 0.10410E+02  0.27092863E+02  0.10700630E+01  0.77682716E-01  0.16634866E+00  0.39793874E-01
 0.10435E+02  0.27058463E+02  0.10646801E+01  0.77655628E-01  0.16589935E+00  0.40051526E-01
 0.10460E+02  0.27024328E+02  0.10593221E+01  0.77625864E-01  0.16545390E+00  0.40310780E-01
 0.10485E+02  0.26990498E+02  0.10539911E+01  0.77593582E-01  0.16501242E+00  0.40571507E-01
 0.10510E+02  0.26957013E+02  0.10486887E+01  0.77558941E-01  0.16457498E+00  0.40833579E-01
 0.10535E+02  0.26923806E+02  0.10434126E+01  0.77521805E-01  0.16414106E+00  0.41096711E-01
 0.10560E+02  0.26890953E+02  0.10381661E+01  0.77482441E-01  0.16371093E+00  0.41360832E-01
 0.10585E+02  0.26858386E+02  0.10329468E+01  0.77440720E-01  0.16328406E+00  0.41625659E-01
 0.10610E+02  0.26826181E+02  0.10277578E+01  0.77396912E-01  0.16286074E+00  0.41891129E-01
 0.10635E+02  0.26794307E+02  0.10225982E+01  0.77350993E-01  0.16244064E+00  0.42157017E-01
 0.10660E+02  0.26762734E+02  0.10174669E+01  0.77302940E-01  0.16202343E+00  0.42423104E-01
 0.10685E+02  0.26731535E+02  0.10123671E+01  0.77253029E-01  0.16160940E+00  0.42689335E-01
 0.10710E+02  0.26700646E+02  0.10072964E+01  0.77201140E-01  0.16119802E+00  0.42955443E-01
 0.10735E+02  0.26670139E+02  0.10022578E+01  0.77147552E-01  0.16078958E+00  0.43221382E-01
 0.10760E+02  0.26639951E+02  0.99724910E+00  0.77092149E-01  0.16038356E+00  0.43486893E-01
 0.10785E+02  0.26610121E+02  0.99227180E+00  0.77035109E-01  0.15998005E+00  0.43751885E-01
 0.10810E+02  0.26580685E+02  0.98732748E+00  0.76976612E-01  0.15957916E+00  0.44016272E-01
 0.10835E+02  0.26551581E+02  0.98241393E+00  0.76916545E-01  0.15918036E+00  0.44279808E-01
 0.10860E+02  0.26522881E+02  0.97753391E+00  0.76855183E-01  0.15878397E+00  0.44542473E-01
 0.10885E+02  0.26494521E+02  0.97268522E+00  0.76792413E-01  0.15838949E+00  0.44804029E-01
 0.10910E+02  0.26466572E+02  0.96787053E+00  0.76728508E-01  0.15799722E+00  0.45064468E-01
 0.10935E+02  0.26438972E+02  0.96308766E+00  0.76663356E-01  0.15760668E+00  0.45323562E-01
 0.10960E+02  0.26411792E+02  0.95833923E+00  0.76597227E-01  0.15721817E+00  0.45581313E-01
 0.10985E+02  0.26385001E+02  0.95362423E+00  0.76530103E-01  0.15683142E+00  0.45837561E-01
 0.11010E+02  0.26358571E+02  0.94894167E+00  0.76461966E-01  0.15644616E+00  0.46092150E-01
 0.11035E+02  0.26332572E+02  0.94429409E+00  0.76393081E-01  0.15606270E+00  0.46345098E-01
 0.11060E+02  0.26306942E+02  0.93967930E+00  0.76323332E-01  0.15568057E+00  0.46596204E-01
 0.11085E+02  0.26281749E+02  0.93509976E+00  0.76252979E-01  0.15530011E+00  0.46845498E-01
 0.11110E+02  0.26256933E+02  0.93055330E+00  0.76181907E-01  0.15492085E+00  0.47092788E-01
 0.11135E+02  0.26232530E+02  0.92604119E+00  0.76110278E-01  0.15454294E+00  0.47338057E-01
 0.11160E+02  0.26208574E+02  0.92156465E+00  0.76038252E-01  0.15416649E+00  0.47581296E-01
 0.11185E+02  0.26185006E+02  0.91712150E+00  0.75965709E-01  0.15379108E+00  0.47822326E-01
 0.11210E+02  0.26161892E+02  0.91271405E+00  0.75892897E-01  0.15341703E+00  0.48061205E-01
 0.11235E+02  0.26139172E+02  0.90834014E+00  0.75819693E-01  0.15304391E+00  0.48297765E-01
 0.11260E+02  0.26116913E+02  0.90400201E+00  0.75746342E-01  0.15267204E+00  0.48532072E-01
 0.11285E+02  0.26095054E+02  0.89969749E+00  0.75672717E-01  0.15230101E+00  0.48763966E-01
 0.11310E+02  0.26073661E+02  0.89542876E+00  0.75599057E-01  0.15193114E+00  0.48993525E-01
 0.11335E+02  0.26052705E+02  0.89119473E+00  0.75525324E-01  0.15156220E+00  0.49220656E-01
 0.11360E+02  0.26032159E+02  0.88699431E+00  0.75451479E-01  0.15119396E+00  0.49445267E-01
 0.11385E+02  0.26012087E+02  0.88282961E+00  0.75377753E-01  0.15082675E+00  0.49667449E-01
 0.11410E+02  0.25992429E+02  0.87869845E+00  0.75304013E-01  0.15046015E+00  0.49887062E-01
 0.11435E+02  0.25973250E+02  0.87460288E+00  0.75230485E-01  0.15009450E+00  0.50104205E-01
 0.11460E+02  0.25954489E+02  0.87054072E+00  0.75157031E-01  0.14972939E+00  0.50318742E-01
 0.11485E+02  0.25936182E+02  0.86651294E+00  0.75083784E-01  0.14936496E+00  0.50530719E-01
 0.11510E+02  0.25918359E+02  0.86252044E+00  0.75010872E-01  0.14900134E+00  0.50740189E-01
 0.11535E+02  0.25900961E+02  0.85856106E+00  0.74938153E-01  0.14863815E+00  0.50947024E-01
 0.11560E+02  0.25884052E+02  0.85463670E+00  0.74865841E-01  0.14827568E+00  0.51151340E-01
 0.11585E+02  0.25867573E+02  0.85074519E+00  0.74793793E-01  0.14791357E+00  0.51353017E-01
 0.11610E+02  0.25851585E+02  0.84688837E+00  0.74722216E-01  0.14755210E+00  0.51552177E-01
 0.11635E+02  0.25836029E+02  0.84306407E+00  0.74650964E-01  0.14719090E+00  0.51748703E-01
 0.11660E+02  0.25820967E+02  0.83927409E+00  0.74580239E-01  0.14683027E+00  0.51942723E-01
 0.11685E+02  0.25806370E+02  0.83551724E+00  0.74509981E-01  0.14646998E+00  0.52134186E-01
 0.11710E+02  0.25792209E+02  0.83179232E+00  0.74440127E-01  0.14610984E+00  0.52323040E-01
 0.11735E+02  0.25778546E+02  0.82810105E+00  0.74370873E-01  0.14575012E+00  0.52509420E-01
 0.11760E+02  0.25765320E+02  0.82444126E+00  0.74302067E-01  0.14539046E+00  0.52693218E-01
 0.11785E+02  0.25752592E+02  0.82081462E+00  0.74233900E-01  0.14503114E+00  0.52874573E-01
 0.11810E+02  0.25740304E+02  0.81721896E+00  0.74166217E-01  0.14467177E+00  0.53053378E-01
 0.11835E+02  0.25728484E+02  0.81365495E+00  0.74099122E-01  0.14431249E+00  0.53229714E-01
 0.11860E+02  0.25717164E+02  0.81012323E+00  0.74032714E-01  0.14395340E+00  0.53403662E-01
 0.11885E+02  0.25706284E+02  0.80662164E+00  0.73966835E-01  0.14359412E+00  0.53575120E-01
 0.11910E+02  0.25695903E+02  0.80315171E+00  0.73901667E-01  0.14323494E+00  0.53744233E-01
 0.11935E+02  0.25685962E+02  0.79971128E+00  0.73837052E-01  0.14287547E+00  0.53910901E-01
 0.11960E+02  0.25676518E+02  0.79630185E+00  0.73773166E-01  0.14251600E+00  0.54075271E-01
 0.11985E+02  0.25667544E+02  0.79292214E+00  0.73709934E-01  0.14215629E+00  0.54237306E-01
 0.12010E+02  0.25659007E+02  0.78957090E+00  0.73647279E-01  0.14179615E+00  0.54396971E-01
 0.12035E+02  0.25650967E+02  0.78624957E+00  0.73585374E-01  0.14143583E+00  0.54554413E-01
 0.12060E+02  0.25643364E+02  0.78295597E+00  0.73524055E-01  0.14107496E+00  0.54709538E-01
 0.12085E+02  0.25636254E+02  0.77969150E+00  0.73463494E-01  0.14071380E+00  0.54862494E-01
 0.12110E+02  0.25629580E+02  0.77645399E+00  0.73403527E-01  0.14035199E+00  0.55013187E-01
 0.12135E+02  0.25623396E+02  0.77324479E+00  0.73344321E-01  0.13998977E+00  0.55161768E-01
 0.12160E+02  0.25617644E+02  0.77006173E+00  0.73285712E-01  0.13962678E+00  0.55308141E-01
 0.12185E+02  0.25612351E+02  0.76690528E+00  0.73227782E-01  0.13926312E+00  0.55452395E-01
 0.12210E+02  0.25607544E+02  0.76377583E+00  0.73170612E-01  0.13889889E+00  0.55594632E-01
 0.12235E+02  0.25603163E+02  0.76067125E+00  0.73114037E-01  0.13853373E+00  0.55734746E-01
 0.12260E+02  0.25599263E+02  0.75759277E+00  0.73058219E-01  0.13816787E+00  0.55872894E-01
 0.12285E+02  0.25595785E+02  0.75453826E+00  0.73002991E-01  0.13780096E+00  0.56008983E-01
 0.12310E+02  0.25592784E+02  0.75150893E+00  0.72948512E-01  0.13743325E+00  0.56143166E-01
 0.12335E+02  0.25590227E+02  0.74850345E+00  0.72894697E-01  0.13706452E+00  0.56275412E-01
 0.12360E+02  0.25588085E+02  0.74552055E+00  0.72841462E-01  0.13669457E+00  0.56405690E-01
 0.12385E+02  0.25586409E+02  0.74256136E+00  0.72788962E-01  0.13632366E+00  0.56534154E-01
 0.12410E+02  0.25585142E+02  0.73962377E+00  0.72737031E-01  0.13595141E+00  0.56660712E-01
 0.12435E+02  0.25584335E+02  0.73670891E+00  0.72685824E-01  0.13557808E+00  0.56785517E-01
 0.12460E+02  0.25583929E+02  0.73381466E+00  0.72635175E-01  0.13520332E+00  0.56908478E-01
 0.12485E+02  0.25583976E+02  0.73094211E+00  0.72585237E-01  0.13482737E+00  0.57029749E-01
 0.12510E+02  0.25584417E+02  0.72808917E+00  0.72535843E-01  0.13444988E+00  0.57149238E-01
 0.12535E+02  0.25585275E+02  0.72525612E+00  0.72487067E-01  0.13407096E+00  0.57267037E-01
 0.12560E+02  0.25586574E+02  0.72244323E+00  0.72438980E-01  0.13369070E+00  0.57383240E-01
 0.12585E+02  0.25588254E+02  0.71964839E+00  0.72391417E-01  0.13330876E+00  0.57497754E-01
 0.12610E+02  0.25590365E+02  0.71687266E+00  0.72344526E-01  0.13292539E+00  0.57610734E-01
 0.12635E+02  0.25592847E+02  0.71411395E+00  0.72298144E-01  0.13254026E+00  0.57722087E-01
 0.12660E+02  0.25595751E+02  0.71137328E+00  0.72252418E-01  0.13215361E+00  0.57831968E-01
 0.12685E+02  0.25599044E+02  0.70864935E+00  0.72207262E-01  0.13176526E+00  0.57940346E-01
 0.12710E+02  0.25602693E+02  0.70594086E+00  0.72162590E-01  0.13137503E+00  0.58047190E-01
 0.12735E+02  0.25606747E+02  0.70324881E+00  0.72118550E-01  0.13098316E+00  0.58152654E-01
 0.12760E+02  0.25611146E+02  0.70057116E+00  0.72074976E-01  0.13058934E+00  0.58256645E-01
 0.12785E+02  0.25615939E+02  0.69790887E+00  0.72032016E-01  0.13019383E+00  0.58359316E-01
 0.12810E+02  0.25621064E+02  0.69525993E+00  0.71989507E-01  0.12979631E+00  0.58460575E-01
 0.12835E+02  0.25626570E+02  0.69262529E+00  0.71947592E-01  0.12939703E+00  0.58560573E-01
 0.12860E+02  0.25632397E+02  0.69000294E+00  0.71906111E-01  0.12899570E+00  0.58659218E-01
 0.12885E+02  0.25638564E+02  0.68739310E+00  0.71865131E-01  0.12859242E+00  0.58756600E-01
 0.12910E+02  0.25645091E+02  0.68479598E+00  0.71824719E-01  0.12818733E+00  0.58852809E-01
 0.12935E+02  0.25651919E+02  0.68220959E+00  0.71784714E-01  0.12778013E+00  0.58947751E-01
 0.12960E+02  0.25659092E+02  0.67963487E+00  0.71745259E-01  0.12737108E+00  0.59041577E-01
 0.12985E+02  0.25666551E+02  0.67706986E+00  0.71706193E-01  0.12695989E+00  0.59134191E-01
 0.13010E+02  0.25674341E+02  0.67451548E+00  0.71667658E-01  0.12654684E+00  0.59225743E-01
 0.13035E+02  0.25682427E+02  0.67197052E+00  0.71629570E-01  0.12613179E+00  0.59316200E-01
 0.13060E+02  0.25690774E+02  0.66943377E+00  0.71591845E-01  0.12571459E+00  0.59405524E-01
 0.13085E+02  0.25699428E+02  0.66690614E+00  0.71554624E-01  0.12529553E+00  0.59493865E-01
 0.13110E+02  0.25708328E+02  0.66438574E+00  0.71517748E-01  0.12487433E+00  0.59581124E-01
 0.13135E+02  0.25717517E+02  0.66187347E+00  0.71481357E-01  0.12445128E+00  0.59667450E-01
 0.13160E+02  0.25726934E+02  0.65936748E+00  0.71445294E-01  0.12402612E+00  0.59752745E-01
 0.13185E+02  0.25736623E+02  0.65686867E+00  0.71409697E-01  0.12359915E+00  0.59837151E-01
 0.13210E+02  0.25746521E+02  0.65437521E+00  0.71374410E-01  0.12317010E+00  0.59920574E-01
 0.13235E+02  0.25756647E+02  0.65188732E+00  0.71339497E-01  0.12273914E+00  0.60003095E-01
 0.13260E+02  0.25767016E+02  0.64940523E+00  0.71305023E-01  0.12230641E+00  0.60084796E-01
 0.13285E+02  0.25777567E+02  0.64692714E+00  0.71270832E-01  0.12187171E+00  0.60165578E-01
 0.13310E+02  0.25788342E+02  0.64445396E+00  0.71237060E-01  0.12143530E+00  0.60245583E-01
 0.13335E+02  0.25799279E+02  0.64198394E+00  0.71203553E-01  0.12099699E+00  0.60324707E-01
 0.13360E+02  0.25810419E+02  0.63951797E+00  0.71170447E-01  0.12055705E+00  0.60403093E-01
 0.13385E+02  0.25821727E+02  0.63705499E+00  0.71137660E-01  0.12011542E+00  0.60480697E-01
 0.13410E+02  0.25833166E+02  0.63459395E+00  0.71105110E-01  0.11967201E+00  0.60557477E-01
 0.13435E+02  0.25844777E+02  0.63213575E+00  0.71072931E-01  0.11922713E+00  0.60633573E-01
 0.13460E+02  0.25856497E+02  0.62967874E+00  0.71040972E-01  0.11878058E+00  0.60708877E-01
 0.13485E+02  0.25868368E+02  0.62722381E+00  0.71009365E-01  0.11833268E+00  0.60783530E-01
 0.13510E+02  0.25880327E+02  0.62476933E+00  0.70977957E-01  0.11788323E+00  0.60857424E-01
 0.13535E+02  0.25892387E+02  0.62231559E+00  0.70946811E-01  0.11743244E+00  0.60930635E-01
 0.13560E+02  0.25904564E+02  0.61986287E+00  0.70915987E-01  0.11698048E+00  0.61003239E-01
 0.13585E+02  0.25916795E+02  0.61740960E+00  0.70885334E-01  0.11652720E+00  0.61075127E-01
 0.13610E+02  0.25929120E+02  0.61495669E+00  0.70854983E-01  0.11607290E+00  0.61146435E-01
 0.13635E+02  0.25941500E+02  0.61250320E+00  0.70824853E-01  0.11561757E+00  0.61217114E-01
 0.13660E+02  0.25953899E+02  0.61004824E+00  0.70794864E-01  0.11516115E+00  0.61287115E-01
 0.13685E+02  0.25966330E+02  0.60759213E+00  0.70765074E-01  0.11470387E+00  0.61356512E-01
 0.13710E+02  0.25978807E+02  0.60513519E+00  0.70735545E-01  0.11424592E+00  0.61425377E-01
 0.13735E+02  0.25991266E+02  0.60267594E+00  0.70706125E-01  0.11378718E+00  0.61493598E-01
 0.13760E+02  0.26003747E+02  0.60021534E+00  0.70676944E-01  0.11332797E+00  0.61561310E-01
 0.13785E+02  0.26016212E+02  0.59775252E+00  0.70647919E-01  0.11286828E+00  0.61628460E-01
 0.13810E+02  0.26028622E+02  0.59528667E+00  0.70618972E-01  0.11240811E+00  0.61694998E-01
 0.13835E+02  0.26040991E+02  0.59281815E+00  0.70590159E-01  0.11194768E+00  0.61760996E-01
 0.13860E+02  0.26053333E+02  0.59034733E+00  0.70561540E-01  0.11148721E+00  0.61826524E-01
 0.13885E+02  0.26065608E+02  0.58787341E+00  0.70533033E-01  0.11102672E+00  0.61891530E-01
 0.13910E+02  0.26077779E+02  0.58539562E+00  0.70504557E-01  0.11056621E+00  0.61955963E-01
 0.13935E+02  0.26089859E+02  0.58291436E+00  0.70476171E-01  0.11010592E+00  0.62019894E-01
 0.13960E+02  0.26101862E+02  0.58043001E+00  0.70447931E-01  0.10964608E+00  0.62083393E-01
 0.13985E+02  0.26113748E+02  0.57794183E+00  0.70419756E-01  0.10918672E+00  0.62146409E-01
 0.14010E+02  0.26125479E+02  0.57544910E+00  0.70391566E-01  0.10872786E+00  0.62208892E-01
 0.14035E+02  0.26137070E+02  0.57295223E+00  0.70363418E-01  0.10826976E+00  0.62270911E-01
 0.14060E+02  0.26148532E+02  0.57045164E+00  0.70335366E-01  0.10781265E+00  0.62332539E-01
 0.14085E+02  0.26159802E+02  0.56794606E+00  0.70307263E-01  0.10735648E+00  0.62393664E-01
 0.14110E+02  0.26170918E+02  0.56543648E+00  0.70279233E-01  0.10690161E+00  0.62454419E-01
 0.14135E+02  0.26181844E+02  0.56292222E+00  0.70251195E-01  0.10644807E+00  0.62514755E-01
 0.14160E+02  0.26192540E+02  0.56040263E+00  0.70223069E-01  0.10599593E+00  0.62574624E-01
 0.14185E+02  0.26203020E+02  0.55787813E+00  0.70194911E-01  0.10554544E+00  0.62634100E-01
 0.14210E+02  0.26213298E+02  0.55534915E+00  0.70166775E-01  0.10509688E+00  0.62693256E-01
 0.14235E+02  0.26223335E+02  0.55281505E+00  0.70138583E-01  0.10465031E+00  0.62752047E-01
 0.14260E+02  0.26233095E+02  0.55027521E+00  0.70110254E-01  0.10420579E+00  0.62810428E-01
 0.14285E+02  0.26242590E+02  0.54773006E+00  0.70081845E-01  0.10376362E+00  0.62868478E-01
 0.14310E+02  0.26251834E+02  0.54518002E+00  0.70053410E-01  0.10332406E+00  0.62926272E-01
 0.14335E+02  0.26260790E+02  0.54262449E+00  0.70024871E-01  0.10288720E+00  0.62983771E-01
 0.14360E+02  0.26269422E+02  0.54006284E+00  0.69996150E-01  0.10245313E+00  0.63040935E-01
 0.14385E+02  0.26277744E+02  0.53749552E+00  0.69967304E-01  0.10202215E+00  0.63097846E-01
 0.14410E+02  0.26285768E+02  0.53492293E+00  0.69938387E-01  0.10159455E+00  0.63154589E-01
 0.14435E+02  0.26293434E+02  0.53234397E+00  0.69909257E-01  0.10117033E+00  0.63211068E-01
 0.14460E+02  0.26300781E+02  0.52975953E+00  0.69880037E-01  0.10074992E+00  0.63267432E-01
 0.14485E+02  0.26307773E+02  0.52716902E+00  0.69850653E-01  0.10033341E+00  0.63323651E-01
 0.14510E+02  0.26314376E+02  0.52457183E+00  0.69821030E-01  0.99920953E-01  0.63379696E-01
 0.14535E+02  0.26320603E+02  0.52196835E+00  0.69791227E-01  0.99512861E-01  0.63435664E-01
 0.14560E+02  0.26326468E+02  0.51935894E+00  0.69761304E-01  0.99109468E-01  0.63491650E-01
 0.14585E+02  0.26331939E+02  0.51674297E+00  0.69731189E-01  0.98710926E-01  0.63547635E-01
 0.14610E+02  0.26336979E+02  0.51411981E+00  0.69700814E-01  0.98317400E-01  0.63603606E-01
 0.14635E+02  0.26341605E+02  0.51148981E+00  0.69670242E-01  0.97929246E-01  0.63659667E-01
 0.14660E+02  0.26345832E+02  0.50885326E+00  0.69639537E-01  0.97546832E-01  0.63715930E-01
 0.14685E+02  0.26349627E+02  0.50620950E+00  0.69608634E-01  0.97170353E-01  0.63772390E-01
 0.14710E+02  0.26352955E+02  0.50355785E+00  0.69577472E-01  0.96800020E-01  0.63829049E-01
 0.14735E+02  0.26355859E+02  0.50089904E+00  0.69546186E-01  0.96436327E-01  0.63886091E-01
 0.14760E+02  0.26358281E+02  0.49823188E+00  0.69514655E-01  0.96079427E-01  0.63943466E-01
 0.14785E+02  0.26360237E+02  0.49555657E+00  0.69482955E-01  0.95729755E-01  0.64001311E-01
 0.14810E+02  0.26361745E+02  0.49287328E+00  0.69451164E-01  0.95387767E-01  0.64059768E-01
 0.14835E+02  0.26362773E+02  0.49018123E+00  0.69419235E-01  0.95053760E-01  0.64118868E-01
 0.14860E+02  0.26363290E+02  0.48747960E+00  0.69387129E-01  0.94728059E-01  0.64178649E-01
 0.14885E+02  0.26363314E+02  0.48476848E+00  0.69354935E-01  0.94411187E-01  0.64239277E-01
 0.14910E+02  0.26362862E+02  0.48204788E+00  0.69322751E-01  0.94103697E-01  0.64300927E-01
 0.14935E+02  0.26361906E+02  0.47931689E+00  0.69290551E-01  0.93805998E-01  0.64363666E-01
 0.14960E+02  0.26360414E+02  0.47657459E+00  0.69258319E-01  0.93518538E-01  0.64427575E-01
