	e_energy	sigma
	11.61880544	31.586851
	11.6324106	37.662964
	11.64601575	54.783353
	11.65962091	118.34867
	11.67322607	168.62877
	11.68683123	222.68741
	11.70043639	276.80071
	11.71404155	329.48395
	11.72764671	373.96746
	11.74125186	410.11438
	11.75485702	437.76138
	11.76846218	457.60143
	11.78206734	470.42208
	11.7956725	469.61041
	11.80927766	452.82882
	11.82288282	428.40899
	11.83648797	406.29647
	11.85009313	387.23307
	11.86369829	371.0661
	11.87730345	356.62583
	11.89090861	343.52139
	11.90451377	335.75367
	11.91811893	328.77411
	11.93172408	323.01231
	11.94532924	317.68132
	11.9589344	312.60845
	11.97253956	307.63497
	11.98614472	303.21116
	11.99974988	302.06563
	12.01335504	291.18096
	12.0269602	286.51391
	12.04056535	267.87315
	12.05417051	262.58072
	12.06777567	255.84925
	12.08138083	252.38899
	12.09498599	249.43645
	12.10859115	246.78432
	12.12219631	243.6391
	12.13580146	240.91993
	12.14940662	237.8907
	12.16301178	233.70883
	12.17661694	229.3967
	12.1902221	226.35492
	12.20382726	223.80722
	12.21743242	222.44179
	12.23103757	220.05897
	12.24464273	216.08451
	12.25824789	213.29385
	12.27185305	210.48239
	12.28545821	207.70051
	12.29906337	204.97598
	12.31266853	202.41131
	12.32627368	199.98441
	12.33987884	198.22842
	12.353484	197.7113
	12.36708916	196.04595
	12.38069432	193.80162
	12.39429948	191.7157
	12.40790464	189.85403
	12.42150979	188.26051
	12.43511495	186.81567
	12.44872011	185.50307
	12.46232527	184.30583
	12.47593043	183.20787
	12.48953559	182.12101
	12.50314075	181.22338
	12.5167459	180.40501
	12.53035106	179.65885
	12.54395622	178.98531
	12.55756138	178.35861
	12.57116654	177.79168
	12.5847717	177.27631
	12.59837686	176.81665
	12.61198201	176.40693
	12.62558717	176.07608
	12.63919233	175.86152
	12.65279749	175.86763
	12.66640265	176.29089
	12.68000781	176.93317
	12.69361297	173.71488
	12.70721812	172.13916
	12.72082328	171.61617
	12.73442844	171.15839
	12.7480336	170.50987
	12.76163876	169.2341
	12.77524392	165.3214
	12.78884908	149.33998
	12.80245423	157.8109
	12.81605939	165.80304
	12.82966455	167.10421
	12.84326971	167.28967
	12.85687487	167.43281
	12.87048003	170.33303
	12.88408519	178.96592
	12.89769034	190.90576
	12.9112955	195.08487
	12.92490066	195.87293
	12.93850582	198.59607
	12.95211098	199.58718
	12.96571614	200.47157
	12.9793213	202.87807
	12.99292646	209.04734
	13.00653161	207.8971
	13.02013677	200.48661
	13.03374193	194.99679
	13.04734709	182.13329
	13.06095225	166.83658
	13.07455741	162.73169
	13.08816257	160.48906
	13.10176772	159.04479
	13.11537288	158.9394
	13.12897804	158.21005
	13.1425832	157.45184
	13.15618836	157.73634
	13.16979352	156.75774
	13.18339868	156.18222
	13.19700383	156.13166
	13.21060899	155.63361
	13.22421415	154.78256
	13.23781931	154.96262
	13.25142447	154.86918
	13.26502963	154.69599
	13.27863479	153.65154
	13.3058451	152.8118
	13.31945026	152.84644
	13.33305542	152.72513
	13.34666058	153.07286
	13.36026574	153.07354
	13.3738709	153.24452
	13.38747605	153.8022
	13.40108121	153.66922
	13.41468637	153.48515
	13.42829153	151.71968
	13.44189669	151.8636
	13.45550185	152.16202
	13.46910701	148.78026
	13.48271216	149.27655
	13.49631732	150.53232
	13.50992248	147.78081
	13.52352764	146.68763
	13.5371328	145.71334
	13.55073796	144.1804
	13.56434312	142.83071
	13.57794827	142.06866
	13.59155343	140.44216
	13.60515859	141.07218
	13.61876375	137.7285
	13.63236891	134.93584
	13.64597407	131.83824
	13.65957923	127.70552
	13.67318438	128.26583
	13.7003947	128.30491
	13.71399986	120.43737
	13.75481534	130.44119
	13.76842049	131.98499
	13.78202565	132.90275
	13.79563081	130.1011
	13.80923597	129.12948
	13.82284113	128.60905
	13.83644629	128.54362
	13.85005145	128.90139
	13.8636566	131.19405
	13.87726176	131.40966
	13.89086692	131.18862
	13.90447208	132.73315
	13.91807724	133.18147
	13.9316824	131.26398
	13.94528756	130.76966
	13.95889272	130.60974
	13.97249787	129.73863
	13.98610303	129.54378
	13.99970819	128.5526
	14.01331335	127.36026
	14.02691851	127.12171
	14.04052367	127.69073
	14.05412883	127.74691
	14.06773398	127.91075
	14.08133914	126.65113
	14.0949443	125.37766
	14.10854946	124.6442
	14.12215462	124.04995
	14.13575978	123.78074
	14.14936494	123.07134
	14.16297009	122.5165
	14.17657525	121.85188
	14.19018041	122.53582
	14.20378557	121.76654
	14.21739073	120.63104
	14.23099589	118.91888
	14.24460105	118.06843
	14.2582062	117.25822
	14.27181136	116.45552
	14.28541652	115.82636
	14.29902168	114.96176
	14.31262684	114.11954
	14.326232	113.40401
	14.33983716	113.22971
	14.35344231	113.07041
	14.36704747	112.1822
	14.38065263	112.35884
	14.39425779	110.60452
	14.40786295	110.31768
	14.42146811	110.25286
	14.43507327	110.35262
	14.44867842	112.41319
	14.46228358	113.15685
	14.47588874	112.84903
	14.4894939	112.83716
	14.50309906	113.21064
	14.51670422	113.13136
	14.53030938	111.72687
	14.54391453	111.55139
	14.55751969	111.34576
	14.57112485	111.66545
	14.58473001	111.57518
	14.59833517	111.10276
	14.61194033	110.99532
	14.62554549	110.17045
	14.63915064	110.17707
	14.6527558	109.51976
	14.66636096	109.51272
	14.67996612	109.16351
	14.69357128	109.01478
	14.70717644	108.69396
	14.7207816	108.14513
	14.73438675	108.30065
	14.74799191	107.64743
	14.76159707	106.70855
	14.77520223	105.70612
	14.78880739	105.81863
	14.80241255	105.94867
	14.81601771	105.78223
	14.82962286	105.42682
	14.84322802	104.83765
	14.85683318	104.6365
	14.87043834	104.18594
	14.8840435	103.63657
	14.89764866	103.26528
	14.91125382	103.85492
	14.92485898	102.47554
	14.93846413	101.09889
	14.95206929	100.72467
	14.96567445	100.71414
	14.97927961	100.42583
	14.99288477	100.12541
	15.00648993	99.953557
	15.02009509	99.637386
	15.03370024	99.203387
	15.0473054	98.99064
	15.06091056	98.72971
	15.07451572	98.284374
	15.08812088	97.868765
	15.10172604	97.631327
	15.1153312	97.260321
	15.12893635	98.50762
	15.14254151	97.945562
	15.15614667	97.787873
	15.16975183	97.390683
	15.18335699	96.743666
	15.19696215	96.870056
	15.21056731	96.129894
	15.22417246	95.936694
	15.23777762	95.70049
	15.25138278	95.442912
	15.26498794	94.950549
	15.2785931	94.841094
	15.29219826	94.797312
	15.30580342	94.855356
	15.31940857	94.512193
	15.33301373	94.760302
	15.34661889	94.246597
	15.36022405	93.806312
	15.37382921	93.859723
	15.38743437	93.941801
	15.40103953	93.864711
	15.41464468	93.792762
	15.42824984	93.783011
	15.441855	93.670385
	15.45546016	93.400715
	15.46906532	93.234641
	15.48267048	93.180129
	15.50988079	92.52477
	15.52348595	92.181398
	15.53709111	91.893158
	15.55069627	91.678824
	15.56430143	91.467755
	15.57790659	91.297167
	15.59151175	91.139935
	15.6051169	90.898102
	15.61872206	90.71494
	15.63232722	90.157647
	15.64593238	89.892157
	15.65953754	89.846815
	15.6731427	89.848207
	15.68674786	89.683677
	15.70035301	89.419106
	15.71395817	89.208268
	15.72756333	89.742017
	15.74116849	89.026054
	15.75477365	88.507556
	15.76837881	88.396886
	15.78198397	88.189259
	15.79558912	88.130157
	15.80919428	87.497591
	15.82279944	87.14807
	15.8364046	86.847178
	15.85000976	86.605882
	15.86361492	86.268492
	15.87722008	85.956211
	15.89082524	85.996848
	15.90443039	85.774101
	15.91803555	85.65882
	15.93164071	85.218646
	15.94524587	84.9654
	15.95885103	84.927829
	15.97245619	84.550632
	15.98606135	84.201514
	15.9996665	84.124991
	16.01327166	84.040305
	16.02687682	83.72332
	16.04048198	83.361345
	16.05408714	83.503331
	16.0676923	83.0168
	16.08129746	82.549109
	16.09490261	82.328496
	16.10850777	82.165996
	16.12211293	81.98077
	16.13571809	81.848235
	16.14932325	81.609769
	16.16292841	81.515332
	16.17653357	81.314151
	16.19013872	81.151689
	16.20374388	80.9603
	16.21734904	80.467471
	16.2309542	80.362919
	16.24455936	80.489534
	16.25816452	80.270718
	16.27176968	80.147979
	16.28537483	80.05308
	16.29897999	79.87975
	16.31258515	79.844658
	16.32619031	79.68511
	16.33979547	79.51737
	16.35340063	79.433595
	16.36700579	79.415252
	16.3942161	79.037816
	16.40782126	78.791593
	16.42142642	78.719179
	16.43503158	78.860606
	16.44863674	78.815832
	16.4622419	78.66273
	16.47584705	78.379057
	16.48945221	78.304445
	16.50305737	78.063271
	16.51666253	77.936908
	16.53026769	77.892502
	16.54387285	77.863552
	16.55747801	77.648045
	16.57108316	77.460949
	16.58468832	77.408307
	16.59829348	77.159465
	16.61189864	77.163887
	16.6255038	77.07099
	16.63910896	76.918863
	16.65271412	76.801828
	16.67992443	76.57237
	16.69352959	76.564427
	16.70713475	76.12948
	16.72073991	75.828986
	16.73434507	75.7016
	16.74795023	75.43145
	16.76155538	75.098594
	16.77516054	74.883151
	16.7887657	74.940299
	16.80237086	74.756278
	16.81597602	74.360191
	16.82958118	74.243616
	16.84318634	74.161799
	16.8567915	74.016261
	16.87039665	73.737206
	16.88400181	73.685925
	16.89760697	73.648953
	16.91121213	73.533226
	16.92481729	73.389062
	16.93842245	73.335553
	16.95202761	72.930884
	16.96563276	72.839653
	16.97923792	72.635174
	16.99284308	72.590143
	17.00644824	72.447596
	17.0200534	72.307512
	17.03365856	72.240477
	17.04726372	72.123032
	17.06086887	71.96253
	17.07447403	71.750234
	17.08807919	71.551065
	17.10168435	71.389606
	17.11528951	71.28902
	17.12889467	71.210177
	17.14249983	71.12629
	17.15610498	70.800698
	17.16971014	70.85919
	17.1833153	70.431712
	17.19692046	70.344078
	17.21052562	70.336267
	17.22413078	70.159802
	17.23773594	69.929461
	17.25134109	69.796852
	17.26494625	69.679439
	17.27855141	69.529881
	17.29215657	69.391812
	17.30576173	69.328084
	17.31936689	69.215104
	17.33297205	69.066217
	17.3465772	68.91303
	17.36018236	68.730086
	17.37378752	68.687858
	17.38739268	68.565342
	17.40099784	68.54026
	17.414603	68.388903
	17.42820816	68.202204
	17.44181331	68.18474
	17.45541847	67.996077
	17.46902363	68.10141
	17.48262879	67.973558
	17.49623395	67.905302
	17.50983911	67.688769
	17.52344427	67.600363
	17.53704942	67.385881
	17.55065458	67.292892
	17.56425974	67.27496
	17.5778649	67.292315
	17.59147006	66.970835
	17.60507522	67.037821
	17.61868038	66.930119
	17.63228553	66.73166
	17.64589069	66.605981
	17.65949585	66.520321
	17.67310101	66.479707
	17.68670617	66.236853
	17.70031133	66.224694
	17.71391649	66.032429
	17.72752164	65.924015
	17.7411268	65.937769
	17.75473196	65.909881
	17.76833712	65.967169
	17.78194228	65.880518
	17.79554744	65.829642
	17.8091526	65.885276
	17.82275776	65.547163
	17.83636291	65.467966
	17.84996807	65.262047
	17.86357323	65.217349
	17.87717839	65.429042
	17.89078355	65.154463
	17.90438871	64.949768
	17.91799387	64.760413
	17.93159902	64.747702
	17.94520418	64.591659
	17.95880934	64.588154
	17.9724145	64.488694
	17.98601966	64.393666
	17.99962482	64.346841
	18.01322998	64.325904
	18.02683513	64.277239
	18.04044029	64.119004
	18.05404545	64.065317
	18.06765061	63.909331
	18.08125577	63.82498
	18.09486093	63.731873
	18.10846609	63.699247
	18.12207124	63.518772
	18.1356764	63.35554
	18.14928156	63.256577
	18.16288672	63.150797
	18.17649188	63.082894
	18.19009704	62.943346
	18.2037022	62.75201
	18.21730735	62.672702
	18.23091251	62.530674
	18.24451767	62.441445
	18.25812283	62.292568
	18.27172799	62.246429
	18.28533315	62.025212
	18.29893831	61.919461
	18.31254346	61.71866
	18.32614862	61.6617
	18.33975378	61.519166
	18.35335894	61.429834
	18.3669641	61.345738
	18.38056926	61.217237
	18.39417442	61.111656
	18.40777957	61.059947
	18.42138473	60.979125
	18.43498989	60.959346
	18.44859505	60.823416
	18.46220021	60.706467
	18.47580537	60.583879
	18.48941053	60.595527
	18.50301568	60.472751
	18.51662084	60.364736
	18.530226	60.36882
	18.54383116	60.310589
	18.55743632	60.247716
	18.57104148	60.261697
	18.58464664	60.142481
	18.59825179	59.866301
	18.61185695	59.87548
	18.62546211	59.815517
	18.63906727	59.675773
	18.65267243	59.613897
	18.66627759	59.473735
	18.67988275	59.426663
	18.6934879	59.369767
	18.70709306	59.268513
	18.72069822	59.122094
	18.73430338	59.04087
	18.74790854	58.91599
	18.7615137	58.837984
	18.77511886	58.783461
	18.78872402	58.687633
	18.80232917	58.555206
	18.81593433	58.461699
	18.82953949	58.396562
	18.84314465	58.331393
	18.85674981	58.242139
	18.87035497	58.146212
	18.88396013	58.085079
	18.89756528	57.976315
	18.91117044	57.924783
	18.9247756	57.891882
	18.93838076	57.779448
	18.95198592	57.723214
	18.96559108	57.75494
	18.97919624	57.621786
	18.99280139	57.676512
	19.00640655	57.392477
	19.02001171	57.358991
	19.03361687	58.666714
	19.04722203	57.16666
	19.06082719	57.128963
	19.07443235	57.060318
	19.0880375	56.96295
	19.10164266	56.90994
	19.11524782	56.851324
	19.12885298	56.80465
	19.14245814	56.715441
	19.1560633	56.55246
	19.16966846	56.497349
	19.18327361	56.434645
	19.19687877	56.351694
	19.21048393	56.292945
	19.22408909	56.127736
	19.23769425	56.099794
	19.25129941	56.031649
	19.26490457	55.975419
	19.27850972	55.972739
	19.29211488	55.811401
	19.30572004	55.784088
	19.3193252	55.771285
	19.33293036	55.694811
	19.34653552	55.592545
	19.36014068	55.506347
	19.37374583	55.466883
	19.38735099	55.396182
	19.40095615	55.301214
	19.41456131	55.180694
	19.42816647	55.134921
	19.44177163	55.004446
	19.45537679	55.0233
	19.46898194	54.950947
	19.4825871	54.838467
	19.49619226	54.830186
	19.50979742	54.704389
	19.52340258	54.680884
	19.53700774	54.59953
	19.5506129	54.508133
	19.56421805	54.427264
	19.57782321	54.393447
	19.59142837	54.305495
	19.99958313	52.190791
	24.99947891	36.592189
	29.99937469	28.559519
	34.99927048	23.617436
	39.99916626	20.075235
	44.99906204	17.530592
	49.99895782	15.615545
	54.99885361	14.126392
	59.99874939	12.924208
	64.99864517	11.939498
	69.99854095	11.115449
	74.99843674	10.414904
	79.99833252	9.8105409
	84.9982283	9.2831955
	89.99812408	8.8184366
	94.99801987	8.4050431
	99.99791565	8.0347497
	104.99781143	7.7007089
	109.99770721	7.3976623
	114.997603	7.1211485
	119.99749878	6.8674227
	124.99739456	6.6335798
	129.99729034	6.4168726
	134.99718613	6.2149349
