	e_energy	sigma
	12.96301252	0.0
	12.96571614	0.018491531
	12.9793213	0.077710671
	12.99292646	0.10140476
	13.00653161	0.092398795
	13.02013677	0.12393744
	13.03374193	0.18851416
	13.04734709	0.21912649
	13.06095225	0.2430539
	13.07455741	0.20009902
	13.08816257	0.182374
	13.10176772	0.17152399
	13.11537288	0.17711341
	13.12897804	0.18071662
	13.1425832	0.18765894
	13.15618836	0.2384013
	13.16979352	0.2358639
	13.18339868	0.23928434
	13.19700383	0.24344316
	13.21060899	0.25028877
	13.22421415	0.26042643
	13.23781931	0.263047
	13.25142447	0.25839162
	13.26502963	0.2594062
	13.27863479	0.27870345
	13.3058451	0.28980774
	13.31945026	0.28934702
	13.33305542	0.27992374
	13.34666058	0.28948575
	13.36026574	0.28966062
	13.3738709	0.2959263
	13.38747605	0.31617322
	13.40108121	0.314227
	13.41468637	0.31317546
	13.42829153	0.31191099
	13.44189669	0.30868541
	13.45550185	0.31521944
	13.46910701	0.31663846
	13.48271216	0.33189302
	13.49631732	0.33080718
	13.50992248	0.33970092
	13.52352764	0.3685641
	13.5371328	0.34059759
	13.55073796	0.34549587
	13.56434312	0.33758775
	13.57794827	0.33618973
	13.59155343	0.32561539
	13.60515859	0.3224663
	13.61876375	0.2698806
	13.63236891	0.19906957
	13.64597407	0.16196501
	13.65957923	0.16996433
	13.67318438	0.23513782
	13.7003947	0.26830538
	13.71399986	0.22547883
	13.75481534	0.15697478
	13.76842049	0.20550083
	13.78202565	0.20336988
	13.79563081	0.16759155
	13.80923597	0.180859
	13.82284113	0.20288686
	13.83644629	0.21547293
	13.85005145	0.21895978
	13.8636566	0.22448328
	13.87726176	0.22754868
	13.89086692	0.2282304
	13.90447208	0.25576334
	13.91807724	0.24746437
	13.9316824	0.24936243
	13.94528756	0.26047511
	13.95889272	0.26943734
	13.97249787	0.23777589
	13.98610303	0.23622873
	13.99970819	0.25220411
	14.01331335	0.23789802
	14.02691851	0.24421567
	14.04052367	0.22560279
	14.05412883	0.22937731
	14.06773398	0.2191288
	14.08133914	0.20692855
	14.0949443	0.20663516
	14.10854946	0.20104378
	14.12215462	0.20022346
	14.13575978	0.19295679
	14.14936494	0.19874575
	14.16297009	0.20426067
	14.17657525	0.18049041
	14.19018041	0.17941178
	14.20378557	0.16966798
	14.21739073	0.16662622
	14.23099589	0.16708794
	14.24460105	0.16338715
	14.2582062	0.15797588
	14.27181136	0.15182232
	14.28541652	0.14949813
	14.29902168	0.13726338
	14.31262684	0.12330774
	14.326232	0.12591407
	14.33983716	0.12214898
	14.35344231	0.13618385
	14.36704747	0.13117901
	14.38065263	0.14867113
	14.39425779	0.14818925
	14.40786295	0.15417971
	14.42146811	0.15419295
	14.43507327	0.16018475
	14.44867842	0.17071673
	14.46228358	0.17200955
	14.47588874	0.16886336
	14.4894939	0.16936164
	14.50309906	0.17318447
	14.51670422	0.17642859
	14.53030938	0.1612204
	14.54391453	0.16218277
	14.55751969	0.16572933
	14.57112485	0.16690446
	14.58473001	0.17708999
	14.59833517	0.16837499
	14.61194033	0.16784711
	14.62554549	0.16251983
	14.63915064	0.17278057
	14.6527558	0.17254715
	14.66636096	0.16956733
	14.67996612	0.16753472
	14.69357128	0.16681368
	14.70717644	0.16385047
	14.7207816	0.16496376
	14.73438675	0.16611014
	14.74799191	0.16336014
	14.76159707	0.1606901
	14.77520223	0.15951967
	14.78880739	0.15996044
	14.80241255	0.16230878
	14.81601771	0.16177925
	14.82962286	0.15867769
	14.84322802	0.15453705
	14.85683318	0.15137759
	14.87043834	0.15084037
	14.8840435	0.14163769
	14.89764866	0.13745328
	14.91125382	0.13350102
	14.92485898	0.1307899
	14.93846413	0.12917195
	14.95206929	0.12481676
	14.96567445	0.12684307
	14.97927961	0.1203021
	14.99288477	0.11763018
	15.00648993	0.11608145
	15.02009509	0.11435842
	15.03370024	0.11114159
	15.0473054	0.11053584
	15.06091056	0.10937466
	15.07451572	0.10576848
	15.08812088	0.103554
	15.10172604	0.10130058
	15.1153312	0.097501715
	15.12893635	0.098192943
	15.14254151	0.10081099
	15.15614667	0.098681102
	15.16975183	0.094759422
	15.18335699	0.095549315
	15.19696215	0.092995334
	15.21056731	0.095035246
	15.22417246	0.094373887
	15.23777762	0.0920253
	15.25138278	0.092299205
	15.26498794	0.0966802
	15.2785931	0.097425432
	15.29219826	0.099360381
	15.30580342	0.10292754
	15.31940857	0.10663245
	15.33301373	0.11182689
	15.34661889	0.11276496
	15.36022405	0.1140376
	15.37382921	0.11836156
	15.38743437	0.12082242
	15.40103953	0.12153908
	15.41464468	0.11931018
	15.42824984	0.11894628
	15.441855	0.11936814
	15.45546016	0.11613363
	15.46906532	0.1127918
	15.48267048	0.11483308
	15.50988079	0.10981146
	15.52348595	0.11054492
	15.53709111	0.10750874
	15.55069627	0.11023259
	15.56430143	0.10692158
	15.57790659	0.10726837
	15.59151175	0.10628548
	15.6051169	0.10491834
	15.61872206	0.10509482
	15.63232722	0.10570887
	15.64593238	0.1046352
	15.65953754	0.10371318
	15.6731427	0.10566012
	15.68674786	0.1037587
	15.70035301	0.10207983
	15.71395817	0.10182409
	15.72756333	0.10093312
	15.74116849	0.097183595
	15.75477365	0.09768494
	15.76837881	0.097373399
	15.78198397	0.094485616
	15.79558912	0.096164998
	15.80919428	0.093250909
	15.82279944	0.093039549
	15.8364046	0.092092549
	15.85000976	0.09341686
	15.86361492	0.088164988
	15.87722008	0.091027538
	15.89082524	0.090838626
	15.90443039	0.087989802
	15.91803555	0.087840546
	15.93164071	0.089943845
	15.94524587	0.086135402
	15.95885103	0.083770039
	15.97245619	0.082351438
	15.98606135	0.081666234
	15.9996665	0.078641256
	16.01327166	0.077918064
	16.02687682	0.078551395
	16.04048198	0.076754643
	16.05408714	0.077821114
	16.0676923	0.07694569
	16.08129746	0.077294416
	16.09490261	0.076488463
	16.10850777	0.072467492
	16.12211293	0.070002604
	16.13571809	0.070792017
	16.14932325	0.069800559
	16.16292841	0.067073754
	16.17653357	0.067169826
	16.19013872	0.068455465
	16.20374388	0.066104225
	16.21734904	0.064920937
	16.2309542	0.065011293
	16.24455936	0.064706178
	16.25816452	0.062901985
	16.27176968	0.063044986
	16.28537483	0.063110856
	16.29897999	0.062026108
	16.31258515	0.062297661
	16.32619031	0.064870867
	16.33979547	0.064588425
	16.35340063	0.066348169
	16.36700579	0.065602039
	16.3942161	0.064538425
	16.40782126	0.065499187
	16.42142642	0.065219708
	16.43503158	0.066788177
	16.44863674	0.06651655
	16.4622419	0.067452244
	16.47584705	0.066723114
	16.48945221	0.065851092
	16.50305737	0.067346148
	16.51666253	0.070067056
	16.53026769	0.069649996
	16.54387285	0.069450466
	16.55747801	0.072238216
	16.57108316	0.070287447
	16.58468832	0.070890909
	16.59829348	0.071930496
	16.61189864	0.072656011
	16.6255038	0.071151841
	16.63910896	0.072231781
	16.65271412	0.072156417
	16.67992443	0.073479443
	16.69352959	0.07035215
	16.70713475	0.073259823
	16.72073991	0.070753196
	16.73434507	0.070548783
	16.74795023	0.068877894
	16.76155538	0.06866367
	16.77516054	0.067983431
	16.7887657	0.066979601
	16.80237086	0.069501004
	16.81597602	0.067143411
	16.82958118	0.065526599
	16.84318634	0.065845687
	16.8567915	0.06552359
	16.87039665	0.063615343
	16.88400181	0.064013355
	16.89760697	0.06113478
	16.91121213	0.061670147
	16.92481729	0.06103798
	16.93842245	0.061123263
	16.95202761	0.062773912
	16.96563276	0.06124964
	16.97923792	0.061338294
	16.99284308	0.059318674
	17.00644824	0.059454313
	17.0200534	0.058194142
	17.03365856	0.058365688
	17.04726372	0.058742638
	17.06086887	0.058060071
	17.07447403	0.057557709
	17.08807919	0.05729275
	17.10168435	0.056387368
	17.11528951	0.054736164
	17.12889467	0.054634055
	17.14249983	0.054720794
	17.15610498	0.052899537
	17.16971014	0.052670989
	17.1833153	0.052147265
	17.19692046	0.051929352
	17.21052562	0.050515878
	17.22413078	0.049698867
	17.23773594	0.049680246
	17.25134109	0.049634872
	17.26494625	0.049415014
	17.27855141	0.049278781
	17.29215657	0.04839171
	17.30576173	0.047031315
	17.31936689	0.048132531
	17.33297205	0.047982501
	17.3465772	0.047285959
	17.36018236	0.047643276
	17.37378752	0.047391756
	17.38739268	0.047617857
	17.40099784	0.047823719
	17.414603	0.047293669
	17.42820816	0.046847375
	17.44181331	0.047336696
	17.45541847	0.046753239
	17.46902363	0.045022765
	17.48262879	0.043333422
	17.49623395	0.044318638
	17.50983911	0.04324701
	17.52344427	0.043951116
	17.53704942	0.043361035
	17.55065458	0.042952209
	17.56425974	0.04344782
	17.5778649	0.042931917
	17.59147006	0.042555544
	17.60507522	0.041334626
	17.61868038	0.041463769
	17.63228553	0.040931505
	17.64589069	0.042279103
	17.65949585	0.041174481
	17.67310101	0.041201109
	17.68670617	0.041674085
	17.70031133	0.040551111
	17.71391649	0.041040377
	17.72752164	0.040442228
	17.7411268	0.040989843
	17.75473196	0.041094035
	17.76833712	0.040115294
	17.78194228	0.039972653
	17.79554744	0.039738442
	17.8091526	0.039956687
	17.82275776	0.04026871
	17.83636291	0.040174731
	17.84996807	0.039819584
	17.86357323	0.040065691
	17.87717839	0.040042443
	17.89078355	0.039843638
	17.90438871	0.039479878
	17.91799387	0.039347601
	17.93159902	0.040436127
	17.94520418	0.040034093
	17.95880934	0.040230273
	17.9724145	0.040208276
	17.98601966	0.040551356
	17.99962482	0.0408725
	18.01322998	0.040511747
	18.02683513	0.040533795
	18.04044029	0.040489332
	18.05404545	0.040753983
	18.06765061	0.040009937
	18.08125577	0.040233483
	18.09486093	0.04027532
	18.10846609	0.040291201
	18.12207124	0.040102791
	18.1356764	0.039736724
	18.14928156	0.039581862
	18.16288672	0.039886694
	18.17649188	0.03919406
	18.19009704	0.039267741
	18.2037022	0.039819094
	18.21730735	0.039912961
	18.23091251	0.038834004
	18.24451767	0.0388484
	18.25812283	0.039505788
	18.27172799	0.040233449
	18.28533315	0.039192526
	18.29893831	0.03846491
	18.31254346	0.038891188
	18.32614862	0.037608733
	18.33975378	0.037909838
	18.35335894	0.03740398
	18.3669641	0.036432855
	18.38056926	0.036262972
	18.39417442	0.036456144
	18.40777957	0.035904969
	18.42138473	0.035458293
	18.43498989	0.035691168
	18.44859505	0.036867676
	18.46220021	0.035984014
	18.47580537	0.034609166
	18.48941053	0.034769162
	18.50301568	0.035196821
	18.51662084	0.034741832
	18.530226	0.034692092
	18.54383116	0.03375329
	18.55743632	0.033814706
	18.57104148	0.03340287
	18.58464664	0.032840104
	18.59825179	0.032947942
	18.61185695	0.032110757
	18.62546211	0.032024339
	18.63906727	0.0319149
	18.65267243	0.031319173
	18.66627759	0.031781552
	18.67988275	0.031213254
	18.6934879	0.031153343
	18.70709306	0.14917998
	18.72069822	0.03071358
	18.73430338	0.030311021
	18.74790854	0.030769531
	18.7615137	0.030600797
	18.77511886	0.0299056
	18.78872402	0.030287183
	18.80232917	0.029446072
	18.81593433	0.029225133
	18.82953949	0.02913804
	18.84314465	0.029517968
	18.85674981	0.029070042
	18.87035497	0.029270704
	18.88396013	0.028514489
	18.89756528	0.029301942
	18.91117044	0.028517705
	18.9247756	0.028324282
	18.93838076	0.028166112
	18.95198592	0.027117399
	18.96559108	0.027823012
	18.97919624	0.027160313
	18.99280139	0.027493724
	19.00640655	0.027235048
	19.02001171	0.02734489
	19.03361687	0.027351441
	19.04722203	0.026734081
	19.06082719	0.027007861
	19.07443235	0.026944482
	19.0880375	0.026527228
	19.10164266	0.026923243
	19.11524782	0.026737834
	19.12885298	0.026256738
	19.14245814	0.025362925
	19.1560633	0.025982825
	19.16966846	0.025860404
	19.18327361	0.026036846
	19.19687877	0.025863578
	19.21048393	0.026297053
	19.22408909	0.025325792
	19.23769425	0.025236598
	19.25129941	0.025187962
	19.26490457	0.025149132
	19.27850972	0.024751111
	19.29211488	0.025494589
	19.30572004	0.025493525
	19.3193252	0.025413682
	19.33293036	0.024725715
	19.34653552	0.025271931
	19.36014068	0.024938657
	19.37374583	0.024998974
	19.38735099	0.024943488
	19.40095615	0.025221459
	19.41456131	0.054682768
	19.42816647	0.025005881
	19.44177163	0.024259582
	19.45537679	0.024712662
	19.46898194	0.023916542
	19.4825871	0.024639236
	19.49619226	0.024518229
	19.50979742	0.024216207
	19.52340258	0.02446063
	19.53700774	0.023874746
	19.5506129	0.024215892
	19.56421805	0.024182448
	19.57782321	0.024201797
	19.59142837	0.023508938
	19.99958313	0.029778225
	24.99947891	0.007755553
	29.99937469	0.0040024936
	34.99927048	0.0022732261
	39.99916626	0.0015318934
	44.99906204	0.0010677959
	49.99895782	0.00073176672
	54.99885361	0.00051867829
	59.99874939	0.00037887621
	64.99864517	0.00027606493
	69.99854095	0.00020385064
	74.99843674	0.00015406321
	79.99833252	0.00011823599
	84.9982283	9.2373357e-05
	89.99812408	7.4527527e-05
	94.99801987	6.0487826e-05
	99.99791565	4.9777078e-05
	104.99781143	4.1508253e-05
	109.99770721	3.5012809e-05
	114.997603	2.9762508e-05
	119.99749878	2.5531525e-05
	124.99739456	2.2084468e-05
	129.99729034	1.9219478e-05
	134.99718613	1.6820957e-05
