	e_energy	sigma
	12.91785156	0.0
	12.92490066	0.35979652
	12.93850582	0.47104781
	12.95211098	0.93630147
	12.96571614	1.3529109
	12.9793213	0.91169441
	12.99292646	1.088718
	13.00653161	0.87191006
	13.02013677	1.1499057
	13.03374193	1.1728787
	13.04734709	1.0348955
	13.06095225	1.0357794
	13.07455741	1.0662594
	13.08816257	1.164728
	13.10176772	1.2478047
	13.11537288	1.2907057
	13.12897804	1.2887963
	13.1425832	1.3170858
	13.15618836	1.3153946
	13.16979352	1.3204561
	13.18339868	1.3477743
	13.19700383	1.3806125
	13.21060899	1.3995078
	13.22421415	1.4147357
	13.23781931	1.3973168
	13.25142447	1.4509797
	13.26502963	1.4683084
	13.27863479	1.4602801
	13.3058451	1.5670028
	13.31945026	1.6462892
	13.33305542	1.7207935
	13.34666058	1.754455
	13.36026574	1.9032724
	13.3738709	1.9947776
	13.38747605	1.8901552
	13.40108121	1.8407736
	13.41468637	1.8321025
	13.42829153	1.8051697
	13.44189669	1.82193
	13.45550185	1.8177691
	13.46910701	1.7575709
	13.48271216	1.9165925
	13.49631732	1.9182403
	13.50992248	1.8870356
	13.52352764	1.8619905
	13.5371328	1.9992909
	13.55073796	1.995817
	13.56434312	1.9496391
	13.57794827	1.9107901
	13.59155343	1.860839
	13.60515859	1.8714014
	13.61876375	1.8116005
	13.63236891	1.678028
	13.64597407	1.4847574
	13.65957923	1.4387645
	13.67318438	1.6020501
	13.7003947	1.9606151
	13.71399986	1.6578083
	13.75481534	1.7004739
	13.76842049	1.8413967
	13.78202565	1.8714345
	13.79563081	1.7873227
	13.80923597	1.7439361
	13.82284113	1.7247946
	13.83644629	1.7443093
	13.85005145	1.7157362
	13.8636566	1.7496418
	13.87726176	1.718774
	13.89086692	1.6718697
	13.90447208	1.7104626
	13.91807724	1.7227874
	13.9316824	1.732553
	13.94528756	1.8016485
	13.95889272	1.8483413
	13.97249787	1.8202011
	13.98610303	1.8112284
	13.99970819	1.7952207
	14.01331335	1.8655528
	14.02691851	1.9090737
	14.04052367	1.8231062
	14.05412883	1.8074818
	14.06773398	1.8263352
	14.08133914	1.8440191
	14.0949443	1.8467148
	14.10854946	1.8489599
	14.12215462	1.8241565
	14.13575978	1.7611556
	14.14936494	1.717551
	14.16297009	1.7662314
	14.17657525	1.727994
	14.19018041	1.681644
	14.20378557	1.6295001
	14.21739073	1.5958451
	14.23099589	1.5377665
	14.24460105	1.4871011
	14.2582062	1.4933532
	14.27181136	1.465825
	14.28541652	1.4726416
	14.29902168	1.4836006
	14.31262684	1.4291221
	14.326232	1.3951885
	14.33983716	1.4195267
	14.35344231	1.4669619
	14.36704747	1.5403227
	14.38065263	1.5887242
	14.39425779	1.650782
	14.40786295	1.6507714
	14.42146811	1.707243
	14.43507327	1.6897215
	14.44867842	1.6426005
	14.46228358	1.6428136
	14.47588874	1.6455171
	14.4894939	1.6591622
	14.50309906	1.6871226
	14.51670422	1.7327296
	14.53030938	1.7840358
	14.54391453	1.7471539
	14.55751969	1.7373402
	14.57112485	1.7295861
	14.58473001	1.7691225
	14.59833517	1.7984191
	14.61194033	1.7909311
	14.62554549	1.8198165
	14.63915064	1.8609692
	14.6527558	1.8587402
	14.66636096	1.8570168
	14.67996612	1.8528938
	14.69357128	1.8584181
	14.70717644	1.870657
	14.7207816	1.8737406
	14.73438675	1.8818411
	14.74799191	1.8720386
	14.76159707	1.821476
	14.77520223	1.8311225
	14.78880739	1.8206279
	14.80241255	1.8024734
	14.81601771	1.8096715
	14.82962286	1.8211658
	14.84322802	1.8024186
	14.85683318	1.8029148
	14.87043834	1.796742
	14.8840435	1.7816934
	14.89764866	1.7633915
	14.91125382	1.7497932
	14.92485898	1.7186999
	14.93846413	1.6743816
	14.95206929	1.6814602
	14.96567445	1.6785189
	14.97927961	1.7085242
	14.99288477	1.7136538
	15.00648993	1.7127379
	15.02009509	1.7278136
	15.03370024	1.7233892
	15.0473054	1.7395216
	15.06091056	1.725883
	15.07451572	1.7271809
	15.08812088	1.7221725
	15.10172604	1.700694
	15.1153312	1.6952821
	15.12893635	1.695277
	15.14254151	1.6629358
	15.15614667	1.6312094
	15.16975183	1.6290477
	15.18335699	1.6285425
	15.19696215	1.6258036
	15.21056731	1.630512
	15.22417246	1.6207552
	15.23777762	1.619269
	15.25138278	1.6353393
	15.26498794	1.6421303
	15.2785931	1.6644175
	15.29219826	1.6488184
	15.30580342	1.6629348
	15.31940857	1.7161036
	15.33301373	1.785173
	15.34661889	1.7505734
	15.36022405	1.7602811
	15.37382921	1.7805305
	15.38743437	1.7833197
	15.40103953	1.7764494
	15.41464468	1.7716954
	15.42824984	1.7647044
	15.441855	1.7562395
	15.45546016	1.7558084
	15.46906532	1.7525692
	15.48267048	1.7562916
	15.50988079	1.7431688
	15.52348595	1.7505549
	15.53709111	1.7672031
	15.55069627	1.7521711
	15.56430143	1.751927
	15.57790659	1.7512667
	15.59151175	1.7643509
	15.6051169	1.7499583
	15.61872206	1.747557
	15.63232722	1.7580749
	15.64593238	1.7362646
	15.65953754	1.7437953
	15.6731427	1.739894
	15.68674786	1.7450249
	15.70035301	1.764999
	15.71395817	1.7465297
	15.72756333	1.7477302
	15.74116849	1.7583172
	15.75477365	1.751912
	15.76837881	1.7507101
	15.78198397	1.7584958
	15.79558912	1.7675867
	15.80919428	1.7604596
	15.82279944	1.7520129
	15.8364046	1.7602422
	15.85000976	1.7647634
	15.86361492	1.7597911
	15.87722008	1.7599942
	15.89082524	1.7545321
	15.90443039	1.7476464
	15.91803555	1.7434676
	15.93164071	1.7332651
	15.94524587	1.7257709
	15.95885103	1.746599
	15.97245619	1.715158
	15.98606135	1.7327439
	15.9996665	1.7349436
	16.01327166	1.731867
	16.02687682	1.722696
	16.04048198	1.7158759
	16.05408714	1.7126229
	16.0676923	1.711122
	16.08129746	1.7017634
	16.09490261	1.6914867
	16.10850777	1.6812485
	16.12211293	1.6664221
	16.13571809	1.653059
	16.14932325	1.6502688
	16.16292841	1.6484148
	16.17653357	1.6545823
	16.19013872	1.6489153
	16.20374388	1.6551972
	16.21734904	1.6499126
	16.2309542	1.629492
	16.24455936	1.6385752
	16.25816452	1.6379449
	16.27176968	1.6493529
	16.28537483	1.6530403
	16.29897999	1.6516851
	16.31258515	1.6635945
	16.32619031	1.6599575
	16.33979547	1.6801296
	16.35340063	1.6769268
	16.36700579	1.6850673
	16.3942161	1.6905475
	16.40782126	1.6911754
	16.42142642	1.6957001
	16.43503158	1.698075
	16.44863674	1.6942014
	16.4622419	1.7036953
	16.47584705	1.7146063
	16.48945221	1.7150856
	16.50305737	1.7184406
	16.51666253	1.7408089
	16.53026769	1.7341749
	16.54387285	1.7199239
	16.55747801	1.7244165
	16.57108316	1.7472964
	16.58468832	1.7449564
	16.59829348	1.7590815
	16.61189864	1.7594633
	16.6255038	1.7783372
	16.63910896	1.7898213
	16.65271412	1.8038794
	16.67992443	1.7831976
	16.69352959	1.7690772
	16.70713475	1.7646921
	16.72073991	1.7621212
	16.73434507	1.7495061
	16.74795023	1.7286021
	16.76155538	1.7349299
	16.77516054	1.7248077
	16.7887657	1.7189535
	16.80237086	1.7170211
	16.81597602	1.7158631
	16.82958118	1.710423
	16.84318634	1.7111837
	16.8567915	1.7052935
	16.87039665	1.6985364
	16.88400181	1.7077239
	16.89760697	1.7189264
	16.91121213	1.7190542
	16.92481729	1.7150283
	16.93842245	1.7189891
	16.95202761	1.7112562
	16.96563276	1.7110066
	16.97923792	1.7115623
	16.99284308	1.712494
	17.00644824	1.7129464
	17.0200534	1.712512
	17.03365856	1.7115271
	17.04726372	1.7116013
	17.06086887	1.7128378
	17.07447403	1.7187017
	17.08807919	1.716435
	17.10168435	1.7247151
	17.11528951	1.7293896
	17.12889467	1.7195658
	17.14249983	1.7277606
	17.15610498	1.7286461
	17.16971014	1.7294164
	17.1833153	1.7148574
	17.19692046	1.7151649
	17.21052562	1.7181038
	17.22413078	1.7098555
	17.23773594	1.703759
	17.25134109	1.7041177
	17.26494625	1.7052512
	17.27855141	1.7069312
	17.29215657	1.6995993
	17.30576173	1.7057115
	17.31936689	1.70249
	17.33297205	1.7031267
	17.3465772	1.6960157
	17.36018236	1.6894382
	17.37378752	1.6826169
	17.38739268	1.6795065
	17.40099784	1.6860324
	17.414603	1.6901764
	17.42820816	1.6883666
	17.44181331	1.6878155
	17.45541847	1.6836464
	17.46902363	1.6820457
	17.48262879	1.6748322
	17.49623395	1.6693218
	17.50983911	1.6646744
	17.52344427	1.6734948
	17.53704942	1.6918714
	17.55065458	1.6879304
	17.56425974	1.6843648
	17.5778649	1.6836639
	17.59147006	1.6848931
	17.60507522	1.6814296
	17.61868038	1.6827815
	17.63228553	1.6729357
	17.64589069	1.6768043
	17.65949585	1.684278
	17.67310101	1.6820781
	17.68670617	1.6812566
	17.70031133	1.6800624
	17.71391649	1.6815321
	17.72752164	1.6823655
	17.7411268	1.6799511
	17.75473196	1.6825048
	17.76833712	1.677368
	17.78194228	1.6757129
	17.79554744	1.6782762
	17.8091526	1.6772918
	17.82275776	1.6808409
	17.83636291	1.6789644
	17.84996807	1.6841429
	17.86357323	1.6925033
	17.87717839	1.6945495
	17.89078355	1.7033851
	17.90438871	1.7033783
	17.91799387	1.7088446
	17.93159902	1.7158786
	17.94520418	1.7266323
	17.95880934	1.7322908
	17.9724145	1.7415231
	17.98601966	1.7290587
	17.99962482	1.7396665
	18.01322998	1.7507754
	18.02683513	1.7563596
	18.04044029	1.768388
	18.05404545	1.7679222
	18.06765061	1.7739375
	18.08125577	1.7794653
	18.09486093	1.778886
	18.10846609	1.7799084
	18.12207124	1.7812608
	18.1356764	1.7819546
	18.14928156	1.7773249
	18.16288672	1.7788915
	18.17649188	1.7759189
	18.19009704	1.7795425
	18.2037022	1.7743247
	18.21730735	1.7770228
	18.23091251	1.7795437
	18.24451767	1.7688989
	18.25812283	1.7673336
	18.27172799	1.7623071
	18.28533315	1.7603657
	18.29893831	1.7586405
	18.31254346	1.7517295
	18.32614862	1.7588026
	18.33975378	1.7370131
	18.35335894	1.7322701
	18.3669641	1.7301798
	18.38056926	1.7253528
	18.39417442	1.7206666
	18.40777957	1.7191355
	18.42138473	1.7183117
	18.43498989	1.7162422
	18.44859505	1.7164035
	18.46220021	1.715154
	18.47580537	1.7134431
	18.48941053	1.7243191
	18.50301568	1.7198182
	18.51662084	1.7236717
	18.530226	1.720637
	18.54383116	1.7167788
	18.55743632	1.7172171
	18.57104148	1.7186923
	18.58464664	1.7138122
	18.59825179	1.7131379
	18.61185695	1.7144053
	18.62546211	1.7122488
	18.63906727	1.7133106
	18.65267243	1.7129785
	18.66627759	1.7179959
	18.67988275	1.7197621
	18.6934879	1.7144872
	18.70709306	4.8711038
	18.72069822	1.7162361
	18.73430338	1.7101288
	18.74790854	1.7169467
	18.7615137	1.7155915
	18.77511886	1.717416
	18.78872402	1.7155543
	18.80232917	1.7173805
	18.81593433	1.716497
	18.82953949	1.7213054
	18.84314465	1.7207228
	18.85674981	1.7187055
	18.87035497	1.7187106
	18.88396013	1.719265
	18.89756528	1.7210291
	18.91117044	1.7210587
	18.9247756	1.7182754
	18.93838076	1.7186881
	18.95198592	1.7189275
	18.96559108	1.7185464
	18.97919624	1.7146222
	18.99280139	1.7058431
	19.00640655	1.7077452
	19.02001171	1.7051949
	19.03361687	1.7392145
	19.04722203	1.7060841
	19.06082719	1.7089503
	19.07443235	1.7137185
	19.0880375	1.7087752
	19.10164266	1.7076996
	19.11524782	1.7093662
	19.12885298	1.707928
	19.14245814	1.7088082
	19.1560633	1.7096431
	19.16966846	1.7082586
	19.18327361	1.7083723
	19.19687877	1.7059959
	19.21048393	1.7034419
	19.22408909	1.7051869
	19.23769425	1.7041675
	19.25129941	1.7041291
	19.26490457	1.7032801
	19.27850972	1.704459
	19.29211488	1.7029756
	19.30572004	1.7062893
	19.3193252	1.7038468
	19.33293036	1.6968811
	19.34653552	1.6987457
	19.36014068	1.7030587
	19.37374583	1.7018655
	19.38735099	1.7052606
	19.40095615	1.7034606
	19.41456131	1.6948882
	19.42816647	1.7047569
	19.44177163	1.7017682
	19.45537679	1.7041686
	19.46898194	1.7061797
	19.4825871	1.7008772
	19.49619226	1.7080458
	19.50979742	1.7197202
	19.52340258	1.6994393
	19.53700774	1.7062747
	19.5506129	1.7047336
	19.56421805	1.7087059
	19.57782321	1.712415
	19.59142837	1.7110377
	19.99958313	1.7529197
	24.99947891	1.5942661
	29.99937469	1.4186107
	34.99927048	1.2487966
	39.99916626	1.0945001
	44.99906204	0.98414279
	49.99895782	0.89811058
	54.99885361	0.8259801
	59.99874939	0.76627524
	64.99864517	0.71492257
	69.99854095	0.67016818
	74.99843674	0.63070716
	79.99833252	0.59489779
	84.9982283	0.56148922
	89.99812408	0.5307924
	94.99801987	0.50288558
	99.99791565	0.47664859
	104.99781143	0.45247152
	109.99770721	0.43058611
	114.997603	0.41022742
	119.99749878	0.39178398
	124.99739456	0.37491063
	129.99729034	0.35936302
	134.99718613	0.34524452
