	e_energy	sigma
	12.96301252	0.0
	12.96571614	0.76030612
	12.9793213	4.7050357
	12.99292646	5.7339224
	13.00653161	7.0723652
	13.02013677	8.5773639
	13.03374193	10.350928
	13.04734709	11.546662
	13.06095225	12.756038
	13.07455741	11.047274
	13.08816257	10.152346
	13.10176772	9.431929
	13.11537288	8.9565496
	13.12897804	9.2006391
	13.1425832	9.3614388
	13.15618836	9.6060763
	13.16979352	9.6375434
	13.18339868	9.8169236
	13.19700383	9.7071543
	13.21060899	9.9980708
	13.22421415	10.296971
	13.23781931	10.385946
	13.25142447	10.313371
	13.26502963	10.444257
	13.27863479	9.9498257
	13.3058451	9.910213
	13.31945026	9.8474353
	13.33305542	9.8159006
	13.34666058	9.909708
	13.36026574	10.159129
	13.3738709	10.277001
	13.38747605	9.8830516
	13.40108121	10.202433
	13.41468637	10.688132
	13.42829153	10.837061
	13.44189669	11.49619
	13.45550185	11.958602
	13.46910701	12.158278
	13.48271216	12.107269
	13.49631732	12.043889
	13.50992248	11.761176
	13.52352764	11.720097
	13.5371328	11.731976
	13.55073796	11.718793
	13.56434312	11.777545
	13.57794827	11.794604
	13.59155343	11.866383
	13.60515859	11.447177
	13.61876375	11.9696
	13.63236891	12.279313
	13.64597407	11.889602
	13.65957923	11.052752
	13.67318438	9.9906401
	13.7003947	10.131408
	13.71399986	9.3235442
	13.75481534	8.2630891
	13.76842049	8.6498411
	13.78202565	8.756812
	13.79563081	9.0519928
	13.80923597	9.1871325
	13.82284113	9.2581526
	13.83644629	9.2372414
	13.85005145	9.2868172
	13.8636566	9.5293594
	13.87726176	10.019361
	13.89086692	10.34945
	13.90447208	10.261195
	13.91807724	10.346069
	13.9316824	10.755857
	13.94528756	10.761357
	13.95889272	10.825163
	13.97249787	10.768644
	13.98610303	10.840783
	13.99970819	10.793887
	14.01331335	10.720191
	14.02691851	10.824278
	14.04052367	10.910025
	14.05412883	10.882895
	14.06773398	10.783141
	14.08133914	10.639097
	14.0949443	10.726638
	14.10854946	11.027905
	14.12215462	11.218366
	14.13575978	11.193935
	14.14936494	11.246943
	14.16297009	11.366576
	14.17657525	11.474069
	14.19018041	11.538932
	14.20378557	11.528235
	14.21739073	11.445926
	14.23099589	11.41051
	14.24460105	11.299256
	14.2582062	11.195298
	14.27181136	11.009613
	14.28541652	10.813948
	14.29902168	10.699085
	14.31262684	10.484473
	14.326232	9.9761086
	14.33983716	9.6907593
	14.35344231	9.9481091
	14.36704747	9.7763904
	14.38065263	9.5790408
	14.39425779	9.4580396
	14.40786295	9.4045887
	14.42146811	9.3819139
	14.43507327	9.5018085
	14.44867842	9.8872544
	14.46228358	10.213504
	14.47588874	10.323189
	14.4894939	10.506189
	14.50309906	10.627194
	14.51670422	10.838734
	14.53030938	10.962911
	14.54391453	11.049437
	14.55751969	11.132599
	14.57112485	11.317755
	14.58473001	11.417989
	14.59833517	11.507506
	14.61194033	11.537655
	14.62554549	11.542259
	14.63915064	11.521584
	14.6527558	11.479222
	14.66636096	11.515077
	14.67996612	11.40569
	14.69357128	11.40747
	14.70717644	11.327547
	14.7207816	11.305394
	14.73438675	11.349443
	14.74799191	11.292482
	14.76159707	11.269252
	14.77520223	11.250446
	14.78880739	11.337983
	14.80241255	11.271795
	14.81601771	11.295654
	14.82962286	11.248927
	14.84322802	11.27266
	14.85683318	11.326348
	14.87043834	11.287255
	14.8840435	11.211441
	14.89764866	11.292819
	14.91125382	11.373609
	14.92485898	11.355109
	14.93846413	11.383515
	14.95206929	11.376026
	14.96567445	11.300544
	14.97927961	11.335678
	14.99288477	11.353072
	15.00648993	11.304263
	15.02009509	11.244013
	15.03370024	11.334016
	15.0473054	11.320491
	15.06091056	11.306774
	15.07451572	11.318639
	15.08812088	11.255966
	15.10172604	11.249481
	15.1153312	11.170703
	15.12893635	11.093939
	15.14254151	11.066832
	15.15614667	10.99678
	15.16975183	10.99128
	15.18335699	11.009701
	15.19696215	10.95675
	15.21056731	10.954944
	15.22417246	10.918617
	15.23777762	10.887112
	15.25138278	10.923731
	15.26498794	10.930368
	15.2785931	10.932371
	15.29219826	10.930703
	15.30580342	10.944577
	15.31940857	11.076664
	15.33301373	11.00669
	15.34661889	11.06688
	15.36022405	11.099227
	15.37382921	11.178663
	15.38743437	11.29647
	15.40103953	11.399418
	15.41464468	11.523896
	15.42824984	11.562471
	15.441855	11.582791
	15.45546016	11.635482
	15.46906532	11.606977
	15.48267048	11.588819
	15.50988079	11.506745
	15.52348595	11.445336
	15.53709111	11.386487
	15.55069627	11.440025
	15.56430143	11.418264
	15.57790659	11.385868
	15.59151175	11.408299
	15.6051169	11.401403
	15.61872206	11.355487
	15.63232722	11.323185
	15.64593238	11.333031
	15.65953754	11.419449
	15.6731427	11.402978
	15.68674786	11.379156
	15.70035301	11.343888
	15.71395817	11.39477
	15.72756333	11.383639
	15.74116849	11.339074
	15.75477365	11.323744
	15.76837881	11.33888
	15.78198397	11.370248
	15.79558912	11.291371
	15.80919428	11.302153
	15.82279944	11.306075
	15.8364046	11.305394
	15.85000976	11.295007
	15.86361492	11.280728
	15.87722008	11.255346
	15.89082524	11.274705
	15.90443039	11.272815
	15.91803555	11.278719
	15.93164071	11.276202
	15.94524587	11.244817
	15.95885103	11.269655
	15.97245619	11.225654
	15.98606135	11.224316
	15.9996665	11.222152
	16.01327166	11.205132
	16.02687682	11.232155
	16.04048198	11.26381
	16.05408714	11.25847
	16.0676923	11.248643
	16.08129746	11.232854
	16.09490261	11.241125
	16.10850777	11.252252
	16.12211293	11.2452
	16.13571809	11.254509
	16.14932325	11.253182
	16.16292841	11.258911
	16.17653357	11.242651
	16.19013872	11.226795
	16.20374388	11.21677
	16.21734904	11.223161
	16.2309542	11.201236
	16.24455936	11.180575
	16.25816452	11.19806
	16.27176968	11.207699
	16.28537483	11.16431
	16.29897999	11.144712
	16.31258515	11.154181
	16.32619031	11.092444
	16.33979547	11.052453
	16.35340063	11.065499
	16.36700579	11.071202
	16.3942161	11.040338
	16.40782126	11.049485
	16.42142642	11.021852
	16.43503158	10.996693
	16.44863674	10.967509
	16.4622419	10.976674
	16.47584705	10.982613
	16.48945221	11.014139
	16.50305737	11.012037
	16.51666253	11.033382
	16.53026769	11.036147
	16.54387285	11.069576
	16.55747801	11.041358
	16.57108316	11.05961
	16.58468832	11.064955
	16.59829348	11.065141
	16.61189864	11.078424
	16.6255038	11.04577
	16.63910896	11.048101
	16.65271412	11.062685
	16.67992443	11.101701
	16.69352959	11.119708
	16.70713475	11.131647
	16.72073991	11.151856
	16.73434507	11.144231
	16.74795023	11.101853
	16.76155538	11.099245
	16.77516054	11.064252
	16.7887657	11.081829
	16.80237086	11.065826
	16.81597602	11.06998
	16.82958118	11.04778
	16.84318634	11.021037
	16.8567915	11.021319
	16.87039665	11.018927
	16.88400181	11.0078
	16.89760697	11.00836
	16.91121213	10.977993
	16.92481729	11.016763
	16.93842245	10.992653
	16.95202761	10.985452
	16.96563276	10.964865
	16.97923792	11.003103
	16.99284308	11.003861
	17.00644824	10.993125
	17.0200534	10.976208
	17.03365856	10.982315
	17.04726372	10.957677
	17.06086887	10.962024
	17.07447403	10.959811
	17.08807919	10.967184
	17.10168435	10.964646
	17.11528951	10.982147
	17.12889467	10.97033
	17.14249983	10.971331
	17.15610498	10.969229
	17.16971014	10.970952
	17.1833153	10.971989
	17.19692046	10.962488
	17.21052562	10.938358
	17.22413078	10.927229
	17.23773594	10.898625
	17.25134109	10.908968
	17.26494625	10.938101
	17.27855141	10.928435
	17.29215657	10.9121
	17.30576173	10.913274
	17.31936689	10.917471
	17.33297205	10.905335
	17.3465772	10.91474
	17.36018236	10.902249
	17.37378752	10.904673
	17.38739268	10.897617
	17.40099784	10.891965
	17.414603	10.900614
	17.42820816	10.895094
	17.44181331	10.894361
	17.45541847	10.907845
	17.46902363	10.908779
	17.48262879	10.892564
	17.49623395	10.899809
	17.50983911	10.891826
	17.52344427	10.893554
	17.53704942	10.888432
	17.55065458	10.871167
	17.56425974	10.849538
	17.5778649	10.837228
	17.59147006	10.831216
	17.60507522	10.830786
	17.61868038	10.841946
	17.63228553	10.826534
	17.64589069	10.828643
	17.65949585	10.828122
	17.67310101	10.795937
	17.68670617	10.796727
	17.70031133	10.771056
	17.71391649	10.792916
	17.72752164	10.800735
	17.7411268	10.780983
	17.75473196	10.737033
	17.76833712	10.736058
	17.78194228	10.738065
	17.79554744	10.7393
	17.8091526	10.756421
	17.82275776	10.755845
	17.83636291	10.754331
	17.84996807	10.738652
	17.86357323	10.71187
	17.87717839	10.685698
	17.89078355	10.685902
	17.90438871	10.686926
	17.91799387	10.675866
	17.93159902	10.677098
	17.94520418	10.682262
	17.95880934	10.679328
	17.9724145	10.67568
	17.98601966	10.697238
	17.99962482	10.697826
	18.01322998	10.710004
	18.02683513	10.695259
	18.04044029	10.688298
	18.05404545	10.688297
	18.06765061	10.67385
	18.08125577	10.670627
	18.09486093	10.667712
	18.10846609	10.664217
	18.12207124	10.669562
	18.1356764	10.657111
	18.14928156	10.650127
	18.16288672	10.648371
	18.17649188	10.633538
	18.19009704	10.616032
	18.2037022	10.605109
	18.21730735	10.604795
	18.23091251	10.594276
	18.24451767	10.568372
	18.25812283	10.565771
	18.27172799	10.562046
	18.28533315	10.561212
	18.29893831	10.560534
	18.31254346	10.546979
	18.32614862	10.56039
	18.33975378	10.547363
	18.35335894	10.537576
	18.3669641	10.524323
	18.38056926	10.517737
	18.39417442	10.504691
	18.40777957	10.50311
	18.42138473	10.509126
	18.43498989	10.500211
	18.44859505	10.490892
	18.46220021	10.49472
	18.47580537	10.487138
	18.48941053	10.482398
	18.50301568	10.480306
	18.51662084	10.481056
	18.530226	10.478898
	18.54383116	10.470811
	18.55743632	10.484067
	18.57104148	10.460787
	18.58464664	10.451835
	18.59825179	10.435542
	18.61185695	10.426906
	18.62546211	10.405781
	18.63906727	10.419546
	18.65267243	10.399026
	18.66627759	10.395129
	18.67988275	10.394267
	18.6934879	10.388304
	18.70709306	13.756646
	18.72069822	10.354943
	18.73430338	10.367061
	18.74790854	10.359229
	18.7615137	10.350119
	18.77511886	10.332315
	18.78872402	10.324926
	18.80232917	10.319272
	18.81593433	10.318582
	18.82953949	10.321898
	18.84314465	10.311068
	18.85674981	10.291335
	18.87035497	10.285966
	18.88396013	10.273234
	18.89756528	10.26308
	18.91117044	10.271801
	18.9247756	10.267673
	18.93838076	10.253043
	18.95198592	10.244016
	18.96559108	10.277209
	18.97919624	10.230328
	18.99280139	10.215193
	19.00640655	10.207961
	19.02001171	10.205318
	19.03361687	13.440899
	19.04722203	10.183076
	19.06082719	10.178169
	19.07443235	10.181167
	19.0880375	10.166065
	19.10164266	10.143766
	19.11524782	10.145312
	19.12885298	10.145712
	19.14245814	10.139462
	19.1560633	10.132578
	19.16966846	10.127465
	19.18327361	10.119368
	19.19687877	10.111759
	19.21048393	10.100003
	19.22408909	10.100332
	19.23769425	10.091757
	19.25129941	10.083528
	19.26490457	10.07654
	19.27850972	10.059796
	19.29211488	10.056217
	19.30572004	10.05186
	19.3193252	10.046944
	19.33293036	10.04502
	19.34653552	10.028948
	19.36014068	10.022473
	19.37374583	10.006668
	19.38735099	10.001129
	19.40095615	9.988504
	19.41456131	11.886662
	19.42816647	9.9660053
	19.44177163	9.9761521
	19.45537679	9.9664716
	19.46898194	9.9581533
	19.4825871	9.9470069
	19.49619226	9.9369413
	19.50979742	9.9124454
	19.52340258	9.9124682
	19.53700774	9.9154662
	19.5506129	9.9105397
	19.56421805	9.9046386
	19.57782321	9.8937554
	19.59142837	9.8762512
	19.99958313	9.9567825
	24.99947891	7.1824805
	29.99937469	5.4571382
	34.99927048	4.2923556
	39.99916626	3.4859268
	44.99906204	2.8844178
	49.99895782	2.4219299
	54.99885361	2.0638126
	59.99874939	1.7801674
	64.99864517	1.5513654
	69.99854095	1.3638023
	74.99843674	1.2078383
	79.99833252	1.0766171
	84.9982283	0.96505119
	89.99812408	0.86940935
	94.99801987	0.78669994
	99.99791565	0.71470881
	104.99781143	0.65164204
	109.99770721	0.59609406
	114.997603	0.54690701
	119.99749878	0.50316632
	124.99739456	0.46410246
	129.99729034	0.42908071
	134.99718613	0.3975743
