	12.96301252	0.0
	12.96571614	0.017500406
	12.9793213	0.045888439
	12.99292646	0.055962089
	13.00653161	0.057525718
	13.02013677	0.063337761
	13.03374193	0.069492942
	13.04734709	0.069815296
	13.06095225	0.07819122
	13.07455741	0.077592982
	13.08816257	0.072257929
	13.10176772	0.068701777
	13.11537288	0.071756925
	13.12897804	0.07315894
	13.1425832	0.074392395
	13.15618836	0.082559649
	13.16979352	0.082618939
	13.18339868	0.083502971
	13.19700383	0.087757057
	13.21060899	0.087552723
	13.22421415	0.084422447
	13.23781931	0.084649971
	13.25142447	0.087263199
	13.26502963	0.088380064
	13.27863479	0.095821455
	13.3058451	0.10140723
	13.31945026	0.10177676
	13.33305542	0.10118015
	13.34666058	0.10592036
	13.36026574	0.10801092
	13.3738709	0.11405744
	13.38747605	0.11649522
	13.40108121	0.11254793
	13.41468637	0.11428848
	13.42829153	0.10846654
	13.44189669	0.10767478
	13.45550185	0.10675846
	13.46910701	0.10753046
	13.48271216	0.1138731
	13.49631732	0.11481489
	13.50992248	0.12070215
	13.52352764	0.12745095
	13.5371328	0.12352499
	13.55073796	0.12585307
	13.56434312	0.1251097
	13.57794827	0.12629092
	13.59155343	0.12555136
	13.60515859	0.12473899
	13.61876375	0.11297362
	13.63236891	0.092112503
	13.64597407	0.087825588
	13.65957923	0.088061081
	13.67318438	0.10867939
	13.7003947	0.12327768
	13.71399986	0.11294952
	13.75481534	0.068141629
	13.76842049	0.077043211
	13.78202565	0.083846225
	13.79563081	0.0765167
	13.80923597	0.076549948
	13.82284113	0.079622124
	13.83644629	0.082665596
	13.85005145	0.083919121
	13.8636566	0.082701651
	13.87726176	0.081984493
	13.89086692	0.081326201
	13.90447208	0.084147673
	13.91807724	0.08313754
	13.9316824	0.083510195
	13.94528756	0.085370039
	13.95889272	0.087386389
	13.97249787	0.086767994
	13.98610303	0.08429148
	13.99970819	0.087426811
	14.01331335	0.083141436
	14.02691851	0.084016394
	14.04052367	0.081481745
	14.05412883	0.084488048
	14.06773398	0.082856135
	14.08133914	0.081338106
	14.0949443	0.081853854
	14.10854946	0.07901233
	14.12215462	0.07382597
	14.13575978	0.076102593
	14.14936494	0.079284022
	14.16297009	0.080373893
	14.17657525	0.072706496
	14.19018041	0.072244142
	14.20378557	0.068685925
	14.21739073	0.069994651
	14.23099589	0.070419799
	14.24460105	0.068352011
	14.2582062	0.066819585
	14.27181136	0.063172375
	14.28541652	0.063862603
	14.29902168	0.059808972
	14.31262684	0.056840744
	14.326232	0.056268437
	14.33983716	0.05525092
	14.35344231	0.060294556
	14.36704747	0.059829223
	14.38065263	0.062823724
	14.39425779	0.065151949
	14.40786295	0.065277276
	14.42146811	0.063980636
	14.43507327	0.064448712
	14.44867842	0.065715969
	14.46228358	0.065655692
	14.47588874	0.06395621
	14.4894939	0.063292125
	14.50309906	0.062173662
	14.51670422	0.064543943
	14.53030938	0.058145538
	14.54391453	0.059487819
	14.55751969	0.060076231
	14.57112485	0.058784468
	14.58473001	0.061133442
	14.59833517	0.058813059
	14.61194033	0.058264135
	14.62554549	0.057604641
	14.63915064	0.059607373
	14.6527558	0.059934863
	14.66636096	0.059020423
	14.67996612	0.058636449
	14.69357128	0.060351064
	14.70717644	0.059588727
	14.7207816	0.059515951
	14.73438675	0.059621477
	14.74799191	0.059332553
	14.76159707	0.059322064
	14.77520223	0.058474465
	14.78880739	0.056908487
	14.80241255	0.058287718
	14.81601771	0.05762051
	14.82962286	0.057653154
	14.84322802	0.056468103
	14.85683318	0.053418051
	14.87043834	0.054875731
	14.8840435	0.052603001
	14.89764866	0.051836882
	14.91125382	0.050325103
	14.92485898	0.04821105
	14.93846413	0.048896422
	14.95206929	0.04963281
	14.96567445	0.049706123
	14.97927961	0.048171715
	14.99288477	0.048790852
	15.00648993	0.048156879
	15.02009509	0.047740587
	15.03370024	0.046100979
	15.0473054	0.046081864
	15.06091056	0.046563548
	15.07451572	0.046285336
	15.08812088	0.045479029
	15.10172604	0.044536455
	15.1153312	0.04392442
	15.12893635	0.043394968
	15.14254151	0.044591791
	15.15614667	0.043548638
	15.16975183	0.042506588
	15.18335699	0.042900735
	15.19696215	0.041008862
	15.21056731	0.041212008
	15.22417246	0.04025278
	15.23777762	0.038948132
	15.25138278	0.038342254
	15.26498794	0.039340627
	15.2785931	0.039212738
	15.29219826	0.039775355
	15.30580342	0.040495977
	15.31940857	0.041553584
	15.33301373	0.041910253
	15.34661889	0.041758178
	15.36022405	0.042083172
	15.37382921	0.043103366
	15.38743437	0.044028893
	15.40103953	0.042721728
	15.41464468	0.041164407
	15.42824984	0.041214046
	15.441855	0.04098816
	15.45546016	0.040808403
	15.46906532	0.040179942
	15.48267048	0.040727521
	15.50988079	0.039354952
	15.52348595	0.03978472
	15.53709111	0.038601592
	15.55069627	0.040201592
	15.56430143	0.038656067
	15.57790659	0.039423773
	15.59151175	0.038923627
	15.6051169	0.039242958
	15.61872206	0.038377841
	15.63232722	0.037645128
	15.64593238	0.037863632
	15.65953754	0.037600704
	15.6731427	0.037794385
	15.68674786	0.03748451
	15.70035301	0.036687744
	15.71395817	0.03692053
	15.72756333	0.037071562
	15.74116849	0.036731084
	15.75477365	0.036930798
	15.76837881	0.037432478
	15.78198397	0.03694302
	15.79558912	0.035835716
	15.80919428	0.035029235
	15.82279944	0.036009452
	15.8364046	0.03547867
	15.85000976	0.035927404
	15.86361492	0.034433967
	15.87722008	0.035050483
	15.89082524	0.034787997
	15.90443039	0.03436552
	15.91803555	0.034041216
	15.93164071	0.035494863
	15.94524587	0.034952475
	15.95885103	0.03405338
	15.97245619	0.034503754
	15.98606135	0.033564181
	15.9996665	0.033198424
	16.01327166	0.033392529
	16.02687682	0.033510145
	16.04048198	0.032895667
	16.05408714	0.033961062
	16.0676923	0.033716272
	16.08129746	0.034252311
	16.09490261	0.033544211
	16.10850777	0.03179353
	16.12211293	0.031959641
	16.13571809	0.032097731
	16.14932325	0.031681512
	16.16292841	0.031192916
	16.17653357	0.032156748
	16.19013872	0.032738659
	16.20374388	0.032725495
	16.21734904	0.033330177
	16.2309542	0.034249318
	16.24455936	0.035121005
	16.25816452	0.036409633
	16.27176968	0.037484061
	16.28537483	0.038837682
	16.29897999	0.039310175
	16.31258515	0.041368808
	16.32619031	0.042576895
	16.33979547	0.042969109
	16.35340063	0.042985576
	16.36700579	0.042516258
	16.3942161	0.039703558
	16.40782126	0.036960774
	16.42142642	0.035835137
	16.43503158	0.03371964
	16.44863674	0.031591769
	16.4622419	0.029323424
	16.47584705	0.027203324
	16.48945221	0.0261797
	16.50305737	0.025869774
	16.51666253	0.025185065
	16.53026769	0.024503813
	16.54387285	0.024285749
	16.55747801	0.024599575
	16.57108316	0.023450322
	16.58468832	0.023244745
	16.59829348	0.022851882
	16.61189864	0.021959738
	16.6255038	0.021699056
	16.63910896	0.021870823
	16.65271412	0.021076683
	16.67992443	0.021811125
	16.69352959	0.020800639
	16.70713475	0.021732721
	16.72073991	0.020885175
	16.73434507	0.021221612
	16.74795023	0.021396848
	16.76155538	0.021595375
	16.77516054	0.022189339
	16.7887657	0.021738834
	16.80237086	0.023861477
	16.81597602	0.026859617
	16.82958118	0.022002806
	16.84318634	0.02232351
	16.8567915	0.023294615
	16.87039665	0.021697297
	16.88400181	0.021639353
	16.89760697	0.020849302
	16.91121213	0.01997462
	16.92481729	0.020073704
	16.93842245	0.020009188
	16.95202761	0.020656286
	16.96563276	0.020209087
	16.97923792	0.019945209
	16.99284308	0.01880681
	17.00644824	0.019615954
	17.0200534	0.019297931
	17.03365856	0.018958535
	17.04726372	0.019288593
	17.06086887	0.019316472
	17.07447403	0.01909374
	17.08807919	0.018567809
	17.10168435	0.018836612
	17.11528951	0.01857472
	17.12889467	0.018194943
	17.14249983	0.01819643
	17.15610498	0.018411363
	17.16971014	0.017816498
	17.1833153	0.017587143
	17.19692046	0.017689766
	17.21052562	0.017072176
	17.22413078	0.016913465
	17.23773594	0.016464692
	17.25134109	0.017124888
	17.26494625	0.017131367
	17.27855141	0.016990673
	17.29215657	0.016634093
	17.30576173	0.016619995
	17.31936689	0.016711985
	17.33297205	0.017081376
	17.3465772	0.017379129
	17.36018236	0.019374339
	17.37378752	0.022793956
	17.38739268	0.025810782
	17.40099784	0.020418174
	17.414603	0.018422502
	17.42820816	0.017045008
	17.44181331	0.016970108
	17.45541847	0.016828547
	17.46902363	0.016273745
	17.48262879	0.015883693
	17.49623395	0.016301166
	17.50983911	0.016708667
	17.52344427	0.018189464
	17.53704942	0.016517337
	17.55065458	0.016343253
	17.56425974	0.01641273
	17.5778649	0.016053233
	17.59147006	0.016291898
	17.60507522	0.016305974
	17.61868038	0.016200344
	17.63228553	0.016403536
	17.64589069	0.016521993
	17.65949585	0.016253
	17.67310101	0.015987355
	17.68670617	0.016098531
	17.70031133	0.015589749
	17.71391649	0.015493004
	17.72752164	0.015154357
	17.7411268	0.015046188
	17.75473196	0.014969526
	17.76833712	0.014888711
	17.78194228	0.014486257
	17.79554744	0.014543685
	17.8091526	0.014481269
	17.82275776	0.01441555
	17.83636291	0.014273353
	17.84996807	0.014302673
	17.86357323	0.014300991
	17.87717839	0.014213302
	17.89078355	0.014308355
	17.90438871	0.014034387
	17.91799387	0.014164918
	17.93159902	0.014212591
	17.94520418	0.014219685
	17.95880934	0.01426015
	17.9724145	0.014288973
	17.98601966	0.014300933
	17.99962482	0.014179341
	18.01322998	0.014282052
	18.02683513	0.014168316
	18.04044029	0.013890011
	18.05404545	0.014017724
	18.06765061	0.013960704
	18.08125577	0.01399724
	18.09486093	0.013901989
	18.10846609	0.013938212
	18.12207124	0.013834783
	18.1356764	0.013808892
	18.14928156	0.013705075
	18.16288672	0.013686832
	18.17649188	0.013499169
	18.19009704	0.013580552
	18.2037022	0.013515127
	18.21730735	0.013590363
	18.23091251	0.01289718
	18.24451767	0.012819789
	18.25812283	0.012711355
	18.27172799	0.01229058
	18.28533315	0.0121394
	18.29893831	0.012018284
	18.31254346	0.012406674
	18.32614862	0.012578433
	18.33975378	0.013033021
	18.35335894	0.013238013
	18.3669641	0.01329072
	18.38056926	0.013068123
	18.39417442	0.013218684
	18.40777957	0.012980258
	18.42138473	0.012697685
	18.43498989	0.012708234
	18.44859505	0.012819905
	18.46220021	0.012659773
	18.47580537	0.012329899
	18.48941053	0.012183173
	18.50301568	0.012131113
	18.51662084	0.012021397
	18.530226	0.011905704
	18.54383116	0.011655158
	18.55743632	0.011581005
	18.57104148	0.011236037
	18.58464664	0.010990104
	18.59825179	0.011172726
	18.61185695	0.01095051
	18.62546211	0.010850334
	18.63906727	0.01062386
	18.65267243	0.010677253
	18.66627759	0.010620606
	18.67988275	0.010432418
	18.6934879	0.010425057
	18.70709306	0.052761667
	18.72069822	0.010243539
	18.73430338	0.010008634
	18.74790854	0.010077357
	18.7615137	0.0098271141
	18.77511886	0.0095466965
	18.78872402	0.0098187365
	18.80232917	0.009739483
	18.81593433	0.0095397052
	18.82953949	0.0097382607
	18.84314465	0.0097567065
	18.85674981	0.0096859524
	18.87035497	0.009637564
	18.88396013	0.0096402832
	18.89756528	0.0099178332
	18.91117044	0.0097501523
	18.9247756	0.0098320537
	18.93838076	0.0095267261
	18.95198592	0.0094517034
	18.96559108	0.009577896
	18.97919624	0.0094021598
	18.99280139	0.009687671
	19.00640655	0.0095516202
	19.02001171	0.0094205237
	19.03361687	0.0092941259
	19.04722203	0.0093256653
	19.06082719	0.0090872131
	19.07443235	0.0093771601
	19.0880375	0.009201352
	19.10164266	0.009198248
	19.11524782	0.0092484255
	19.12885298	0.0090443292
	19.14245814	0.0087641004
	19.1560633	0.008677702
	19.16966846	0.0088663165
	19.18327361	0.0089823081
	19.19687877	0.0089218843
	19.21048393	0.0092779471
	19.22408909	0.0090305081
	19.23769425	0.0087610117
	19.25129941	0.0088569209
	19.26490457	0.0088990186
	19.27850972	0.0086817729
	19.29211488	0.0086443494
	19.30572004	0.0086700286
	19.3193252	0.0087630861
	19.33293036	0.0085789639
	19.34653552	0.008605623
	19.36014068	0.0086187665
	19.37374583	0.0085319695
	19.38735099	0.0085149824
	19.40095615	0.008340302
	19.41456131	0.0218215
	19.42816647	0.0085098606
	19.44177163	0.0082791498
	19.45537679	0.0083593069
	19.46898194	0.0083617207
	19.4825871	0.0085116698
	19.49619226	0.0083945203
	19.50979742	0.0082776358
	19.52340258	0.0084306722
	19.53700774	0.0082384995
	19.5506129	0.0082283068
	19.56421805	0.0082638999
	19.57782321	0.0082941369
	19.59142837	0.0082455876
	19.99958313	0.01293891
	24.99947891	0.0028241214
	29.99937469	0.0014520943
	34.99927048	0.00088336068
	39.99916626	0.0006112821
	44.99906204	0.00041582031
	49.99895782	0.00027967937
	54.99885361	0.0002057833
	59.99874939	0.00015017917
	64.99864517	0.00011781761
	69.99854095	9.4184551e-05
	74.99843674	7.6556602e-05
	79.99833252	6.3773624e-05
	84.9982283	5.4074437e-05
	89.99812408	4.6011619e-05
	94.99801987	3.9684739e-05
	99.99791565	3.4505153e-05
	104.99781143	3.0137227e-05
	109.99770721	2.6524566e-05
	114.997603	2.3455662e-05
	119.99749878	2.0813638e-05
	124.99739456	1.8564917e-05
	129.99729034	1.6625249e-05
	134.99718613	1.4940019e-05
