	e_energy	sigma
	13.31994413	0.0
	13.33305542	0.0085794061
	13.34666058	0.015795393
	13.36026574	0.026382271
	13.3738709	0.03731004
	13.38747605	0.049546721
	13.40108121	0.062248351
	13.41468637	0.067564192
	13.42829153	0.076557511
	13.44189669	0.083349553
	13.45550185	0.085011868
	13.46910701	0.094111773
	13.48271216	0.10160413
	13.49631732	0.10607923
	13.50992248	0.091659875
	13.52352764	0.096740883
	13.5371328	0.10352703
	13.55073796	0.10865684
	13.56434312	0.1112979
	13.57794827	0.11016532
	13.59155343	0.11488285
	13.60515859	0.12350035
	13.61876375	0.11964032
	13.63236891	0.12516082
	13.64597407	0.11754686
	13.65957923	0.098574115
	13.67318438	0.074618291
	13.7003947	0.12743469
	13.71399986	0.1153353
	13.75481534	0.068444601
	13.76842049	0.063584483
	13.78202565	0.065390785
	13.79563081	0.062034035
	13.80923597	0.063511841
	13.82284113	0.065364289
	13.83644629	0.066105339
	13.85005145	0.068875576
	13.8636566	0.065817912
	13.87726176	0.06667965
	13.89086692	0.070551885
	13.90447208	0.064373127
	13.91807724	0.061571314
	13.9316824	0.082568304
	13.94528756	0.081788156
	13.95889272	0.091194425
	13.97249787	0.089328225
	13.98610303	0.10277365
	13.99970819	0.096675182
	14.01331335	0.09889244
	14.02691851	0.10296086
	14.04052367	0.10297827
	14.05412883	0.11085004
	14.06773398	0.11959566
	14.08133914	0.12050243
	14.0949443	0.13105936
	14.10854946	0.12426015
	14.12215462	0.1242736
	14.13575978	0.12712432
	14.14936494	0.12875982
	14.16297009	0.12831882
	14.17657525	0.12823053
	14.19018041	0.1291709
	14.20378557	0.12577941
	14.21739073	0.11473213
	14.23099589	0.10857509
	14.24460105	0.1102393
	14.2582062	0.10752003
	14.27181136	0.10287023
	14.28541652	0.10078849
	14.29902168	0.10675378
	14.31262684	0.10448701
	14.326232	0.10247762
	14.33983716	0.096485849
	14.35344231	0.10482546
	14.36704747	0.10670134
	14.38065263	0.1103661
	14.39425779	0.10652835
	14.40786295	0.10729321
	14.42146811	0.10850997
	14.43507327	0.1118923
	14.44867842	0.11356611
	14.46228358	0.11545718
	14.47588874	0.11344221
	14.4894939	0.11549524
	14.50309906	0.11509049
	14.51670422	0.11291543
	14.53030938	0.11259051
	14.54391453	0.10790249
	14.55751969	0.11776522
	14.57112485	0.11627368
	14.58473001	0.11513795
	14.59833517	0.11937801
	14.61194033	0.1195996
	14.62554549	0.1189322
	14.63915064	0.11940256
	14.6527558	0.11943564
	14.66636096	0.11866786
	14.67996612	0.12299276
	14.69357128	0.12150329
	14.70717644	0.12356273
	14.7207816	0.12710536
	14.73438675	0.12818719
	14.74799191	0.13135742
	14.76159707	0.13277807
	14.77520223	0.13084462
	14.78880739	0.13273258
	14.80241255	0.13228948
	14.81601771	0.13333944
	14.82962286	0.13511618
	14.84322802	0.13540865
	14.85683318	0.13704726
	14.87043834	0.13778965
	14.8840435	0.13885212
	14.89764866	0.13528257
	14.91125382	0.12983073
	14.92485898	0.12881569
	14.93846413	0.14038116
	14.95206929	0.14306274
	14.96567445	0.14789618
	14.97927961	0.14710965
	14.99288477	0.14422279
	15.00648993	0.14306837
	15.02009509	0.13944886
	15.03370024	0.13921581
	15.0473054	0.13582225
	15.06091056	0.1403247
	15.07451572	0.13818326
	15.08812088	0.13938934
	15.10172604	0.13414137
	15.1153312	0.13645166
	15.12893635	0.13438337
	15.14254151	0.13524095
	15.15614667	0.13356068
	15.16975183	0.13089319
	15.18335699	0.12771645
	15.19696215	0.12302034
	15.21056731	0.12186287
	15.22417246	0.12001251
	15.23777762	0.11812407
	15.25138278	0.11466458
	15.26498794	0.11155441
	15.2785931	0.10889622
	15.29219826	0.10473195
	15.30580342	0.10953326
	15.31940857	0.11186491
	15.33301373	0.11052126
	15.34661889	0.11640728
	15.36022405	0.11958353
	15.37382921	0.12174255
	15.38743437	0.12750034
	15.40103953	0.12871539
	15.41464468	0.12994108
	15.42824984	0.13086016
	15.441855	0.13047925
	15.45546016	0.13441735
	15.46906532	0.13446646
	15.48267048	0.13298314
	15.50988079	0.1332439
	15.52348595	0.13551092
	15.53709111	0.13545328
	15.55069627	0.13562532
	15.56430143	0.13817102
	15.57790659	0.14311557
	15.59151175	0.13818099
	15.6051169	0.13733709
	15.61872206	0.13582056
	15.63232722	0.13980739
	15.64593238	0.13918945
	15.65953754	0.13980227
	15.6731427	0.13850229
	15.68674786	0.13768312
	15.70035301	0.14020762
	15.71395817	0.14280097
	15.72756333	0.14226705
	15.74116849	0.14780791
	15.75477365	0.14658406
	15.76837881	0.14965258
	15.78198397	0.14754732
	15.79558912	0.14944411
	15.80919428	0.14911193
	15.82279944	0.14833435
	15.8364046	0.14864332
	15.85000976	0.14782487
	15.86361492	0.14535721
	15.87722008	0.14652324
	15.89082524	0.1500182
	15.90443039	0.14658102
	15.91803555	0.14398657
	15.93164071	0.14409921
	15.94524587	0.15128658
	15.95885103	0.14915956
	15.97245619	0.148998
	15.98606135	0.15116321
	15.9996665	0.15130472
	16.01327166	0.15031446
	16.02687682	0.14777311
	16.04048198	0.14871166
	16.05408714	0.14619931
	16.0676923	0.14557727
	16.08129746	0.14577215
	16.09490261	0.14568908
	16.10850777	0.14650802
	16.12211293	0.14663944
	16.13571809	0.14783819
	16.14932325	0.14514069
	16.16292841	0.14594148
	16.17653357	0.14562586
	16.19013872	0.14712549
	16.20374388	0.14798952
	16.21734904	0.14995218
	16.2309542	0.14300964
	16.24455936	0.14100154
	16.25816452	0.13935083
	16.27176968	0.13871686
	16.28537483	0.13822226
	16.29897999	0.13865579
	16.31258515	0.13699783
	16.32619031	0.1366954
	16.33979547	0.13403449
	16.35340063	0.13045962
	16.36700579	0.12999117
	16.3942161	0.12335175
	16.40782126	0.12245763
	16.42142642	0.12268398
	16.43503158	0.12388307
	16.44863674	0.12403487
	16.4622419	0.12558076
	16.47584705	0.12680141
	16.48945221	0.12896883
	16.50305737	0.13102701
	16.51666253	0.13604088
	16.53026769	0.14095672
	16.54387285	0.13618077
	16.55747801	0.13719048
	16.57108316	0.14005358
	16.58468832	0.14160148
	16.59829348	0.14192688
	16.61189864	0.13535345
	16.6255038	0.1359386
	16.63910896	0.13570464
	16.65271412	0.13945173
	16.67992443	0.14514897
	16.69352959	0.1461262
	16.70713475	0.14703469
	16.72073991	0.15068138
	16.73434507	0.15017825
	16.74795023	0.15316622
	16.76155538	0.15280027
	16.77516054	0.15392969
	16.7887657	0.15695177
	16.80237086	0.15637946
	16.81597602	0.15730593
	16.82958118	0.15520413
	16.84318634	0.15471723
	16.8567915	0.14461399
	16.87039665	0.14605037
	16.88400181	0.15354601
	16.89760697	0.15552484
	16.91121213	0.15720015
	16.92481729	0.15619568
	16.93842245	0.15939529
	16.95202761	0.15836179
	16.96563276	0.16125396
	16.97923792	0.15933245
	16.99284308	0.15829317
	17.00644824	0.15685212
	17.0200534	0.1539588
	17.03365856	0.1522303
	17.04726372	0.15058409
	17.06086887	0.149615
	17.07447403	0.14901286
	17.08807919	0.14803346
	17.10168435	0.14990226
	17.11528951	0.1505955
	17.12889467	0.15064775
	17.14249983	0.14899642
	17.15610498	0.14764338
	17.16971014	0.15075569
	17.1833153	0.15145409
	17.19692046	0.15205917
	17.21052562	0.14939618
	17.22413078	0.14838846
	17.23773594	0.15001412
	17.25134109	0.14719079
	17.26494625	0.14553754
	17.27855141	0.14537393
	17.29215657	0.14424059
	17.30576173	0.14317686
	17.31936689	0.14474167
	17.33297205	0.14448665
	17.3465772	0.14206683
	17.36018236	0.14105667
	17.37378752	0.13999169
	17.38739268	0.1409839
	17.40099784	0.13803163
	17.414603	0.13883958
	17.42820816	0.13828882
	17.44181331	0.13835675
	17.45541847	0.13780963
	17.46902363	0.13574342
	17.48262879	0.13517622
	17.49623395	0.13631695
	17.50983911	0.12999458
	17.52344427	0.13046216
	17.53704942	0.13259702
	17.55065458	0.13183468
	17.56425974	0.13095572
	17.5778649	0.13044835
	17.59147006	0.1316755
	17.60507522	0.13019899
	17.61868038	0.1297196
	17.63228553	0.12736599
	17.64589069	0.12634891
	17.65949585	0.12733146
	17.67310101	0.12995591
	17.68670617	0.13006181
	17.70031133	0.12963459
	17.71391649	0.1290122
	17.72752164	0.12887793
	17.7411268	0.12844641
	17.75473196	0.12875871
	17.76833712	0.13071351
	17.78194228	0.13000802
	17.79554744	0.13024514
	17.8091526	0.12993813
	17.82275776	0.12939295
	17.83636291	0.12931883
	17.84996807	0.12862734
	17.86357323	0.12853348
	17.87717839	0.12786146
	17.89078355	0.12788953
	17.90438871	0.12676728
	17.91799387	0.12835366
	17.93159902	0.12760747
	17.94520418	0.12818723
	17.95880934	0.12762362
	17.9724145	0.12749569
	17.98601966	0.12680802
	17.99962482	0.12588307
	18.01322998	0.12777895
	18.02683513	0.13069848
	18.04044029	0.13132577
	18.05404545	0.1304936
	18.06765061	0.13197893
	18.08125577	0.13528317
	18.09486093	0.13847181
	18.10846609	0.13671909
	18.12207124	0.13763906
	18.1356764	0.13917518
	18.14928156	0.13956991
	18.16288672	0.14150277
	18.17649188	0.14280593
	18.19009704	0.14311961
	18.2037022	0.14356088
	18.21730735	0.14300457
	18.23091251	0.142465
	18.24451767	0.14180158
	18.25812283	0.13921875
	18.27172799	0.13651149
	18.28533315	0.13994924
	18.29893831	0.14325311
	18.31254346	0.14708843
	18.32614862	0.14916713
	18.33975378	0.14851988
	18.35335894	0.14887914
	18.3669641	0.1482588
	18.38056926	0.14823024
	18.39417442	0.14944358
	18.40777957	0.14801693
	18.42138473	0.14875947
	18.43498989	0.14775949
	18.44859505	0.14749486
	18.46220021	0.14719206
	18.47580537	0.14547573
	18.48941053	0.14388842
	18.50301568	0.14233893
	18.51662084	0.14388366
	18.530226	0.14217128
	18.54383116	0.14199832
	18.55743632	0.14246551
	18.57104148	0.14221452
	18.58464664	0.14317695
	18.59825179	0.14040918
	18.61185695	0.14065385
	18.62546211	0.13967747
	18.63906727	0.14039799
	18.65267243	0.14265953
	18.66627759	0.14316161
	18.67988275	0.14172893
	18.6934879	0.13665231
	18.70709306	0.1373697
	18.72069822	0.13790903
	18.73430338	0.13786652
	18.74790854	0.13672061
	18.7615137	0.13649424
	18.77511886	0.13551985
	18.78872402	0.13430698
	18.80232917	0.13356355
	18.81593433	0.13268434
	18.82953949	0.13279987
	18.84314465	0.13285605
	18.85674981	0.13129333
	18.87035497	0.13231215
	18.88396013	0.1327226
	18.89756528	0.13114102
	18.91117044	0.13137174
	18.9247756	0.13025351
	18.93838076	0.12967376
	18.95198592	0.12832996
	18.96559108	0.1296798
	18.97919624	0.12962775
	18.99280139	0.13002277
	19.00640655	0.12857763
	19.02001171	0.12877806
	19.03361687	0.12936245
	19.04722203	0.12865794
	19.06082719	0.12720107
	19.07443235	0.12788944
	19.0880375	0.1265049
	19.10164266	0.12658426
	19.11524782	0.12583005
	19.12885298	0.12554557
	19.14245814	0.12558682
	19.1560633	0.12545791
	19.16966846	0.12559394
	19.18327361	0.12596315
	19.19687877	0.12729765
	19.21048393	0.12670094
	19.22408909	0.129101
	19.23769425	0.127123
	19.25129941	0.12458583
	19.26490457	0.12344435
	19.27850972	0.12228799
	19.29211488	0.12048019
	19.30572004	0.12149381
	19.3193252	0.12112993
	19.33293036	0.12122541
	19.34653552	0.12155631
	19.36014068	0.12179384
	19.37374583	0.12215212
	19.38735099	0.12237228
	19.40095615	0.12396789
	19.41456131	0.12715751
	19.42816647	0.12419755
	19.44177163	0.12370383
	19.45537679	0.12416427
	19.46898194	0.12371784
	19.4825871	0.14562397
	19.49619226	0.12623556
	19.50979742	0.12678334
	19.52340258	0.12622555
	19.53700774	0.12400009
	19.5506129	0.12615065
	19.56421805	0.12692525
	19.57782321	0.12718515
	19.59142837	0.1269476
	19.99958313	0.14698961
	24.99947891	0.10777178
	29.99937469	0.092383433
	34.99927048	0.081099353
	39.99916626	0.072278134
	44.99906204	0.065538257
	49.99895782	0.059723645
	54.99885361	0.054629324
	59.99874939	0.050199278
	64.99864517	0.046299539
	69.99854095	0.042836611
	74.99843674	0.039779718
	79.99833252	0.037090442
	84.9982283	0.03471294
	89.99812408	0.032606924
	94.99801987	0.030737532
	99.99791565	0.029074096
	104.99781143	0.027585198
	109.99770721	0.026248993
	114.997603	0.025048005
	119.99749878	0.023962008
	124.99739456	0.022979194
	129.99729034	0.022088454
	134.99718613	0.021276923
