	e_energy	sigma
	13.2921058	0.0
	13.3058451	0.027093751
	13.31945026	0.031153766
	13.33305542	0.039876276
	13.34666058	0.040723145
	13.36026574	0.038133826
	13.3738709	0.044480256
	13.38747605	0.046194079
	13.40108121	0.052539759
	13.41468637	0.055899076
	13.42829153	0.068410657
	13.44189669	0.081254202
	13.45550185	0.089979627
	13.46910701	0.08097309
	13.48271216	0.062554162
	13.49631732	0.06640939
	13.50992248	0.068148397
	13.52352764	0.071985947
	13.5371328	0.076625893
	13.55073796	0.081580772
	13.56434312	0.086158872
	13.57794827	0.093904778
	13.59155343	0.097830486
	13.60515859	0.10009838
	13.61876375	0.1004225
	13.63236891	0.097001704
	13.64597407	0.090819145
	13.65957923	0.086088219
	13.67318438	0.086682817
	13.7003947	0.11056186
	13.71399986	0.11278392
	13.75481534	0.093902001
	13.76842049	0.100282
	13.78202565	0.11055223
	13.79563081	0.088393034
	13.80923597	0.069183282
	13.82284113	0.069498
	13.83644629	0.069188227
	13.85005145	0.058383378
	13.8636566	0.060053826
	13.87726176	0.066524477
	13.89086692	0.08420439
	13.90447208	0.091858757
	13.91807724	0.097173959
	13.9316824	0.091392668
	13.94528756	0.073601136
	13.95889272	0.063035456
	13.97249787	0.059195597
	13.98610303	0.066053141
	13.99970819	0.063567344
	14.01331335	0.069989326
	14.02691851	0.069367964
	14.04052367	0.07407031
	14.05412883	0.082926723
	14.06773398	0.097559784
	14.08133914	0.090767869
	14.0949443	0.092708101
	14.10854946	0.090462527
	14.12215462	0.089658887
	14.13575978	0.087710605
	14.14936494	0.087908603
	14.16297009	0.086723474
	14.17657525	0.088088312
	14.19018041	0.093176818
	14.20378557	0.087251382
	14.21739073	0.082036234
	14.23099589	0.078835398
	14.24460105	0.074509224
	14.2582062	0.071531175
	14.27181136	0.064528067
	14.28541652	0.060094994
	14.29902168	0.057545582
	14.31262684	0.058441678
	14.326232	0.053748662
	14.33983716	0.051553475
	14.35344231	0.05517382
	14.36704747	0.058031845
	14.38065263	0.061114257
	14.39425779	0.063530502
	14.40786295	0.062389081
	14.42146811	0.061116931
	14.43507327	0.060188599
	14.44867842	0.060070972
	14.46228358	0.05895629
	14.47588874	0.057805932
	14.4894939	0.058035373
	14.50309906	0.058136409
	14.51670422	0.05812142
	14.53030938	0.056210207
	14.54391453	0.056713876
	14.55751969	0.054459451
	14.57112485	0.056723138
	14.58473001	0.061678036
	14.59833517	0.061693385
	14.61194033	0.065008947
	14.62554549	0.061583663
	14.63915064	0.059229318
	14.6527558	0.056709941
	14.66636096	0.057454982
	14.67996612	0.060219611
	14.69357128	0.061101315
	14.70717644	0.062512909
	14.7207816	0.065988757
	14.73438675	0.06350326
	14.74799191	0.065134004
	14.76159707	0.067449846
	14.77520223	0.063022746
	14.78880739	0.059976943
	14.80241255	0.061442711
	14.81601771	0.062404587
	14.82962286	0.061503467
	14.84322802	0.06130842
	14.85683318	0.057718094
	14.87043834	0.063605278
	14.8840435	0.060519612
	14.89764866	0.061803679
	14.91125382	0.059381561
	14.92485898	0.059960178
	14.93846413	0.061538492
	14.95206929	0.061207167
	14.96567445	0.06211019
	14.97927961	0.061275344
	14.99288477	0.059113469
	15.00648993	0.05791423
	15.02009509	0.058002621
	15.03370024	0.05833849
	15.0473054	0.059654249
	15.06091056	0.059120222
	15.07451572	0.060054038
	15.08812088	0.057948011
	15.10172604	0.060108956
	15.1153312	0.059839789
	15.12893635	0.059337216
	15.14254151	0.0590651
	15.15614667	0.056709722
	15.16975183	0.05381936
	15.18335699	0.052324158
	15.19696215	0.051503863
	15.21056731	0.048839882
	15.22417246	0.047157443
	15.23777762	0.046916617
	15.25138278	0.045735451
	15.26498794	0.043782001
	15.2785931	0.041813566
	15.29219826	0.040567791
	15.30580342	0.03885844
	15.31940857	0.036515987
	15.33301373	0.037385196
	15.34661889	0.039594127
	15.36022405	0.040826432
	15.37382921	0.042502448
	15.38743437	0.041879121
	15.40103953	0.043139493
	15.41464468	0.042711156
	15.42824984	0.043383275
	15.441855	0.043368582
	15.45546016	0.044255071
	15.46906532	0.042783336
	15.48267048	0.042650378
	15.50988079	0.042295599
	15.52348595	0.041478599
	15.53709111	0.042544124
	15.55069627	0.043752723
	15.56430143	0.043766949
	15.57790659	0.042886674
	15.59151175	0.043242859
	15.6051169	0.045561517
	15.61872206	0.043945273
	15.63232722	0.043255892
	15.64593238	0.043909662
	15.65953754	0.044649002
	15.6731427	0.045041501
	15.68674786	0.045166599
	15.70035301	0.044079292
	15.71395817	0.044487556
	15.72756333	0.045224033
	15.74116849	0.047340039
	15.75477365	0.044848727
	15.76837881	0.045478092
	15.78198397	0.044434701
	15.79558912	0.04275971
	15.80919428	0.044279494
	15.82279944	0.044380377
	15.8364046	0.043444434
	15.85000976	0.042726263
	15.86361492	0.043586459
	15.87722008	0.042773573
	15.89082524	0.04332121
	15.90443039	0.042537787
	15.91803555	0.042182499
	15.93164071	0.041668011
	15.94524587	0.043662919
	15.95885103	0.043153549
	15.97245619	0.043592151
	15.98606135	0.042434006
	15.9996665	0.04182102
	16.01327166	0.04154061
	16.02687682	0.041708501
	16.04048198	0.042182264
	16.05408714	0.041949244
	16.0676923	0.041641952
	16.08129746	0.041900095
	16.09490261	0.041791618
	16.10850777	0.039933221
	16.12211293	0.038576614
	16.13571809	0.03666998
	16.14932325	0.036417726
	16.16292841	0.03508359
	16.17653357	0.035146651
	16.19013872	0.034002786
	16.20374388	0.033782616
	16.21734904	0.034234682
	16.2309542	0.035377413
	16.24455936	0.034973022
	16.25816452	0.035759536
	16.27176968	0.03640278
	16.28537483	0.037736245
	16.29897999	0.037141635
	16.31258515	0.037468949
	16.32619031	0.0377274
	16.33979547	0.036742476
	16.35340063	0.038929109
	16.36700579	0.035893802
	16.3942161	0.034248754
	16.40782126	0.033156311
	16.42142642	0.031792413
	16.43503158	0.030626258
	16.44863674	0.029973951
	16.4622419	0.029764208
	16.47584705	0.028855984
	16.48945221	0.027943301
	16.50305737	0.028094981
	16.51666253	0.028500167
	16.53026769	0.02864134
	16.54387285	0.02667849
	16.55747801	0.026407841
	16.57108316	0.026524539
	16.58468832	0.024785284
	16.59829348	0.022503039
	16.61189864	0.0224064
	16.6255038	0.022588623
	16.63910896	0.022644781
	16.65271412	0.023577154
	16.67992443	0.023304298
	16.69352959	0.023395394
	16.70713475	0.023706744
	16.72073991	0.023799511
	16.73434507	0.024133711
	16.74795023	0.023359033
	16.76155538	0.02363576
	16.77516054	0.024442483
	16.7887657	0.023719791
	16.80237086	0.024021544
	16.81597602	0.023276245
	16.82958118	0.023964556
	16.84318634	0.023598382
	16.8567915	0.022462496
	16.87039665	0.0231324
	16.88400181	0.023154965
	16.89760697	0.022669931
	16.91121213	0.022680627
	16.92481729	0.022413485
	16.93842245	0.02175068
	16.95202761	0.022163397
	16.96563276	0.022622461
	16.97923792	0.021554387
	16.99284308	0.021351194
	17.00644824	0.021514843
	17.0200534	0.021136937
	17.03365856	0.020999171
	17.04726372	0.020804098
	17.06086887	0.020570026
	17.07447403	0.020727376
	17.08807919	0.021216662
	17.10168435	0.02082592
	17.11528951	0.021042591
	17.12889467	0.020845758
	17.14249983	0.020578575
	17.15610498	0.02057975
	17.16971014	0.020004934
	17.1833153	0.019773125
	17.19692046	0.020060899
	17.21052562	0.019537789
	17.22413078	0.019672328
	17.23773594	0.019323283
	17.25134109	0.018635931
	17.26494625	0.019024456
	17.27855141	0.019105491
	17.29215657	0.018608498
	17.30576173	0.018326653
	17.31936689	0.017585298
	17.33297205	0.017850617
	17.3465772	0.018486468
	17.36018236	0.020451535
	17.37378752	0.027929322
	17.38739268	0.034715762
	17.40099784	0.024420241
	17.414603	0.020460176
	17.42820816	0.018130997
	17.44181331	0.017346527
	17.45541847	0.016619248
	17.46902363	0.016473807
	17.48262879	0.016200793
	17.49623395	0.01600011
	17.50983911	0.016572196
	17.52344427	0.017134649
	17.53704942	0.015687278
	17.55065458	0.014949378
	17.56425974	0.014826712
	17.5778649	0.014714452
	17.59147006	0.01453864
	17.60507522	0.014429005
	17.61868038	0.014325963
	17.63228553	0.013980805
	17.64589069	0.013756343
	17.65949585	0.014238291
	17.67310101	0.014275963
	17.68670617	0.013860527
	17.70031133	0.013708178
	17.71391649	0.013694928
	17.72752164	0.013686512
	17.7411268	0.013487068
	17.75473196	0.013762971
	17.76833712	0.013278124
	17.78194228	0.013268018
	17.79554744	0.012875685
	17.8091526	0.01253948
	17.82275776	0.01256534
	17.83636291	0.012796728
	17.84996807	0.012225927
	17.86357323	0.012153798
	17.87717839	0.011930557
	17.89078355	0.011365196
	17.90438871	0.010932264
	17.91799387	0.011024514
	17.93159902	0.010985229
	17.94520418	0.011244879
	17.95880934	0.011684978
	17.9724145	0.011418858
	17.98601966	0.011720522
	17.99962482	0.011813335
	18.01322998	0.012107332
	18.02683513	0.012226054
	18.04044029	0.0118901
	18.05404545	0.011920748
	18.06765061	0.011948796
	18.08125577	0.011975563
	18.09486093	0.012159742
	18.10846609	0.012187796
	18.12207124	0.012152757
	18.1356764	0.012384344
	18.14928156	0.012367125
	18.16288672	0.012529806
	18.17649188	0.012713351
	18.19009704	0.012716658
	18.2037022	0.012740784
	18.21730735	0.013259646
	18.23091251	0.013323162
	18.24451767	0.01352553
	18.25812283	0.013488167
	18.27172799	0.013748951
	18.28533315	0.014017555
	18.29893831	0.013616927
	18.31254346	0.013022345
	18.32614862	0.013076132
	18.33975378	0.013191905
	18.35335894	0.012679987
	18.3669641	0.012556555
	18.38056926	0.012689568
	18.39417442	0.012326199
	18.40777957	0.012487882
	18.42138473	0.012118627
	18.43498989	0.012037097
	18.44859505	0.012042357
	18.46220021	0.011366123
	18.47580537	0.011288941
	18.48941053	0.011082493
	18.50301568	0.01104322
	18.51662084	0.011121646
	18.530226	0.011089956
	18.54383116	0.011072835
	18.55743632	0.010644252
	18.57104148	0.010552239
	18.58464664	0.010478295
	18.59825179	0.010411273
	18.61185695	0.010556917
	18.62546211	0.010729628
	18.63906727	0.010284884
	18.65267243	0.010440722
	18.66627759	0.011301541
	18.67988275	0.010518476
	18.6934879	0.010004085
	18.70709306	0.10777982
	18.72069822	0.0098538701
	18.73430338	0.0098668899
	18.74790854	0.0094759619
	18.7615137	0.0095637621
	18.77511886	0.0094855321
	18.78872402	0.0093412469
	18.80232917	0.0094555056
	18.81593433	0.0092503029
	18.82953949	0.0092870734
	18.84314465	0.009333729
	18.85674981	0.0090444583
	18.87035497	0.0092221707
	18.88396013	0.0089386509
	18.89756528	0.008997284
	18.91117044	0.0087616046
	18.9247756	0.0088151064
	18.93838076	0.0087161881
	18.95198592	0.0087040009
	18.96559108	0.0087678222
	18.97919624	0.0085787209
	18.99280139	0.0083483232
	19.00640655	0.0083248202
	19.02001171	0.0081538422
	19.03361687	0.0084669177
	19.04722203	0.0083397114
	19.06082719	0.0085988543
	19.07443235	0.0081361237
	19.0880375	0.0081049838
	19.10164266	0.0081570052
	19.11524782	0.007849432
	19.12885298	0.0079488257
	19.14245814	0.0078685613
	19.1560633	0.0076503094
	19.16966846	0.0076289228
	19.18327361	0.0075395117
	19.19687877	0.007501341
	19.21048393	0.0072087919
	19.22408909	0.0074055465
	19.23769425	0.0076230279
	19.25129941	0.0074596089
	19.26490457	0.007335439
	19.27850972	0.0075570091
	19.29211488	0.0074051126
	19.30572004	0.0073877088
	19.3193252	0.0074747994
	19.33293036	0.0073929527
	19.34653552	0.0073853013
	19.36014068	0.0072654006
	19.37374583	0.0071900858
	19.38735099	0.007086858
	19.40095615	0.0069743754
	19.41456131	0.0088983616
	19.42816647	0.0069970172
	19.44177163	0.006918191
	19.45537679	0.0068877315
	19.46898194	0.0069154354
	19.4825871	0.006854921
	19.49619226	0.0067093194
	19.50979742	0.00675213
	19.52340258	0.0069461914
	19.53700774	0.0068695348
	19.5506129	0.0068435423
	19.56421805	0.0066693776
	19.57782321	0.0067377779
	19.59142837	0.0064986065
	19.99958313	0.0091224051
	24.99947891	0.0017802173
	29.99937469	0.0010217372
	34.99927048	0.00070053894
	39.99916626	0.00051940036
	44.99906204	0.00038707921
	49.99895782	0.00028609228
	54.99885361	0.00021538372
	59.99874939	0.00016187633
	64.99864517	0.00012238625
	69.99854095	9.319056e-05
	74.99843674	7.1971758e-05
	79.99833252	5.6386545e-05
	84.9982283	4.4462252e-05
	89.99812408	3.5782957e-05
	94.99801987	2.9066735e-05
	99.99791565	2.3817348e-05
	104.99781143	1.9718175e-05
	109.99770721	1.6502627e-05
	114.997603	1.3899231e-05
	119.99749878	1.1846192e-05
	124.99739456	1.0114947e-05
	129.99729034	8.7369649e-06
	134.99718613	7.5426699e-06
