       eV          sigma            Ry          om               in 10^-16                                                                       
   13.29210580  0.00000000E+00    0.976990  0.00000000E+00
   13.30584510  0.83721178E-03    0.978000  0.40870444E-02
   13.31945026  0.11983808E-02    0.979000  0.58583485E-02
   13.33305542  0.23861455E-02    0.980000  0.11681073E-01
   13.34666058  0.30112423E-02    0.981000  0.14761693E-01
   13.36026574  0.25312830E-02    0.982000  0.12426103E-01
   13.37387090  0.29480760E-02    0.983000  0.14492252E-01
   13.38747605  0.35922572E-02    0.984000  0.17683440E-01
   13.40108121  0.37770579E-02    0.985000  0.18618910E-01
   13.41468637  0.37417880E-02    0.986000  0.18470568E-01
   13.42829153  0.40444108E-02    0.987000  0.19991987E-01
   13.44189669  0.42005033E-02    0.988000  0.20792218E-01
   13.45550185  0.41120593E-02    0.989000  0.20382471E-01
   13.46910701  0.41592776E-02    0.990000  0.20644888E-01
   13.48271216  0.39573971E-02    0.991000  0.19669829E-01
   13.49631732  0.39961949E-02    0.992000  0.19889924E-01
   13.50992248  0.41394284E-02    0.993000  0.20631060E-01
   13.52352764  0.42885720E-02    0.994000  0.21403646E-01
   13.53713280  0.40107707E-02    0.995000  0.20044534E-01
   13.55073796  0.41773639E-02    0.996000  0.20905603E-01
   13.56434312  0.42019773E-02    0.997000  0.21057439E-01
   13.57794827  0.41715751E-02    0.998000  0.20933535E-01
   13.59155343  0.41024907E-02    0.999000  0.20614840E-01
   13.60515859  0.43209279E-02    1.000000  0.21741947E-01
   13.61876375  0.42537307E-02    1.001000  0.21432837E-01
   13.63236891  0.48984299E-02    1.002000  0.24714625E-01
   13.64597407  0.46472746E-02    1.003000  0.23479137E-01
   13.65957923  0.45204709E-02    1.004000  0.22869325E-01
   13.67318438  0.44936147E-02    1.005000  0.22764105E-01
   13.70039470  0.38569526E-02    1.007000  0.19591463E-01
   13.71399986  0.44659049E-02    1.008000  0.22715106E-01
   13.75481534  0.29561656E-02    1.011000  0.15096545E-01
   13.76842049  0.28223036E-02    1.012000  0.14432187E-01
   13.78202565  0.24515958E-02    1.013000  0.12553249E-01
   13.79563081  0.24669303E-02    1.014000  0.12648593E-01
   13.80923597  0.22987623E-02    1.015000  0.11802030E-01
   13.82284113  0.25472197E-02    1.016000  0.13095003E-01
   13.83644629  0.26068266E-02    1.017000  0.13419215E-01
   13.85005145  0.27429436E-02    1.018000  0.14138615E-01
   13.86365660  0.27440824E-02    1.019000  0.14163200E-01
   13.87726176  0.27947569E-02    1.020000  0.14443810E-01
   13.89086692  0.32433467E-02    1.021000  0.16784324E-01
   13.90447208  0.33965509E-02    1.022000  0.17600321E-01
   13.91807724  0.33939026E-02    1.023000  0.17609745E-01
   13.93168240  0.33207901E-02    1.024000  0.17253039E-01
   13.94528756  0.32709475E-02    1.025000  0.17016392E-01
   13.95889272  0.33162759E-02    1.026000  0.17274821E-01
   13.97249787  0.35274795E-02    1.027000  0.18399060E-01
   13.98610303  0.32828603E-02    1.028000  0.17145535E-01
   13.99970819  0.32665766E-02    1.029000  0.17082768E-01
   14.01331335  0.36123311E-02    1.030000  0.18915550E-01
   14.02691851  0.34681388E-02    1.031000  0.18184157E-01
   14.04052367  0.34543687E-02    1.032000  0.18135517E-01
   14.05412883  0.36717182E-02    1.033000  0.19301649E-01
   14.06773398  0.36621299E-02    1.034000  0.19276221E-01
   14.08133914  0.37952494E-02    1.035000  0.20002802E-01
   14.09494430  0.37410590E-02    1.036000  0.19742707E-01
   14.10854946  0.36355727E-02    1.037000  0.19210819E-01
   14.12215462  0.37432319E-02    1.038000  0.19805233E-01
   14.13575978  0.34799164E-02    1.039000  0.18435779E-01
   14.14936494  0.37044047E-02    1.040000  0.19650330E-01
   14.16297009  0.40086363E-02    1.041000  0.21291492E-01
   14.17657525  0.37448229E-02    1.042000  0.19915813E-01
   14.19018041  0.39857391E-02    1.043000  0.21224243E-01
   14.20378557  0.39628016E-02    1.044000  0.21129127E-01
   14.21739073  0.38495543E-02    1.045000  0.20551562E-01
   14.23099589  0.36052491E-02    1.046000  0.19271882E-01
   14.24460105  0.36244611E-02    1.047000  0.19399299E-01
   14.25820620  0.33721098E-02    1.048000  0.18071631E-01
   14.27181136  0.36683998E-02    1.049000  0.19684512E-01
   14.28541652  0.34961255E-02    1.050000  0.18783938E-01
   14.29902168  0.32521218E-02    1.051000  0.17495138E-01
   14.31262684  0.35381631E-02    1.052000  0.19058059E-01
   14.32623200  0.34173888E-02    1.053000  0.18430824E-01
   14.33983716  0.34999512E-02    1.054000  0.18899974E-01
   14.35344231  0.33053764E-02    1.055000  0.17871800E-01
   14.36704747  0.35719056E-02    1.056000  0.19337255E-01
   14.38065263  0.36862843E-02    1.057000  0.19981609E-01
   14.39425779  0.32752007E-02    1.058000  0.17775656E-01
   14.40786295  0.37047664E-02    1.059000  0.20132326E-01
   14.42146811  0.37849755E-02    1.060000  0.20594010E-01
   14.43507327  0.41821960E-02    1.061000  0.22783806E-01
   14.44867842  0.44239273E-02    1.062000  0.24130884E-01
   14.46228358  0.44697834E-02    1.063000  0.24411497E-01
   14.47588874  0.46207819E-02    1.064000  0.25267682E-01
   14.48949390  0.47174600E-02    1.065000  0.25828518E-01
   14.50309906  0.50244398E-02    1.066000  0.27543528E-01
   14.51670422  0.50389525E-02    1.067000  0.27657452E-01
   14.53030938  0.48843260E-02    1.068000  0.26842061E-01
   14.54391453  0.50254225E-02    1.069000  0.27651738E-01
   14.55751969  0.57050405E-02    1.070000  0.31430158E-01
   14.57112485  0.59280418E-02    1.071000  0.32699145E-01
   14.58473001  0.53101637E-02    1.072000  0.29327139E-01
   14.59833517  0.53076424E-02    1.073000  0.29349413E-01
   14.61194033  0.52013432E-02    1.074000  0.28797090E-01
   14.62554549  0.53930336E-02    1.075000  0.29895160E-01
   14.63915064  0.51734115E-02    1.076000  0.28713014E-01
   14.65275580  0.51767268E-02    1.077000  0.28766721E-01
   14.66636096  0.50856933E-02    1.078000  0.28295539E-01
   14.67996612  0.51651929E-02    1.079000  0.28773083E-01
   14.69357128  0.51332350E-02    1.080000  0.28630069E-01
   14.70717644  0.51007908E-02    1.081000  0.28483903E-01
   14.72078160  0.50899049E-02    1.082000  0.28457828E-01
   14.73438675  0.55351482E-02    1.083000  0.30984949E-01
   14.74799191  0.52808972E-02    1.084000  0.29597706E-01
   14.76159707  0.53212104E-02    1.085000  0.29859940E-01
   14.77520223  0.54341725E-02    1.086000  0.30530888E-01
   14.78880739  0.54133936E-02    1.087000  0.30451066E-01
   14.80241255  0.51505084E-02    1.088000  0.29007429E-01
   14.81601771  0.52171446E-02    1.089000  0.29418303E-01
   14.82962286  0.51633191E-02    1.090000  0.29150008E-01
   14.84322802  0.50155922E-02    1.091000  0.28350209E-01
   14.85683318  0.50139195E-02    1.092000  0.28374950E-01
   14.87043834  0.51092819E-02    1.093000  0.28949475E-01
   14.88404350  0.46868515E-02    1.094000  0.26587926E-01
   14.89764866  0.47181297E-02    1.095000  0.26797542E-01
   14.91125382  0.47001416E-02    1.096000  0.26727431E-01
   14.92485898  0.46323111E-02    1.097000  0.26373305E-01
   14.93846413  0.48551729E-02    1.098000  0.27675245E-01
   14.95206929  0.48773600E-02    1.099000  0.27834980E-01
   14.96567445  0.50687014E-02    1.100000  0.28961530E-01
   14.97927961  0.48320787E-02    1.101000  0.27642472E-01
   14.99288477  0.46399859E-02    1.102000  0.26575228E-01
   15.00648993  0.44795655E-02    1.103000  0.25686982E-01
   15.02009509  0.43948601E-02    1.104000  0.25231233E-01
   15.03370024  0.47509820E-02    1.105000  0.27308159E-01
   15.04730540  0.45115988E-02    1.106000  0.25962979E-01
   15.06091056  0.44577246E-02    1.107000  0.25683351E-01
   15.07451572  0.50595438E-02    1.108000  0.29185262E-01
   15.08812088  0.50081516E-02    1.109000  0.28922970E-01
   15.10172604  0.49441046E-02    1.110000  0.28586807E-01
   15.11533120  0.48190864E-02    1.111000  0.27896819E-01
   15.12893635  0.46284603E-02    1.112000  0.26824886E-01
   15.14254151  0.47910010E-02    1.113000  0.27799589E-01
   15.15614667  0.45172837E-02    1.114000  0.26242164E-01
   15.16975183  0.43736562E-02    1.115000  0.25437621E-01
   15.18335699  0.43374975E-02    1.116000  0.25256901E-01
   15.19696215  0.42930584E-02    1.117000  0.25027415E-01
   15.21056731  0.42949205E-02    1.118000  0.25067563E-01
   15.22417246  0.41519859E-02    1.119000  0.24261634E-01
   15.23777762  0.42656813E-02    1.120000  0.24955092E-01
   15.25138278  0.43414198E-02    1.121000  0.25427787E-01
   15.26498794  0.42949543E-02    1.122000  0.25184930E-01
   15.27859310  0.43077808E-02    1.123000  0.25289522E-01
   15.29219826  0.44733687E-02    1.124000  0.26292142E-01
   15.30580342  0.44997079E-02    1.125000  0.26477639E-01
   15.31940857  0.42008438E-02    1.126000  0.24747683E-01
   15.33301373  0.43566658E-02    1.127000  0.25695363E-01
   15.34661889  0.43755429E-02    1.128000  0.25836541E-01
   15.36022405  0.45155484E-02    1.129000  0.26694037E-01
   15.37382921  0.48213456E-02    1.130000  0.28534665E-01
   15.38743437  0.47379279E-02    1.131000  0.28073279E-01
   15.40103953  0.49788404E-02    1.132000  0.29534696E-01
   15.41464468  0.51583994E-02    1.133000  0.30635029E-01
   15.42824984  0.50802186E-02    1.134000  0.30205372E-01
   15.44185500  0.52065616E-02    1.135000  0.30992077E-01
   15.45546016  0.50975999E-02    1.136000  0.30378249E-01
   15.46906532  0.51833803E-02    1.137000  0.30924794E-01
   15.48267048  0.51647568E-02    1.138000  0.30848908E-01
   15.50988079  0.53555943E-02    1.140000  0.32061826E-01
   15.52348595  0.53568994E-02    1.141000  0.32106174E-01
   15.53709111  0.52964388E-02    1.142000  0.31779931E-01
   15.55069627  0.55054486E-02    1.143000  0.33071589E-01
   15.56430143  0.57471859E-02    1.144000  0.34562918E-01
   15.57790659  0.57786304E-02    1.145000  0.34791433E-01
   15.59151175  0.56812692E-02    1.146000  0.34243997E-01
   15.60511690  0.58615096E-02    1.147000  0.35370377E-01
   15.61872206  0.62129275E-02    1.148000  0.37533328E-01
   15.63232722  0.59545583E-02    1.149000  0.36013088E-01
   15.64593238  0.60763602E-02    1.150000  0.36791186E-01
   15.65953754  0.62783037E-02    1.151000  0.38056734E-01
   15.67314270  0.64548806E-02    1.152000  0.39171101E-01
   15.68674786  0.62948913E-02    1.153000  0.38243147E-01
   15.70035301  0.61269208E-02    1.154000  0.37264468E-01
   15.71395817  0.62995541E-02    1.155000  0.38357403E-01
   15.72756333  0.62957900E-02    1.156000  0.38377422E-01
   15.74116849  0.68086681E-02    1.157000  0.41550224E-01
   15.75477365  0.63267536E-02    1.158000  0.38652467E-01
   15.76837881  0.63760243E-02    1.159000  0.38996966E-01
   15.78198397  0.65061480E-02    1.160000  0.39837200E-01
   15.79558912  0.62874544E-02    1.161000  0.38541019E-01
   15.80919428  0.64595787E-02    1.162000  0.39640167E-01
   15.82279944  0.63225697E-02    1.163000  0.38842512E-01
   15.83640460  0.64307678E-02    1.164000  0.39551083E-01
   15.85000976  0.62249089E-02    1.165000  0.38327446E-01
   15.86361492  0.61992897E-02    1.166000  0.38211986E-01
   15.87722008  0.62094903E-02    1.167000  0.38317212E-01
   15.89082524  0.62066311E-02    1.168000  0.38341899E-01
   15.90443039  0.65876223E-02    1.169000  0.40740428E-01
   15.91803555  0.62211095E-02    1.170000  0.38516199E-01
   15.93164071  0.62245462E-02    1.171000  0.38579929E-01
   15.94524587  0.60252086E-02    1.172000  0.37385521E-01
   15.95885103  0.61672046E-02    1.173000  0.38308647E-01
   15.97245619  0.60642199E-02    1.174000  0.37710299E-01
   15.98606135  0.60880756E-02    1.175000  0.37900167E-01
   15.99966650  0.61165058E-02    1.176000  0.38118870E-01
   16.01327166  0.60794165E-02    1.177000  0.37929187E-01
   16.02687682  0.59221379E-02    1.178000  0.36988324E-01
   16.04048198  0.59616294E-02    1.179000  0.37275638E-01
   16.05408714  0.59386383E-02    1.180000  0.37172387E-01
   16.06769230  0.58976555E-02    1.181000  0.36956082E-01
   16.08129746  0.58342650E-02    1.182000  0.36598653E-01
   16.09490261  0.57083090E-02    1.183000  0.35847456E-01
   16.10850777  0.58268799E-02    1.184000  0.36631807E-01
   16.12211293  0.57883275E-02    1.185000  0.36428917E-01
   16.13571809  0.56609229E-02    1.186000  0.35665703E-01
   16.14932325  0.58890851E-02    1.187000  0.37143366E-01
   16.16292841  0.58488892E-02    1.188000  0.36929735E-01
   16.17653357  0.57628424E-02    1.189000  0.36425741E-01
   16.19013872  0.57760286E-02    1.190000  0.36548482E-01
   16.20374388  0.58954840E-02    1.191000  0.37344558E-01
   16.21734904  0.56644404E-02    1.192000  0.35919660E-01
   16.23095420  0.56691449E-02    1.193000  0.35988157E-01
   16.24455936  0.55247650E-02    1.194000  0.35109303E-01
   16.25816452  0.56768432E-02    1.195000  0.36114461E-01
   16.27176968  0.57181385E-02    1.196000  0.36416169E-01
   16.28537483  0.56179531E-02    1.197000  0.35816450E-01
   16.29897999  0.56581377E-02    1.198000  0.36111231E-01
   16.31258515  0.55253576E-02    1.199000  0.35301489E-01
   16.32619031  0.55798067E-02    1.200000  0.35687419E-01
   16.33979547  0.56863896E-02    1.201000  0.36407886E-01
   16.35340063  0.54712353E-02    1.202000  0.35067646E-01
   16.36700579  0.55228451E-02    1.203000  0.35436104E-01
   16.39421610  0.51351713E-02    1.205000  0.33018727E-01
   16.40782126  0.50878590E-02    1.206000  0.32749213E-01
   16.42142642  0.51287295E-02    1.207000  0.33047265E-01
   16.43503158  0.51361747E-02    1.208000  0.33130268E-01
   16.44863674  0.52411065E-02    1.209000  0.33842863E-01
   16.46224190  0.51749431E-02    1.210000  0.33450927E-01
   16.47584705  0.52210113E-02    1.211000  0.33784321E-01
   16.48945221  0.53035521E-02    1.212000  0.34354601E-01
   16.50305737  0.54712331E-02    1.213000  0.35478096E-01
   16.51666253  0.52485484E-02    1.214000  0.34069898E-01
   16.53026769  0.54536190E-02    1.215000  0.35438267E-01
   16.54387285  0.53709608E-02    1.216000  0.34937775E-01
   16.55747801  0.55321734E-02    1.217000  0.36024184E-01
   16.57108316  0.52928935E-02    1.218000  0.34502149E-01
   16.58468832  0.55177959E-02    1.219000  0.36005826E-01
   16.59829348  0.58153680E-02    1.220000  0.37987265E-01
   16.61189864  0.58989792E-02    1.221000  0.38573664E-01
   16.62550380  0.60220759E-02    1.222000  0.39419670E-01
   16.63910896  0.59947854E-02    1.223000  0.39281916E-01
   16.65271412  0.63091916E-02    1.224000  0.41385149E-01
   16.67992443  0.66367581E-02    1.226000  0.43624350E-01
   16.69352959  0.65096411E-02    1.227000  0.42833189E-01
   16.70713475  0.64409622E-02    1.228000  0.42425213E-01
   16.72073991  0.61686680E-02    1.229000  0.40673742E-01
   16.73434507  0.64400696E-02    1.230000  0.42507179E-01
   16.74795023  0.63133689E-02    1.231000  0.41713959E-01
   16.76155538  0.65080917E-02    1.232000  0.43044926E-01
   16.77516054  0.63840312E-02    1.233000  0.42267923E-01
   16.78876570  0.62031454E-02    1.234000  0.41112606E-01
   16.80237086  0.62414467E-02    1.235000  0.41409023E-01
   16.81597602  0.60946449E-02    1.236000  0.40476630E-01
   16.82958118  0.60531245E-02    1.237000  0.40242162E-01
   16.84318634  0.58884045E-02    1.238000  0.39187237E-01
   16.85679150  0.57941008E-02    1.239000  0.38599164E-01
   16.87039665  0.58104016E-02    1.240000  0.38747385E-01
   16.88400181  0.57766040E-02    1.241000  0.38561399E-01
   16.89760697  0.55806578E-02    1.242000  0.37291432E-01
   16.91121213  0.55900577E-02    1.243000  0.37392370E-01
   16.92481729  0.55626446E-02    1.244000  0.37246940E-01
   16.93842245  0.56638125E-02    1.245000  0.37962979E-01
   16.95202761  0.57214305E-02    1.246000  0.38388198E-01
   16.96563276  0.58221914E-02    1.247000  0.39103966E-01
   16.97923792  0.56213464E-02    1.248000  0.37793356E-01
   16.99284308  0.55640219E-02    1.249000  0.37445901E-01
   17.00644824  0.55838457E-02    1.250000  0.37617398E-01
   17.02005340  0.56937179E-02    1.251000  0.38396420E-01
   17.03365856  0.55776037E-02    1.252000  0.37651427E-01
   17.04726372  0.55327790E-02    1.253000  0.37386574E-01
   17.06086887  0.56613876E-02    1.254000  0.38294231E-01
   17.07447403  0.58193051E-02    1.255000  0.39402091E-01
   17.08807919  0.57930262E-02    1.256000  0.39263668E-01
   17.10168435  0.57785266E-02    1.257000  0.39204804E-01
   17.11528951  0.58365068E-02    1.258000  0.39637981E-01
   17.12889467  0.59830087E-02    1.259000  0.40673737E-01
   17.14249983  0.57281397E-02    1.260000  0.38980152E-01
   17.15610498  0.57967958E-02    1.261000  0.39486894E-01
   17.16971014  0.60030451E-02    1.262000  0.40932775E-01
   17.18331530  0.58861684E-02    1.263000  0.40175976E-01
   17.19692046  0.56405652E-02    1.264000  0.38538084E-01
   17.21052562  0.56558394E-02    1.265000  0.38681016E-01
   17.22413078  0.57364810E-02    1.266000  0.39271658E-01
   17.23773594  0.57166699E-02    1.267000  0.39175021E-01
   17.25134109  0.55458234E-02    1.268000  0.38042073E-01
   17.26494625  0.55790361E-02    1.269000  0.38307949E-01
   17.27855141  0.56635031E-02    1.270000  0.38926560E-01
   17.29215657  0.55234907E-02    1.271000  0.38001894E-01
   17.30576173  0.54902537E-02    1.272000  0.37810666E-01
   17.31936689  0.55148411E-02    1.273000  0.38017609E-01
   17.33297205  0.56832269E-02    1.274000  0.39217169E-01
   17.34657720  0.55214255E-02    1.275000  0.38138314E-01
   17.36018236  0.59639945E-02    1.276000  0.41235960E-01
   17.37378752  0.62148473E-02    1.277000  0.43012781E-01
   17.38739268  0.53881830E-02    1.278000  0.37328209E-01
   17.40099784  0.46477467E-02    1.279000  0.32230319E-01
   17.41460300  0.48127585E-02    1.280000  0.33407436E-01
   17.42820816  0.48122441E-02    1.281000  0.33436686E-01
   17.44181331  0.47967424E-02    1.282000  0.33361691E-01
   17.45541847  0.48459884E-02    1.283000  0.33737251E-01
   17.46902363  0.49214851E-02    1.284000  0.34296416E-01
   17.48262879  0.48912139E-02    1.285000  0.34118824E-01
   17.49623395  0.49702680E-02    1.286000  0.34704167E-01
   17.50983911  0.49854501E-02    1.287000  0.34844175E-01
   17.52344427  0.52182425E-02    1.288000  0.36506791E-01
   17.53704942  0.50767232E-02    1.289000  0.35551347E-01
   17.55065458  0.48486724E-02    1.290000  0.33987419E-01
   17.56425974  0.49139588E-02    1.291000  0.34478567E-01
   17.57786490  0.48430237E-02    1.292000  0.34013884E-01
   17.59147006  0.48365419E-02    1.293000  0.34001347E-01
   17.60507522  0.47723674E-02    1.294000  0.33582743E-01
   17.61868038  0.45885848E-02    1.295000  0.32320775E-01
   17.63228553  0.47543067E-02    1.296000  0.33520502E-01
   17.64589069  0.46447619E-02    1.297000  0.32779828E-01
   17.65949585  0.47041840E-02    1.298000  0.33231276E-01
   17.67310101  0.46939842E-02    1.299000  0.33191236E-01
   17.68670617  0.46534365E-02    1.300000  0.32936260E-01
   17.70031133  0.44675872E-02    1.301000  0.31651319E-01
   17.71391649  0.45555494E-02    1.302000  0.32305571E-01
   17.72752164  0.45185345E-02    1.303000  0.32073898E-01
   17.74112680  0.44601519E-02    1.304000  0.31689900E-01
   17.75473196  0.44614984E-02    1.305000  0.31729895E-01
   17.76833712  0.44603779E-02    1.306000  0.31752347E-01
   17.78194228  0.44797191E-02    1.307000  0.31920585E-01
   17.79554744  0.45159234E-02    1.308000  0.32209361E-01
   17.80915260  0.44372520E-02    1.309000  0.31678508E-01
   17.82275776  0.44904101E-02    1.310000  0.32088641E-01
   17.83636291  0.45614716E-02    1.311000  0.32627559E-01
   17.84996807  0.44113870E-02    1.312000  0.31584112E-01
   17.86357323  0.43383975E-02    1.313000  0.31091119E-01
   17.87717839  0.43691504E-02    1.314000  0.31341308E-01
   17.89078355  0.43826924E-02    1.315000  0.31468340E-01
   17.90438871  0.44493733E-02    1.316000  0.31977464E-01
   17.91799387  0.44216803E-02    1.317000  0.31808592E-01
   17.93159902  0.44797433E-02    1.318000  0.32256837E-01
   17.94520418  0.45023635E-02    1.319000  0.32450423E-01
   17.95880934  0.45326566E-02    1.320000  0.32699672E-01
   17.97241450  0.45209623E-02    1.321000  0.32646140E-01
   17.98601966  0.45820751E-02    1.322000  0.33118690E-01
   17.99962482  0.44393487E-02    1.323000  0.32117358E-01
   18.01322998  0.45856521E-02    1.324000  0.33207094E-01
   18.02683513  0.47379152E-02    1.325000  0.34342024E-01
   18.04044029  0.46580259E-02    1.326000  0.33794728E-01
   18.05404545  0.45658220E-02    1.327000  0.33156914E-01
   18.06765061  0.46335071E-02    1.328000  0.33680043E-01
   18.08125577  0.44360674E-02    1.329000  0.32275148E-01
   18.09486093  0.47633136E-02    1.330000  0.34688554E-01
   18.10846609  0.48966285E-02    1.331000  0.35692808E-01
   18.12207124  0.51707563E-02    1.332000  0.37726263E-01
   18.13567640  0.50489974E-02    1.333000  0.36872335E-01
   18.14928156  0.52713892E-02    1.334000  0.38532393E-01
   18.16288672  0.54774892E-02    1.335000  0.40076284E-01
   18.17649188  0.52879890E-02    1.336000  0.38725863E-01
   18.19009704  0.54103056E-02    1.337000  0.39658531E-01
   18.20370220  0.55233209E-02    1.338000  0.40524624E-01
   18.21730735  0.57121869E-02    1.339000  0.41949293E-01
   18.23091251  0.57577792E-02    1.340000  0.42323384E-01
   18.24451767  0.58284124E-02    1.341000  0.42882334E-01
   18.25812283  0.57291038E-02    1.342000  0.42190748E-01
   18.27172799  0.59963638E-02    1.343000  0.44199823E-01
   18.28533315  0.60097972E-02    1.344000  0.44339830E-01
   18.29893831  0.61187190E-02    1.345000  0.45185178E-01
   18.31254346  0.61181757E-02    1.346000  0.45222893E-01
   18.32614862  0.60743844E-02    1.347000  0.44940635E-01
   18.33975378  0.60155337E-02    1.348000  0.44546262E-01
   18.35335894  0.58359400E-02    1.349000  0.43256136E-01
   18.36696410  0.60025789E-02    1.350000  0.44532207E-01
   18.38056926  0.59583902E-02    1.351000  0.44245015E-01
   18.39417442  0.60649605E-02    1.352000  0.45077735E-01
   18.40777957  0.59989053E-02    1.353000  0.44627694E-01
   18.42138473  0.60667671E-02    1.354000  0.45173915E-01
   18.43498989  0.61136605E-02    1.355000  0.45564786E-01
   18.44859505  0.60988896E-02    1.356000  0.45496295E-01
   18.46220021  0.61844821E-02    1.357000  0.46176974E-01
   18.47580537  0.61688177E-02    1.358000  0.46102087E-01
   18.48941053  0.61665736E-02    1.359000  0.46127373E-01
   18.50301568  0.61979918E-02    1.360000  0.46404660E-01
   18.51662084  0.61860846E-02    1.361000  0.46357701E-01
   18.53022600  0.61227490E-02    1.362000  0.45924830E-01
   18.54383116  0.61521429E-02    1.363000  0.46187264E-01
   18.55743632  0.60191317E-02    1.364000  0.45229733E-01
   18.57104148  0.60835342E-02    1.365000  0.45755165E-01
   18.58464664  0.60070218E-02    1.366000  0.45220673E-01
   18.59825179  0.60032543E-02    1.367000  0.45233255E-01
   18.61185695  0.59533368E-02    1.368000  0.44897740E-01
   18.62546211  0.58325754E-02    1.369000  0.44026784E-01
   18.63906727  0.57992473E-02    1.370000  0.43814761E-01
   18.65267243  0.59613468E-02    1.371000  0.45080121E-01
   18.66627759  0.58914598E-02    1.372000  0.44591811E-01
   18.67988275  0.59485301E-02    1.373000  0.45064340E-01
   18.69348790  0.56314652E-02    1.374000  0.42700756E-01
   18.70709306  0.21714490E-01    1.375000  0.16479888E+00
   18.72069822  0.56535018E-02    1.376000  0.42944965E-01
   18.73430338  0.56092639E-02    1.377000  0.42647183E-01
   18.74790854  0.55980799E-02    1.378000  0.42600331E-01
   18.76151370  0.53834442E-02    1.379000  0.41003710E-01
   18.77511886  0.53341761E-02    1.380000  0.40664833E-01
   18.78872402  0.53073302E-02    1.381000  0.40496372E-01
   18.80232917  0.52276403E-02    1.382000  0.39923970E-01
   18.81593433  0.50448445E-02    1.383000  0.38562348E-01
   18.82953949  0.50379704E-02    1.384000  0.38544163E-01
   18.84314465  0.50689057E-02    1.385000  0.38815412E-01
   18.85674981  0.51132745E-02    1.386000  0.39190042E-01
   18.87035497  0.50037483E-02    1.387000  0.38384719E-01
   18.88396013  0.49847863E-02    1.388000  0.38273255E-01
   18.89756528  0.49319803E-02    1.389000  0.37901447E-01
   18.91117044  0.50467884E-02    1.390000  0.38818148E-01
   18.92477560  0.49220560E-02    1.391000  0.37892319E-01
   18.93838076  0.49032677E-02    1.392000  0.37781119E-01
   18.95198592  0.47332575E-02    1.393000  0.36503422E-01
   18.96559108  0.48720426E-02    1.394000  0.37606977E-01
   18.97919624  0.49618478E-02    1.395000  0.38334018E-01
   18.99280139  0.49054578E-02    1.396000  0.37931819E-01
   19.00640655  0.47976293E-02    1.397000  0.37130748E-01
   19.02001171  0.47453325E-02    1.398000  0.36758366E-01
   19.03361687  0.55523455E-02    1.399000  0.43047531E-01
   19.04722203  0.46700105E-02    1.400000  0.36238607E-01
   19.06082719  0.46941427E-02    1.401000  0.36457884E-01
   19.07443235  0.45852387E-02    1.402000  0.35643334E-01
   19.08803750  0.46285193E-02    1.403000  0.36011343E-01
   19.10164266  0.46589219E-02    1.404000  0.36279660E-01
   19.11524782  0.45504106E-02    1.405000  0.35465702E-01
   19.12885298  0.46319103E-02    1.406000  0.36132498E-01
   19.14245814  0.44762357E-02    1.407000  0.34948644E-01
   19.15606330  0.45850602E-02    1.408000  0.35829573E-01
   19.16966846  0.44679809E-02    1.409000  0.34945139E-01
   19.18327361  0.45333400E-02    1.410000  0.35487246E-01
   19.19687877  0.44259072E-02    1.411000  0.34676441E-01
   19.21048393  0.44838953E-02    1.412000  0.35161352E-01
   19.22408909  0.44769704E-02    1.413000  0.35137583E-01
   19.23769425  0.44929596E-02    1.414000  0.35293717E-01
   19.25129941  0.43919926E-02    1.415000  0.34530542E-01
   19.26490457  0.43789837E-02    1.416000  0.34458129E-01
   19.27850972  0.43996821E-02    1.417000  0.34651011E-01
   19.29211488  0.43164828E-02    1.418000  0.34025189E-01
   19.30572004  0.42760125E-02    1.419000  0.33735341E-01
   19.31932520  0.43571730E-02    1.420000  0.34405368E-01
   19.33293036  0.43034574E-02    1.421000  0.34010566E-01
   19.34653552  0.43062604E-02    1.422000  0.34062088E-01
   19.36014068  0.43170646E-02    1.423000  0.34176992E-01
   19.37374583  0.42683571E-02    1.424000  0.33820499E-01
   19.38735099  0.42897743E-02    1.425000  0.34019456E-01
   19.40095615  0.43066543E-02    1.426000  0.34182693E-01
   19.41456131  0.50017890E-02    1.427000  0.39734216E-01
   19.42816647  0.43458329E-02    1.428000  0.34552939E-01
   19.44177163  0.43319888E-02    1.429000  0.34472412E-01
   19.45537679  0.43180056E-02    1.430000  0.34390589E-01
   19.46898194  0.43300117E-02    1.431000  0.34515742E-01
   19.48258710  0.42415057E-02    1.432000  0.33839164E-01
   19.49619226  0.42686363E-02    1.433000  0.34084728E-01
   19.50979742  0.49499768E-02    1.434000  0.39558938E-01
   19.52340258  0.43310697E-02    1.435000  0.34642331E-01
   19.53700774  0.42886200E-02    1.436000  0.34332044E-01
   19.55061290  0.43816777E-02    1.437000  0.35106890E-01
   19.56421805  0.43470343E-02    1.438000  0.34858968E-01
   19.57782321  0.44019779E-02    1.439000  0.35329584E-01
   19.59142837  0.43607682E-02    1.440000  0.35028583E-01
   19.99958313  0.55573409E-02    1.470000  0.45777313E-01
   24.99947891  0.44530746E-02    1.837500  0.47842458E-01
   29.99937469  0.41194001E-02    2.205000  0.54582516E-01
   34.99927048  0.38491054E-02    2.572500  0.60648563E-01
   39.99916626  0.36046469E-02    2.940000  0.65831510E-01
   44.99906204  0.33877178E-02    3.307500  0.70360793E-01
   49.99895782  0.32064236E-02    3.675000  0.74632075E-01
   54.99885361  0.30063946E-02    4.042500  0.77511533E-01
   59.99874939  0.28262694E-02    4.410000  0.79951327E-01
   64.99864517  0.26345157E-02    4.777500  0.81130083E-01
   69.99854095  0.24775965E-02    5.145000  0.82507649E-01
   74.99843674  0.23110564E-02    5.512500  0.82754097E-01
   79.99833252  0.21603254E-02    5.880000  0.82771421E-01
   84.99822830  0.20245803E-02    6.247500  0.82644893E-01
   89.99812408  0.19028495E-02    6.615000  0.82445091E-01
   94.99801987  0.17927923E-02    6.982500  0.82170117E-01
   99.99791565  0.16934007E-02    7.350000  0.81859022E-01
  104.99781143  0.16032777E-02    7.717500  0.81520964E-01
  109.99770721  0.15219218E-02    8.085000  0.81198885E-01
  114.99760300  0.14475598E-02    8.452500  0.80859654E-01
  119.99749878  0.13800241E-02    8.820000  0.80546081E-01
  124.99739456  0.13171096E-02    9.187500  0.80175261E-01
  129.99729034  0.12597353E-02    9.555000  0.79840193E-01
  134.99718613  0.12068477E-02    9.922500  0.79513125E-01
