       eV          sigma            Ry          om               in 10^-16                                                                       
   13.29210580  0.00000000E+00    0.976990  0.00000000E+00
   13.30584510  0.66674138E+01    0.978000  0.15852820E+01
   13.31945026  0.90913031E+01    0.979000  0.22649404E+01
   13.33305542  0.14601158E+02    0.980000  0.38035965E+01
   13.34666058  0.18119111E+02    0.981000  0.49259816E+01
   13.36026574  0.17763990E+02    0.982000  0.50313591E+01
   13.37387090  0.20420522E+02    0.983000  0.60158983E+01
   13.38747605  0.21150725E+02    0.984000  0.64714367E+01
   13.40108121  0.23102019E+02    0.985000  0.73310700E+01
   13.41468637  0.25428543E+02    0.986000  0.83584025E+01
   13.42829153  0.26925080E+02    0.987000  0.91563737E+01
   13.44189669  0.30923147E+02    0.988000  0.10867494E+02
   13.45550185  0.34185464E+02    0.989000  0.12402574E+02
   13.46910701  0.37059701E+02    0.990000  0.13866612E+02
   13.48271216  0.41767720E+02    0.991000  0.16102983E+02
   13.49631732  0.43738833E+02    0.992000  0.17360098E+02
   13.50992248  0.44694758E+02    0.993000  0.18247553E+02
   13.52352764  0.45851673E+02    0.994000  0.19241083E+02
   13.53713280  0.49154607E+02    0.995000  0.21185858E+02
   13.55073796  0.49060537E+02    0.996000  0.21702984E+02
   13.56434312  0.49429388E+02    0.997000  0.22428017E+02
   13.57794827  0.49538096E+02    0.998000  0.23040441E+02
   13.59155343  0.50234281E+02    0.999000  0.23935253E+02
   13.60515859  0.57707180E+02    1.000000  0.28151841E+02
   13.61876375  0.58345843E+02    1.001000  0.29126623E+02
   13.63236891  0.57155283E+02    1.002000  0.29181971E+02
   13.64597407  0.57800738E+02    1.003000  0.30168544E+02
   13.65957923  0.59955723E+02    1.004000  0.31974834E+02
   13.67318438  0.58391392E+02    1.005000  0.31804299E+02
   13.70039470  0.59056290E+02    1.007000  0.33509037E+02
   13.71399986  0.60387322E+02    1.008000  0.34950698E+02
   13.75481534  0.58447724E+02    1.011000  0.35821231E+02
   13.76842049  0.57045928E+02    1.012000  0.35610544E+02
   13.78202565  0.57802937E+02    1.013000  0.36740147E+02
   13.79563081  0.62550573E+02    1.014000  0.40468806E+02
   13.80923597  0.60932360E+02    1.015000  0.40114476E+02
   13.82284113  0.61660778E+02    1.016000  0.41294924E+02
   13.83644629  0.62294920E+02    1.017000  0.42427722E+02
   13.85005145  0.63297849E+02    1.018000  0.43830301E+02
   13.86365660  0.64023647E+02    1.019000  0.45060633E+02
   13.87726176  0.63492920E+02    1.020000  0.45408824E+02
   13.89086692  0.63479389E+02    1.021000  0.46120717E+02
   13.90447208  0.63632345E+02    1.022000  0.46955155E+02
   13.91807724  0.63699978E+02    1.023000  0.47729139E+02
   13.93168240  0.65077417E+02    1.024000  0.49500962E+02
   13.94528756  0.65294808E+02    1.025000  0.50408525E+02
   13.95889272  0.65908282E+02    1.026000  0.51631315E+02
   13.97249787  0.66225709E+02    1.027000  0.52632768E+02
   13.98610303  0.66672657E+02    1.028000  0.53745847E+02
   13.99970819  0.67054000E+02    1.029000  0.54815456E+02
   14.01331335  0.67550821E+02    1.030000  0.55989448E+02
   14.02691851  0.67423756E+02    1.031000  0.56650535E+02
   14.04052367  0.66924386E+02    1.032000  0.56991686E+02
   14.05412883  0.66784701E+02    1.033000  0.57631873E+02
   14.06773398  0.66404925E+02    1.034000  0.58058970E+02
   14.08133914  0.66585231E+02    1.035000  0.58973488E+02
   14.09494430  0.66151178E+02    1.036000  0.59340994E+02
   14.10854946  0.65628101E+02    1.037000  0.59617762E+02
   14.12215462  0.65834599E+02    1.038000  0.60553690E+02
   14.13575978  0.66227031E+02    1.039000  0.61667445E+02
   14.14936494  0.66262921E+02    1.040000  0.62454074E+02
   14.16297009  0.66143489E+02    1.041000  0.63093360E+02
   14.17657525  0.66201803E+02    1.042000  0.63901500E+02
   14.19018041  0.66053540E+02    1.043000  0.64509219E+02
   14.20378557  0.65792740E+02    1.044000  0.65002382E+02
   14.21739073  0.65522311E+02    1.045000  0.65479993E+02
   14.23099589  0.65382796E+02    1.046000  0.66083774E+02
   14.24460105  0.65067877E+02    1.047000  0.66505105E+02
   14.25820620  0.65054097E+02    1.048000  0.67230490E+02
   14.27181136  0.65036491E+02    1.049000  0.67951564E+02
   14.28541652  0.65003308E+02    1.050000  0.68655786E+02
   14.29902168  0.65034236E+02    1.051000  0.69427695E+02
   14.31262684  0.65316559E+02    1.052000  0.70471544E+02
   14.32623200  0.65308676E+02    1.053000  0.71205402E+02
   14.33983716  0.65918232E+02    1.054000  0.72619287E+02
   14.35344231  0.65228633E+02    1.055000  0.72601038E+02
   14.36704747  0.64656615E+02    1.056000  0.72699320E+02
   14.38065263  0.64813418E+02    1.057000  0.73612361E+02
   14.39425779  0.64779883E+02    1.058000  0.74310626E+02
   14.40786295  0.64590363E+02    1.059000  0.74827421E+02
   14.42146811  0.64280841E+02    1.060000  0.75199522E+02
   14.43507327  0.64078770E+02    1.061000  0.75691511E+02
   14.44867842  0.63652130E+02    1.062000  0.75911086E+02
   14.46228358  0.63745157E+02    1.063000  0.76746619E+02
   14.47588874  0.63480991E+02    1.064000  0.77150162E+02
   14.48949390  0.63209474E+02    1.065000  0.77538682E+02
   14.50309906  0.62742081E+02    1.066000  0.77678523E+02
   14.51670422  0.62622096E+02    1.067000  0.78241798E+02
   14.53030938  0.62466159E+02    1.068000  0.78757019E+02
   14.54391453  0.61685849E+02    1.069000  0.78474391E+02
   14.55751969  0.61642969E+02    1.070000  0.79120535E+02
   14.57112485  0.61294690E+02    1.071000  0.79370246E+02
   14.58473001  0.60968314E+02    1.072000  0.79640649E+02
   14.59833517  0.60581876E+02    1.073000  0.79824493E+02
   14.61194033  0.60574654E+02    1.074000  0.80503529E+02
   14.62554549  0.60247682E+02    1.075000  0.80753819E+02
   14.63915064  0.60012285E+02    1.076000  0.81120460E+02
   14.65275580  0.59644442E+02    1.077000  0.81301214E+02
   14.66636096  0.59392482E+02    1.078000  0.81632882E+02
   14.67996612  0.59478308E+02    1.079000  0.82426935E+02
   14.69357128  0.59341510E+02    1.080000  0.82911891E+02
   14.70717644  0.59186636E+02    1.081000  0.83368275E+02
   14.72078160  0.59053217E+02    1.082000  0.83851603E+02
   14.73438675  0.58667780E+02    1.083000  0.83971185E+02
   14.74799191  0.58589925E+02    1.084000  0.84525743E+02
   14.76159707  0.58403902E+02    1.085000  0.84921250E+02
   14.77520223  0.58230439E+02    1.086000  0.85330934E+02
   14.78880739  0.58355634E+02    1.087000  0.86177722E+02
   14.80241255  0.58560220E+02    1.088000  0.87145502E+02
   14.81601771  0.58510677E+02    1.089000  0.87736866E+02
   14.82962286  0.58376964E+02    1.090000  0.88199934E+02
   14.84322802  0.58028614E+02    1.091000  0.88333233E+02
   14.85683318  0.57517149E+02    1.092000  0.88208460E+02
   14.87043834  0.57241276E+02    1.093000  0.88436041E+02
   14.88404350  0.57101895E+02    1.094000  0.88869779E+02
   14.89764866  0.56921831E+02    1.095000  0.89236568E+02
   14.91125382  0.56728854E+02    1.096000  0.89578874E+02
   14.92485898  0.56527725E+02    1.097000  0.89903828E+02
   14.93846413  0.56278702E+02    1.098000  0.90147492E+02
   14.95206929  0.56129993E+02    1.099000  0.90547318E+02
   14.96567445  0.55987087E+02    1.100000  0.90953191E+02
   14.97927961  0.55673121E+02    1.101000  0.91075977E+02
   14.99288477  0.55472720E+02    1.102000  0.91378697E+02
   15.00648993  0.55186138E+02    1.103000  0.91533919E+02
   15.02009509  0.55238404E+02    1.104000  0.92248505E+02
   15.03370024  0.55169820E+02    1.105000  0.92761084E+02
   15.04730540  0.54835262E+02    1.106000  0.92821878E+02
   15.06091056  0.54576935E+02    1.107000  0.93004974E+02
   15.07451572  0.54362227E+02    1.108000  0.93257023E+02
   15.08812088  0.54184418E+02    1.109000  0.93567910E+02
   15.10172604  0.53946412E+02    1.110000  0.93770120E+02
   15.11533120  0.53732984E+02    1.111000  0.94009920E+02
   15.12893635  0.53578770E+02    1.112000  0.94349141E+02
   15.14254151  0.53393200E+02    1.113000  0.94629283E+02
   15.15614667  0.53185989E+02    1.114000  0.94866605E+02
   15.16975183  0.52929071E+02    1.115000  0.95009991E+02
   15.18335699  0.52746101E+02    1.116000  0.95281116E+02
   15.19696215  0.52652633E+02    1.117000  0.95710776E+02
   15.21056731  0.52537300E+02    1.118000  0.96098318E+02
   15.22417246  0.52349408E+02    1.119000  0.96349691E+02
   15.23777762  0.52184216E+02    1.120000  0.96638832E+02
   15.25138278  0.51967403E+02    1.121000  0.96828033E+02
   15.26498794  0.51778698E+02    1.122000  0.97064998E+02
   15.27859310  0.51584640E+02    1.123000  0.97287577E+02
   15.29219826  0.51390556E+02    1.124000  0.97505693E+02
   15.30580342  0.51172250E+02    1.125000  0.97673166E+02
   15.31940857  0.51008451E+02    1.126000  0.97940334E+02
   15.33301373  0.51043716E+02    1.127000  0.98588259E+02
   15.34661889  0.50791223E+02    1.128000  0.98677926E+02
   15.36022405  0.50639344E+02    1.129000  0.98958469E+02
   15.37382921  0.50517117E+02    1.130000  0.99293844E+02
   15.38743437  0.50277032E+02    1.131000  0.99393443E+02
   15.40103953  0.50092151E+02    1.132000  0.99597346E+02
   15.41464468  0.49885590E+02    1.133000  0.99753694E+02
   15.42824984  0.49708470E+02    1.134000  0.99964552E+02
   15.44185500  0.49529915E+02    1.135000  0.10016848E+03
   15.45546016  0.49365742E+02    1.136000  0.10039760E+03
   15.46906532  0.49155294E+02    1.137000  0.10052835E+03
   15.48267048  0.49030009E+02    1.138000  0.10082945E+03
   15.50988079  0.48635684E+02    1.140000  0.10112421E+03
   15.52348595  0.48396975E+02    1.141000  0.10117801E+03
   15.53709111  0.48285561E+02    1.142000  0.10149395E+03
   15.55069627  0.48142519E+02    1.143000  0.10174052E+03
   15.56430143  0.48019901E+02    1.144000  0.10202723E+03
   15.57790659  0.47784705E+02    1.145000  0.10207068E+03
   15.59151175  0.47571557E+02    1.146000  0.10215613E+03
   15.60511690  0.47413275E+02    1.147000  0.10235518E+03
   15.61872206  0.47222857E+02    1.148000  0.10248089E+03
   15.63232722  0.47039998E+02    1.149000  0.10261876E+03
   15.64593238  0.46886322E+02    1.150000  0.10281647E+03
   15.65953754  0.46701532E+02    1.151000  0.10294210E+03
   15.67314270  0.46526531E+02    1.152000  0.10308522E+03
   15.68674786  0.46376334E+02    1.153000  0.10327960E+03
   15.70035301  0.46217584E+02    1.154000  0.10345142E+03
   15.71395817  0.46045342E+02    1.155000  0.10358928E+03
   15.72756333  0.45900303E+02    1.156000  0.10378473E+03
   15.74116849  0.45808544E+02    1.157000  0.10409796E+03
   15.75477365  0.45650158E+02    1.158000  0.10425694E+03
   15.76837881  0.45503188E+02    1.159000  0.10443852E+03
   15.78198397  0.45307873E+02    1.160000  0.10450525E+03
   15.79558912  0.45173122E+02    1.161000  0.10470792E+03
   15.80919428  0.44989953E+02    1.162000  0.10479475E+03
   15.82279944  0.44821509E+02    1.163000  0.10491188E+03
   15.83640460  0.44727970E+02    1.164000  0.10520136E+03
   15.85000976  0.44563443E+02    1.165000  0.10532094E+03
   15.86361492  0.44352520E+02    1.166000  0.10532660E+03
   15.87722008  0.44200003E+02    1.167000  0.10546683E+03
   15.89082524  0.44061608E+02    1.168000  0.10563745E+03
   15.90443039  0.43896934E+02    1.169000  0.10574162E+03
   15.91803555  0.43710998E+02    1.170000  0.10579059E+03
   15.93164071  0.43496706E+02    1.171000  0.10576638E+03
   15.94524587  0.43289893E+02    1.172000  0.10575557E+03
   15.95885103  0.43178662E+02    1.173000  0.10597465E+03
   15.97245619  0.43011277E+02    1.174000  0.10605274E+03
   15.98606135  0.42842315E+02    1.175000  0.10612312E+03
   15.99966650  0.42656106E+02    1.176000  0.10614674E+03
   16.01327166  0.42472242E+02    1.177000  0.10617199E+03
   16.02687682  0.42359824E+02    1.178000  0.10637247E+03
   16.04048198  0.42260359E+02    1.179000  0.10660307E+03
   16.05408714  0.42113809E+02    1.180000  0.10671210E+03
   16.06769230  0.41955465E+02    1.181000  0.10678778E+03
   16.08129746  0.41824852E+02    1.182000  0.10693076E+03
   16.09490261  0.41703644E+02    1.183000  0.10709492E+03
   16.10850777  0.41538869E+02    1.184000  0.10714395E+03
   16.12211293  0.41387521E+02    1.185000  0.10722402E+03
   16.13571809  0.41262537E+02    1.186000  0.10736925E+03
   16.14932325  0.41113080E+02    1.187000  0.10744768E+03
   16.16292841  0.40973943E+02    1.188000  0.10754980E+03
   16.17653357  0.40867737E+02    1.189000  0.10773557E+03
   16.19013872  0.40705296E+02    1.190000  0.10777004E+03
   16.20374388  0.40546557E+02    1.191000  0.10781066E+03
   16.21734904  0.40437512E+02    1.192000  0.10798037E+03
   16.23095420  0.40321251E+02    1.193000  0.10812825E+03
   16.24455936  0.40187443E+02    1.194000  0.10822623E+03
   16.25816452  0.40043936E+02    1.195000  0.10829494E+03
   16.27176968  0.39954459E+02    1.196000  0.10850712E+03
   16.28537483  0.39878829E+02    1.197000  0.10875503E+03
   16.29897999  0.39717587E+02    1.198000  0.10876677E+03
   16.31258515  0.39620146E+02    1.199000  0.10895029E+03
   16.32619031  0.39479321E+02    1.200000  0.10901180E+03
   16.33979547  0.39358532E+02    1.201000  0.10912566E+03
   16.35340063  0.39241182E+02    1.202000  0.10924635E+03
   16.36700579  0.39099090E+02    1.203000  0.10929521E+03
   16.39421610  0.38852245E+02    1.205000  0.10948846E+03
   16.40782126  0.38721632E+02    1.206000  0.10956053E+03
   16.42142642  0.38549653E+02    1.207000  0.10951212E+03
   16.43503158  0.38420091E+02    1.208000  0.10958078E+03
   16.44863674  0.38280026E+02    1.209000  0.10961642E+03
   16.46224190  0.38141925E+02    1.210000  0.10965452E+03
   16.47584705  0.37997521E+02    1.211000  0.10967129E+03
   16.48945221  0.37866526E+02    1.212000  0.10972363E+03
   16.50305737  0.37708957E+02    1.213000  0.10969569E+03
   16.51666253  0.37582525E+02    1.214000  0.10975510E+03
   16.53026769  0.37470612E+02    1.215000  0.10985420E+03
   16.54387285  0.37382200E+02    1.216000  0.11001992E+03
   16.55747801  0.37196690E+02    1.217000  0.10989676E+03
   16.57108316  0.37043066E+02    1.218000  0.10986395E+03
   16.58468832  0.36899355E+02    1.219000  0.10985716E+03
   16.59829348  0.36800892E+02    1.220000  0.10998233E+03
   16.61189864  0.36696955E+02    1.221000  0.11008884E+03
   16.62550380  0.36595862E+02    1.222000  0.11020155E+03
   16.63910896  0.36509258E+02    1.223000  0.11035576E+03
   16.65271412  0.36395637E+02    1.224000  0.11042603E+03
   16.67992443  0.36164912E+02    1.226000  0.11054817E+03
   16.69352959  0.36081641E+02    1.227000  0.11070377E+03
   16.70713475  0.35932192E+02    1.228000  0.11065368E+03
   16.72073991  0.35777996E+02    1.229000  0.11058552E+03
   16.73434507  0.35647408E+02    1.230000  0.11058709E+03
   16.74795023  0.35532168E+02    1.231000  0.11063348E+03
   16.76155538  0.35385081E+02    1.232000  0.11057773E+03
   16.77516054  0.35273099E+02    1.233000  0.11062874E+03
   16.78876570  0.35140639E+02    1.234000  0.11061274E+03
   16.80237086  0.35005149E+02    1.235000  0.11058416E+03
   16.81597602  0.34901554E+02    1.236000  0.11065362E+03
   16.82958118  0.34768603E+02    1.237000  0.11062732E+03
   16.84318634  0.34654311E+02    1.238000  0.11065758E+03
   16.85679150  0.34561944E+02    1.239000  0.11075550E+03
   16.87039665  0.34445201E+02    1.240000  0.11077293E+03
   16.88400181  0.34332847E+02    1.241000  0.11080187E+03
   16.89760697  0.34234830E+02    1.242000  0.11087469E+03
   16.91121213  0.34123389E+02    1.243000  0.11090165E+03
   16.92481729  0.34009250E+02    1.244000  0.11091728E+03
   16.93842245  0.33895538E+02    1.245000  0.11093171E+03
   16.95202761  0.33783474E+02    1.246000  0.11094897E+03
   16.96563276  0.33683268E+02    1.247000  0.11100276E+03
   16.97923792  0.33595430E+02    1.248000  0.11109517E+03
   16.99284308  0.33476084E+02    1.249000  0.11108103E+03
   17.00644824  0.33333984E+02    1.250000  0.11098842E+03
   17.02005340  0.33239955E+02    1.251000  0.11105318E+03
   17.03365856  0.33142587E+02    1.252000  0.11110461E+03
   17.04726372  0.33028736E+02    1.253000  0.11109838E+03
   17.06086887  0.32930368E+02    1.254000  0.11114182E+03
   17.07447403  0.32805239E+02    1.255000  0.11109240E+03
   17.08807919  0.32723666E+02    1.256000  0.11118813E+03
   17.10168435  0.32634835E+02    1.257000  0.11125726E+03
   17.11528951  0.32524445E+02    1.258000  0.11125063E+03
   17.12889467  0.32452440E+02    1.259000  0.11137322E+03
   17.14249983  0.32323975E+02    1.260000  0.11129977E+03
   17.15610498  0.32238106E+02    1.261000  0.11137055E+03
   17.16971014  0.32149487E+02    1.262000  0.11142985E+03
   17.18331530  0.32053445E+02    1.263000  0.11146132E+03
   17.19692046  0.31930503E+02    1.264000  0.11139676E+03
   17.21052562  0.31835233E+02    1.265000  0.11142626E+03
   17.22413078  0.31753204E+02    1.266000  0.11150009E+03
   17.23773594  0.31647332E+02    1.267000  0.11148806E+03
   17.25134109  0.31537999E+02    1.268000  0.11146139E+03
   17.26494625  0.31435123E+02    1.269000  0.11145513E+03
   17.27855141  0.31329652E+02    1.270000  0.11143730E+03
   17.29215657  0.31212623E+02    1.271000  0.11137583E+03
   17.30576173  0.31137596E+02    1.272000  0.11146205E+03
   17.31936689  0.31047978E+02    1.273000  0.11149417E+03
   17.33297205  0.30954939E+02    1.274000  0.11151193E+03
   17.34657720  0.30829692E+02    1.275000  0.11141118E+03
   17.36018236  0.30744359E+02    1.276000  0.11145228E+03
   17.37378752  0.30639384E+02    1.277000  0.11142001E+03
   17.38739268  0.30541964E+02    1.278000  0.11141291E+03
   17.40099784  0.30457992E+02    1.279000  0.11145281E+03
   17.41460300  0.30383986E+02    1.280000  0.11152738E+03
   17.42820816  0.30287425E+02    1.281000  0.11151722E+03
   17.44181331  0.30213184E+02    1.282000  0.11158730E+03
   17.45541847  0.30116652E+02    1.283000  0.11157311E+03
   17.46902363  0.30011547E+02    1.284000  0.11152487E+03
   17.48262879  0.29914794E+02    1.285000  0.11150537E+03
   17.49623395  0.29830315E+02    1.286000  0.11152956E+03
   17.50983911  0.29749929E+02    1.287000  0.11156718E+03
   17.52344427  0.29656037E+02    1.288000  0.11155217E+03
   17.53704942  0.29561017E+02    1.289000  0.11153077E+03
   17.55065458  0.29479083E+02    1.290000  0.11155673E+03
   17.56425974  0.29389265E+02    1.291000  0.11155090E+03
   17.57786490  0.29326258E+02    1.292000  0.11164510E+03
   17.59147006  0.29241289E+02    1.293000  0.11165401E+03
   17.60507522  0.29151986E+02    1.294000  0.11164439E+03
   17.61868038  0.29072376E+02    1.295000  0.11166997E+03
   17.63228553  0.28959206E+02    1.296000  0.11156445E+03
   17.64589069  0.28890878E+02    1.297000  0.11162962E+03
   17.65949585  0.28816073E+02    1.298000  0.11166814E+03
   17.67310101  0.28718460E+02    1.299000  0.11161631E+03
   17.68670617  0.28657565E+02    1.300000  0.11170539E+03
   17.70031133  0.28569913E+02    1.301000  0.11168848E+03
   17.71391649  0.28477989E+02    1.302000  0.11165283E+03
   17.72752164  0.28403542E+02    1.303000  0.11168381E+03
   17.74112680  0.28330013E+02    1.304000  0.11171672E+03
   17.75473196  0.28260387E+02    1.305000  0.11176339E+03
   17.76833712  0.28167118E+02    1.306000  0.11171471E+03
   17.78194228  0.28096882E+02    1.307000  0.11175552E+03
   17.79554744  0.28017371E+02    1.308000  0.11175774E+03
   17.80915260  0.27953149E+02    1.309000  0.11181931E+03
   17.82275776  0.27878964E+02    1.310000  0.11183945E+03
   17.83636291  0.27802911E+02    1.311000  0.11185039E+03
   17.84996807  0.27717027E+02    1.312000  0.11181994E+03
   17.86357323  0.27625352E+02    1.313000  0.11176411E+03
   17.87717839  0.27565967E+02    1.314000  0.11183720E+03
   17.89078355  0.27482426E+02    1.315000  0.11181066E+03
   17.90438871  0.27413003E+02    1.316000  0.11183982E+03
   17.91799387  0.27346574E+02    1.317000  0.11187965E+03
   17.93159902  0.27277722E+02    1.318000  0.11190803E+03
   17.94520418  0.27189155E+02    1.319000  0.11185374E+03
   17.95880934  0.27131244E+02    1.320000  0.11192390E+03
   17.97241450  0.27049623E+02    1.321000  0.11189466E+03
   17.98601966  0.26977631E+02    1.322000  0.11190351E+03
   17.99962482  0.26901885E+02    1.323000  0.11189511E+03
   18.01322998  0.26812586E+02    1.324000  0.11182846E+03
   18.02683513  0.26717962E+02    1.325000  0.11173751E+03
   18.04044029  0.26632195E+02    1.326000  0.11168155E+03
   18.05404545  0.26559914E+02    1.327000  0.11168035E+03
   18.06765061  0.26476243E+02    1.328000  0.11162948E+03
   18.08125577  0.26406606E+02    1.329000  0.11163604E+03
   18.09486093  0.26323330E+02    1.330000  0.11158320E+03
   18.10846609  0.26244271E+02    1.331000  0.11154639E+03
   18.12207124  0.26166797E+02    1.332000  0.11151454E+03
   18.13567640  0.26088481E+02    1.333000  0.11147733E+03
   18.14928156  0.26033473E+02    1.334000  0.11153820E+03
   18.16288672  0.25960100E+02    1.335000  0.11151893E+03
   18.17649188  0.25900746E+02    1.336000  0.11155837E+03
   18.19009704  0.25839789E+02    1.337000  0.11158954E+03
   18.20370220  0.25756660E+02    1.338000  0.11152332E+03
   18.21730735  0.25684280E+02    1.339000  0.11150188E+03
   18.23091251  0.25607965E+02    1.340000  0.11146166E+03
   18.24451767  0.25552060E+02    1.341000  0.11150878E+03
   18.25812283  0.25477710E+02    1.342000  0.11147392E+03
   18.27172799  0.25398442E+02    1.343000  0.11141580E+03
   18.28533315  0.25320553E+02    1.344000  0.11136194E+03
   18.29893831  0.25250606E+02    1.345000  0.11134133E+03
   18.31254346  0.25186221E+02    1.346000  0.11134372E+03
   18.32614862  0.25138959E+02    1.347000  0.11142054E+03
   18.33975378  0.25037940E+02    1.348000  0.11125741E+03
   18.35335894  0.24950880E+02    1.349000  0.11115417E+03
   18.36696410  0.24875084E+02    1.350000  0.11109926E+03
   18.38056926  0.24794154E+02    1.351000  0.11101964E+03
   18.39417442  0.24718273E+02    1.352000  0.11096084E+03
   18.40777957  0.24657928E+02    1.353000  0.11097024E+03
   18.42138473  0.24575937E+02    1.354000  0.11088060E+03
   18.43498989  0.24514122E+02    1.355000  0.11088036E+03
   18.44859505  0.24451956E+02    1.356000  0.11087712E+03
   18.46220021  0.24395013E+02    1.357000  0.11089621E+03
   18.47580537  0.24326110E+02    1.358000  0.11085950E+03
   18.48941053  0.24263934E+02    1.359000  0.11085196E+03
   18.50301568  0.24193318E+02    1.360000  0.11080435E+03
   18.51662084  0.24136577E+02    1.361000  0.11081884E+03
   18.53022600  0.24086072E+02    1.362000  0.11086074E+03
   18.54383116  0.24035356E+02    1.363000  0.11090052E+03
   18.55743632  0.23966037E+02    1.364000  0.11085310E+03
   18.57104148  0.23931468E+02    1.365000  0.11096523E+03
   18.58464664  0.23879043E+02    1.366000  0.11099358E+03
   18.59825179  0.23812877E+02    1.367000  0.11095671E+03
   18.61185695  0.23763894E+02    1.368000  0.11099860E+03
   18.62546211  0.23709700E+02    1.369000  0.11101497E+03
   18.63906727  0.23659696E+02    1.370000  0.11104978E+03
   18.65267243  0.23594476E+02    1.371000  0.11101186E+03
   18.66627759  0.23542298E+02    1.372000  0.11103397E+03
   18.67988275  0.23477660E+02    1.373000  0.11099598E+03
   18.69348790  0.23424521E+02    1.374000  0.11101102E+03
   18.70709306  0.34524529E+02    1.375000  0.16400745E+03
   18.72069822  0.23322505E+02    1.376000  0.11105777E+03
   18.73430338  0.23276700E+02    1.377000  0.11110424E+03
   18.74790854  0.23214615E+02    1.378000  0.11107178E+03
   18.76151370  0.23164154E+02    1.379000  0.11109365E+03
   18.77511886  0.23083997E+02    1.380000  0.11097162E+03
   18.78872402  0.23048924E+02    1.381000  0.11106501E+03
   18.80232917  0.23003544E+02    1.382000  0.11110782E+03
   18.81593433  0.28509644E+02    1.383000  0.13802652E+03
   18.82953949  0.22875872E+02    1.384000  0.11101122E+03
   18.84314465  0.22819794E+02    1.385000  0.11099848E+03
   18.85674981  0.22753601E+02    1.386000  0.11093515E+03
   18.87035497  0.22699833E+02    1.387000  0.11093103E+03
   18.88396013  0.22650674E+02    1.388000  0.11094827E+03
   18.89756528  0.22590718E+02    1.389000  0.11091138E+03
   18.91117044  0.22535872E+02    1.390000  0.11089827E+03
   18.92477560  0.22475467E+02    1.391000  0.11085650E+03
   18.93838076  0.22424091E+02    1.392000  0.11085799E+03
   18.95198592  0.22358216E+02    1.393000  0.11078647E+03
   18.96559108  0.22923764E+02    1.394000  0.11384937E+03
   18.97919624  0.22262411E+02    1.395000  0.11081786E+03
   18.99280139  0.22200816E+02    1.396000  0.11076361E+03
   19.00640655  0.22141847E+02    1.397000  0.11072109E+03
   19.02001171  0.22077862E+02    1.398000  0.11065209E+03
   19.03361687  0.27731753E+02    1.399000  0.13930407E+03
   19.04722203  0.21973229E+02    1.400000  0.11062722E+03
   19.06082719  0.21912760E+02    1.401000  0.11057186E+03
   19.07443235  0.21863591E+02    1.402000  0.11057228E+03
   19.08803750  0.21811367E+02    1.403000  0.11055609E+03
   19.10164266  0.21755722E+02    1.404000  0.11052134E+03
   19.11524782  0.21702685E+02    1.405000  0.11049860E+03
   19.12885298  0.21651303E+02    1.406000  0.11048310E+03
   19.14245814  0.21596264E+02    1.407000  0.11044773E+03
   19.15606330  0.21541758E+02    1.408000  0.11041384E+03
   19.16966846  0.21487999E+02    1.409000  0.11038255E+03
   19.18327361  0.21434004E+02    1.410000  0.11034882E+03
   19.19687877  0.21384887E+02    1.411000  0.11033903E+03
   19.21048393  0.21335581E+02    1.412000  0.11032715E+03
   19.22408909  0.21280548E+02    1.413000  0.11028447E+03
   19.23769425  0.21226829E+02    1.414000  0.11024736E+03
   19.25129941  0.21177022E+02    1.415000  0.11022939E+03
   19.26490457  0.21134535E+02    1.416000  0.11024848E+03
   19.27850972  0.21086798E+02    1.417000  0.11023915E+03
   19.29211488  0.21032604E+02    1.418000  0.11019491E+03
   19.30572004  0.20980323E+02    1.419000  0.11015948E+03
   19.31932520  0.20940195E+02    1.420000  0.11018681E+03
   19.33293036  0.20886918E+02    1.421000  0.11014389E+03
   19.34653552  0.20846776E+02    1.422000  0.11016917E+03
   19.36014068  0.20794995E+02    1.423000  0.11013190E+03
   19.37374583  0.20749143E+02    1.424000  0.11012492E+03
   19.38735099  0.20697448E+02    1.425000  0.11008582E+03
   19.40095615  0.20655570E+02    1.426000  0.11009787E+03
   19.41456131  0.21331376E+02    1.427000  0.11394251E+03
   19.42816647  0.20545142E+02    1.428000  0.10997634E+03
   19.44177163  0.20495948E+02    1.429000  0.10994599E+03
   19.45537679  0.20446548E+02    1.430000  0.10991341E+03
   19.46898194  0.20408920E+02    1.431000  0.10994312E+03
   19.48258710  0.20363273E+02    1.432000  0.10992869E+03
   19.49619226  0.20318722E+02    1.433000  0.10991915E+03
   19.50979742  0.20501929E+02    1.434000  0.11114330E+03
   19.52340258  0.21160112E+02    1.435000  0.11495191E+03
   19.53700774  0.20186454E+02    1.436000  0.10989199E+03
   19.55061290  0.20146404E+02    1.437000  0.10990297E+03
   19.56421805  0.20105993E+02    1.438000  0.10991106E+03
   19.57782321  0.20062443E+02    1.439000  0.10990104E+03
   19.59142837  0.20023618E+02    1.440000  0.10991597E+03
   19.99958313  0.19530066E+02    1.470000  0.11386665E+03
   24.99947891  0.99965580E+01    1.837500  0.10004251E+03
   29.99937469  0.63671280E+01    2.205000  0.90318127E+02
   34.99927048  0.44184738E+01    2.572500  0.81133938E+02
   39.99916626  0.32259932E+01    2.940000  0.72713256E+02
   44.99906204  0.24265776E+01    3.307500  0.64831297E+02
   49.99895782  0.18656629E+01    3.675000  0.57638804E+02
   54.99885361  0.14627552E+01    4.042500  0.51301626E+02
   59.99874939  0.11658263E+01    4.410000  0.45757847E+02
   64.99864517  0.94225481E+00    4.777500  0.40918973E+02
   69.99854095  0.77091966E+00    5.145000  0.36698877E+02
   74.99843674  0.63771054E+00    5.512500  0.33021540E+02
   79.99833252  0.53281620E+00    5.880000  0.29815735E+02
   84.99822830  0.44896927E+00    6.247500  0.26999275E+02
   89.99812408  0.38148022E+00    6.615000  0.24534329E+02
   94.99801987  0.32652843E+00    6.982500  0.22364217E+02
   99.99791565  0.28135646E+00    7.350000  0.20445679E+02
  104.99781143  0.24388312E+00    7.717500  0.18741347E+02
  109.99770721  0.21265720E+00    8.085000  0.17230120E+02
  114.99760300  0.18637076E+00    8.452500  0.15878854E+02
  119.99749878  0.16411992E+00    8.820000  0.14668664E+02
  124.99739456  0.14520896E+00    9.187500  0.13585037E+02
  129.99729034  0.12897756E+00    9.555000  0.12605294E+02
  134.99718613  0.11504525E+00    9.922500  0.11724242E+02
