       eV          sigma            Ry          om               in 10^-16                                                                       
   10.94845805  0.00000000E+00    0.804728  0.00000000E+00
   10.95215267  0.19170032E+01    0.805000  0.10197904E+01
   10.96575782  0.34794755E+01    0.806000  0.18984420E+01
   10.97936298  0.43172173E+01    0.807000  0.24144121E+01
   10.99296814  0.49868727E+01    0.808000  0.28569411E+01
   11.00657330  0.56141179E+01    0.809000  0.32928638E+01
   11.02017846  0.62241574E+01    0.810000  0.37355719E+01
   11.03378362  0.68221126E+01    0.811000  0.41875048E+01
   11.04738878  0.72872270E+01    0.812000  0.45723989E+01
   11.06099394  0.78344945E+01    0.813000  0.50226496E+01
   11.07459909  0.83687785E+01    0.814000  0.54793294E+01
   11.08820425  0.88901897E+01    0.815000  0.59419811E+01
   11.10180941  0.93989866E+01    0.816000  0.64102541E+01
   11.11541457  0.98955768E+01    0.817000  0.68839158E+01
   11.12901973  0.10380351E+02    0.818000  0.73627436E+01
   11.14262489  0.10830039E+02    0.819000  0.78294319E+01
   11.15623005  0.11284309E+02    0.820000  0.83117624E+01
   11.16983520  0.11727010E+02    0.821000  0.87978068E+01
   11.18344036  0.12158384E+02    0.822000  0.92872766E+01
   11.19704552  0.12578712E+02    0.823000  0.97799260E+01
   11.21065068  0.12988068E+02    0.824000  0.10275362E+02
   11.22425584  0.13386555E+02    0.825000  0.10773218E+02
   11.23786100  0.13774155E+02    0.826000  0.11273035E+02
   11.25146616  0.14172623E+02    0.827000  0.11792469E+02
   11.26507131  0.14536780E+02    0.828000  0.12293757E+02
   11.27867647  0.14889476E+02    0.829000  0.12795130E+02
   11.29228163  0.15230681E+02    0.830000  0.13296094E+02
   11.30588679  0.15560514E+02    0.831000  0.13796283E+02
   11.31949195  0.15878970E+02    0.832000  0.14295229E+02
   11.33309711  0.16186159E+02    0.833000  0.14792565E+02
   11.34670227  0.16482233E+02    0.834000  0.15287971E+02
   11.36030742  0.16767343E+02    0.835000  0.15781136E+02
   11.37391258  0.17041683E+02    0.836000  0.16271795E+02
   11.38751774  0.17305466E+02    0.837000  0.16759715E+02
   11.40112290  0.17558972E+02    0.838000  0.17244738E+02
   11.41472806  0.17821165E+02    0.839000  0.17745326E+02
   11.42833322  0.18054645E+02    0.840000  0.18224085E+02
   11.44193838  0.18278490E+02    0.841000  0.18699356E+02
   11.45554353  0.18493008E+02    0.842000  0.19171065E+02
   11.46914869  0.18698545E+02    0.843000  0.19639194E+02
   11.48275385  0.18895346E+02    0.844000  0.20103635E+02
   11.49635901  0.19083725E+02    0.845000  0.20564370E+02
   11.50996417  0.19263942E+02    0.846000  0.21021337E+02
   11.52356933  0.19436406E+02    0.847000  0.21474655E+02
   11.53717449  0.19601025E+02    0.848000  0.21923903E+02
   11.55077964  0.19758152E+02    0.849000  0.22369159E+02
   11.56438480  0.19907785E+02    0.850000  0.22810116E+02
   11.57798996  0.20049401E+02    0.851000  0.23245859E+02
   11.59159512  0.20198033E+02    0.852000  0.23693697E+02
   11.60520028  0.20322858E+02    0.853000  0.24117337E+02
   11.61880544  0.20457760E+02    0.854000  0.24556478E+02
   11.63241060  0.20561065E+02    0.855000  0.24960941E+02
   11.64601575  0.20645441E+02    0.856000  0.25344985E+02
   11.65962091  0.20692882E+02    0.857000  0.25685484E+02
   11.67322607  0.20806984E+02    0.858000  0.26110931E+02
   11.68683123  0.21028747E+02    0.859000  0.26676065E+02
   11.70043639  0.20343772E+02    0.860000  0.26084635E+02
   11.71404155  0.20897018E+02    0.861000  0.27079046E+02
   11.72764671  0.21068414E+02    0.862000  0.27588528E+02
   11.74125186  0.21129590E+02    0.863000  0.27956853E+02
   11.75485702  0.22619732E+02    0.864000  0.30237022E+02
   11.76846218  0.22223629E+02    0.865000  0.30010669E+02
   11.78206734  0.22452337E+02    0.866000  0.30625773E+02
   11.79567250  0.21761565E+02    0.867000  0.29980372E+02
   11.80927766  0.21685695E+02    0.868000  0.30171649E+02
   11.82288282  0.21769670E+02    0.869000  0.30585432E+02
   11.83648797  0.21786458E+02    0.870000  0.30906194E+02
   11.85009313  0.21798567E+02    0.871000  0.31220713E+02
   11.86369829  0.21768974E+02    0.872000  0.31475266E+02
   11.87730345  0.21483781E+02    0.873000  0.31355959E+02
   11.89090861  0.21506237E+02    0.874000  0.31682087E+02
   11.90451377  0.21551402E+02    0.875000  0.32042593E+02
   11.91811893  0.21621159E+02    0.876000  0.32441228E+02
   11.93172408  0.21709707E+02    0.877000  0.32870218E+02
   11.94532924  0.21802192E+02    0.878000  0.33307638E+02
   11.95893440  0.21893622E+02    0.879000  0.33745955E+02
   11.97253956  0.22001050E+02    0.880000  0.34211643E+02
   11.98614472  0.22045820E+02    0.881000  0.34581974E+02
   11.99974988  0.22033793E+02    0.882000  0.34863658E+02
   12.01335504  0.21965820E+02    0.883000  0.35055727E+02
   12.02696020  0.21637272E+02    0.884000  0.34826532E+02
   12.04056535  0.21377143E+02    0.885000  0.34699431E+02
   12.05417051  0.21289160E+02    0.886000  0.34847008E+02
   12.06777567  0.21235373E+02    0.887000  0.35048627E+02
   12.08138083  0.21156649E+02    0.888000  0.35207279E+02
   12.09498599  0.21132083E+02    0.889000  0.35454647E+02
   12.10859115  0.20998560E+02    0.890000  0.35517056E+02
   12.12219631  0.20790569E+02    0.891000  0.35448851E+02
   12.13580146  0.20339835E+02    0.892000  0.34957773E+02
   12.14940662  0.20087258E+02    0.893000  0.34797670E+02
   12.16301178  0.19891438E+02    0.894000  0.34729773E+02
   12.17661694  0.19665948E+02    0.895000  0.34604326E+02
   12.19022210  0.19441415E+02    0.896000  0.34474425E+02
   12.20382726  0.19197040E+02    0.897000  0.34302943E+02
   12.21743242  0.18950948E+02    0.898000  0.34121703E+02
   12.23103757  0.18705466E+02    0.899000  0.33934855E+02
   12.24464273  0.18485479E+02    0.900000  0.33787912E+02
   12.25824789  0.18254509E+02    0.901000  0.33614742E+02
   12.27185305  0.18033661E+02    0.902000  0.33454047E+02
   12.28545821  0.17822005E+02    0.903000  0.33304506E+02
   12.29906337  0.17614893E+02    0.904000  0.33157743E+02
   12.31266853  0.17394948E+02    0.905000  0.32981000E+02
   12.32627368  0.17142754E+02    0.906000  0.32736670E+02
   12.33987884  0.16779254E+02    0.907000  0.32271388E+02
   12.35348400  0.16547438E+02    0.908000  0.32051252E+02
   12.36708916  0.16654265E+02    0.909000  0.32485339E+02
   12.38069432  0.16542852E+02    0.910000  0.32493672E+02
   12.39429948  0.16539461E+02    0.911000  0.32712616E+02
   12.40790464  0.16587572E+02    0.912000  0.33034033E+02
   12.42150979  0.16546495E+02    0.913000  0.33177929E+02
   12.43511495  0.16483805E+02    0.914000  0.33277072E+02
   12.44872011  0.16420763E+02    0.915000  0.33373791E+02
   12.46232527  0.16355719E+02    0.916000  0.33464694E+02
   12.47593043  0.16297262E+02    0.917000  0.33567388E+02
   12.48953559  0.16241711E+02    0.918000  0.33674514E+02
   12.50314075  0.16188653E+02    0.919000  0.33785326E+02
   12.51674590  0.16139762E+02    0.920000  0.33903444E+02
   12.53035106  0.16091002E+02    0.921000  0.34020505E+02
   12.54395622  0.16044036E+02    0.922000  0.34140055E+02
   12.55756138  0.15998775E+02    0.923000  0.34261972E+02
   12.57116654  0.15955119E+02    0.924000  0.34386117E+02
   12.58477170  0.15913241E+02    0.925000  0.34512924E+02
   12.59837686  0.15873462E+02    0.926000  0.34643172E+02
   12.61198201  0.15836466E+02    0.927000  0.34778444E+02
   12.62558717  0.15803431E+02    0.928000  0.34921461E+02
   12.63919233  0.15773503E+02    0.929000  0.35070485E+02
   12.65279749  0.15756246E+02    0.930000  0.35247037E+02
   12.66640265  0.15742630E+02    0.931000  0.35431315E+02
   12.68000781  0.15586442E+02    0.932000  0.35292392E+02
   12.69361297  0.15248846E+02    0.933000  0.34735974E+02
   12.70721812  0.15244491E+02    0.934000  0.34933994E+02
   12.72082328  0.15255021E+02    0.935000  0.35166210E+02
   12.73442844  0.15243498E+02    0.936000  0.35347574E+02
   12.74803360  0.15222328E+02    0.937000  0.35506121E+02
   12.76163876  0.15193158E+02    0.938000  0.35645323E+02
   12.77524392  0.15091225E+02    0.939000  0.35612023E+02
   12.78884908  0.14704301E+02    0.940000  0.34899540E+02
   12.80245423  0.14663903E+02    0.941000  0.35003679E+02
   12.81605939  0.14701308E+02    0.942000  0.35293500E+02
   12.82966455  0.14760145E+02    0.943000  0.35636084E+02
   12.84326971  0.14572240E+02    0.944000  0.35381187E+02
   12.85687487  0.14387460E+02    0.945000  0.35128794E+02
   12.87048003  0.14156368E+02    0.946000  0.34757652E+02
   12.88408519  0.14382568E+02    0.947000  0.35509217E+02
   12.89769034  0.14616900E+02    0.948000  0.36287142E+02
   12.91129550  0.14833854E+02    0.949000  0.37028080E+02
   12.92490066  0.14996421E+02    0.950000  0.37638435E+02
   12.93850582  0.15135160E+02    0.951000  0.38193095E+02
   12.95211098  0.15268161E+02    0.952000  0.38736982E+02
   12.96571614  0.15408159E+02    0.953000  0.39302347E+02
   12.97932130  0.15068175E+02    0.954000  0.38640669E+02
   12.99292646  0.14557298E+02    0.955000  0.37529149E+02
   13.00653161  0.14101517E+02    0.956000  0.36546482E+02
   13.02013677  0.13828442E+02    0.957000  0.36027385E+02
   13.03374193  0.13730314E+02    0.958000  0.35959018E+02
   13.04734709  0.13706758E+02    0.959000  0.36084293E+02
   13.06095225  0.13657769E+02    0.960000  0.36141623E+02
   13.07455741  0.13639571E+02    0.961000  0.36279515E+02
   13.08816257  0.13657896E+02    0.962000  0.36514555E+02
   13.10176772  0.13628594E+02    0.963000  0.36622116E+02
   13.11537288  0.13589072E+02    0.964000  0.36701275E+02
   13.12897804  0.13536531E+02    0.965000  0.36744017E+02
   13.14258320  0.13479656E+02    0.966000  0.36773501E+02
   13.15618836  0.13419177E+02    0.967000  0.36791553E+02
   13.16979352  0.13362569E+02    0.968000  0.36818620E+02
   13.18339868  0.13303559E+02    0.969000  0.36837493E+02
   13.19700383  0.13250724E+02    0.970000  0.36871937E+02
   13.21060899  0.13201838E+02    0.971000  0.36915982E+02
   13.22421415  0.13167997E+02    0.972000  0.37000972E+02
   13.23781931  0.13120524E+02    0.973000  0.37046545E+02
   13.25142447  0.13029729E+02    0.974000  0.36967912E+02
   13.26502963  0.12990432E+02    0.975000  0.37033613E+02
   13.27863479  0.12898439E+02    0.976000  0.36947295E+02
   13.30584510  0.12847887E+02    0.978000  0.37152990E+02
   13.31945026  0.12806322E+02    0.979000  0.37207476E+02
   13.33305542  0.12759155E+02    0.980000  0.37244477E+02
   13.34666058  0.12727108E+02    0.981000  0.37324535E+02
   13.36026574  0.12688705E+02    0.982000  0.37384989E+02
   13.37387090  0.12647290E+02    0.983000  0.37435481E+02
   13.38747605  0.12570529E+02    0.984000  0.37379740E+02
   13.40108121  0.12501693E+02    0.985000  0.37345577E+02
   13.41468637  0.12461699E+02    0.986000  0.37396087E+02
   13.42829153  0.12443530E+02    0.987000  0.37511299E+02
   13.44189669  0.12411293E+02    0.988000  0.37583415E+02
   13.45550185  0.12415680E+02    0.989000  0.37766053E+02
   13.46910701  0.12367784E+02    0.990000  0.37789065E+02
   13.48271216  0.12328327E+02    0.991000  0.37836670E+02
   13.49631732  0.12302181E+02    0.992000  0.37924231E+02
   13.50992248  0.12266049E+02    0.993000  0.37980159E+02
   13.52352764  0.12213859E+02    0.994000  0.37985164E+02
   13.53713280  0.12173932E+02    0.995000  0.38027048E+02
   13.55073796  0.12164341E+02    0.996000  0.38163014E+02
   13.56434312  0.12187111E+02    0.997000  0.38400686E+02
   13.57794827  0.12163752E+02    0.998000  0.38493003E+02
   13.59155343  0.12042432E+02    0.999000  0.38273341E+02
   13.60515859  0.11937416E+02    1.000000  0.38102409E+02
   13.61876375  0.11821894E+02    1.001000  0.37894936E+02
   13.63236891  0.11809145E+02    1.002000  0.38015150E+02
   13.64597407  0.11849608E+02    1.003000  0.38307041E+02
   13.65957923  0.11876571E+02    1.004000  0.38556205E+02
   13.67318438  0.11819911E+02    1.005000  0.38533493E+02
   13.70039470  0.11596368E+02    1.007000  0.38121090E+02
   13.71399986  0.11444658E+02    1.008000  0.37778480E+02
   13.75481534  0.11348281E+02    1.011000  0.37924726E+02
   13.76842049  0.11400963E+02    1.012000  0.38256297E+02
   13.78202565  0.11398565E+02    1.013000  0.38403732E+02
   13.79563081  0.11350872E+02    1.014000  0.38397876E+02
   13.80923597  0.11301632E+02    1.015000  0.38385466E+02
   13.82284113  0.11282918E+02    1.016000  0.38475806E+02
   13.83644629  0.11226731E+02    1.017000  0.38437341E+02
   13.85005145  0.11157035E+02    1.018000  0.38350908E+02
   13.86365660  0.11102510E+02    1.019000  0.38314927E+02
   13.87726176  0.11048363E+02    1.020000  0.38278769E+02
   13.89086692  0.11001344E+02    1.021000  0.38265927E+02
   13.90447208  0.10929485E+02    1.022000  0.38165062E+02
   13.91807724  0.10850160E+02    1.023000  0.38036064E+02
   13.93168240  0.10847726E+02    1.024000  0.38175498E+02
   13.94528756  0.10857778E+02    1.025000  0.38358980E+02
   13.95889272  0.10822465E+02    1.026000  0.38381844E+02
   13.97249787  0.10804181E+02    1.027000  0.38464374E+02
   13.98610303  0.10806873E+02    1.028000  0.38621368E+02
   13.99970819  0.10816793E+02    1.029000  0.38804367E+02
   14.01331335  0.10802175E+02    1.030000  0.38899270E+02
   14.02691851  0.10770908E+02    1.031000  0.38933595E+02
   14.04052367  0.10724526E+02    1.032000  0.38912224E+02
   14.05412883  0.10693621E+02    1.033000  0.38945956E+02
   14.06773398  0.10674315E+02    1.034000  0.39021246E+02
   14.08133914  0.10654845E+02    1.035000  0.39095408E+02
   14.09494430  0.10612276E+02    1.036000  0.39083968E+02
   14.10854946  0.10608980E+02    1.037000  0.39216537E+02
   14.12215462  0.10587602E+02    1.038000  0.39281933E+02
   14.13575978  0.10550654E+02    1.039000  0.39288763E+02
   14.14936494  0.10489345E+02    1.040000  0.39203537E+02
   14.16297009  0.10450555E+02    1.041000  0.39201112E+02
   14.17657525  0.10412462E+02    1.042000  0.39200251E+02
   14.19018041  0.10371616E+02    1.043000  0.39187949E+02
   14.20378557  0.10314419E+02    1.044000  0.39112530E+02
   14.21739073  0.10260556E+02    1.045000  0.39048237E+02
   14.23099589  0.10207021E+02    1.046000  0.38983729E+02
   14.24460105  0.10155769E+02    1.047000  0.38926513E+02
   14.25820620  0.10109052E+02    1.048000  0.38885341E+02
   14.27181136  0.10057832E+02    1.049000  0.38825508E+02
   14.28541652  0.10012774E+02    1.050000  0.38788152E+02
   14.29902168  0.99739074E+01    1.051000  0.38773638E+02
   14.31262684  0.99398054E+01    1.052000  0.38776649E+02
   14.32623200  0.98862797E+01    1.053000  0.38702690E+02
   14.33983716  0.98507905E+01    1.054000  0.38698126E+02
   14.35344231  0.98222886E+01    1.055000  0.38720138E+02
   14.36704747  0.97436408E+01    1.056000  0.38543010E+02
   14.38065263  0.97216578E+01    1.057000  0.38588659E+02
   14.39425779  0.97407434E+01    1.058000  0.38797284E+02
   14.40786295  0.97620202E+01    1.059000  0.39015187E+02
   14.42146811  0.97722512E+01    1.060000  0.39189374E+02
   14.43507327  0.97910592E+01    1.061000  0.39398353E+02
   14.44867842  0.98240912E+01    1.062000  0.39665275E+02
   14.46228358  0.98083465E+01    1.063000  0.39735495E+02
   14.47588874  0.97809231E+01    1.064000  0.39757813E+02
   14.48949390  0.97502399E+01    1.065000  0.39766088E+02
   14.50309906  0.97159977E+01    1.066000  0.39758962E+02
   14.51670422  0.96816439E+01    1.067000  0.39750444E+02
   14.53030938  0.96147367E+01    1.068000  0.39606888E+02
   14.54391453  0.95490196E+01    1.069000  0.39466426E+02
   14.55751969  0.95266476E+01    1.070000  0.39503909E+02
   14.57112485  0.94866629E+01    1.071000  0.39467507E+02
   14.58473001  0.94859348E+01    1.072000  0.39593870E+02
   14.59833517  0.94776609E+01    1.073000  0.39688614E+02
   14.61194033  0.94752873E+01    1.074000  0.39807921E+02
   14.62554549  0.94416603E+01    1.075000  0.39795434E+02
   14.63915064  0.93895532E+01    1.076000  0.39703886E+02
   14.65275580  0.93463751E+01    1.077000  0.39648795E+02
   14.66636096  0.93077363E+01    1.078000  0.39611844E+02
   14.67996612  0.92716359E+01    1.079000  0.39584677E+02
   14.69357128  0.92505712E+01    1.080000  0.39620924E+02
   14.70717644  0.92136346E+01    1.081000  0.39588399E+02
   14.72078160  0.91655744E+01    1.082000  0.39506920E+02
   14.73438675  0.91623848E+01    1.083000  0.39618150E+02
   14.74799191  0.91287350E+01    1.084000  0.39597168E+02
   14.76159707  0.90786478E+01    1.085000  0.39503744E+02
   14.77520223  0.90634816E+01    1.086000  0.39561381E+02
   14.78880739  0.90096682E+01    1.087000  0.39449385E+02
   14.80241255  0.90135843E+01    1.088000  0.39589481E+02
   14.81601771  0.89928047E+01    1.089000  0.39620878E+02
   14.82962286  0.90067709E+01    1.090000  0.39805267E+02
   14.84322802  0.89940704E+01    1.091000  0.39871820E+02
   14.85683318  0.89583906E+01    1.092000  0.39835843E+02
   14.87043834  0.89463819E+01    1.093000  0.39904475E+02
   14.88404350  0.89275056E+01    1.094000  0.39942054E+02
   14.89764866  0.88981396E+01    1.095000  0.39932043E+02
   14.91125382  0.88860686E+01    1.096000  0.39999082E+02
   14.92485898  0.88684584E+01    1.097000  0.40040782E+02
   14.93846413  0.88539208E+01    1.098000  0.40095916E+02
   14.95206929  0.88557446E+01    1.099000  0.40224971E+02
   14.96567445  0.88339271E+01    1.100000  0.40246369E+02
   14.97927961  0.87902199E+01    1.101000  0.40167146E+02
   14.99288477  0.87525796E+01    1.102000  0.40114536E+02
   15.00648993  0.87468487E+01    1.103000  0.40207581E+02
   15.02009509  0.87185473E+01    1.104000  0.40196409E+02
   15.03370024  0.86888747E+01    1.105000  0.40178125E+02
   15.04730540  0.86662745E+01    1.106000  0.40191831E+02
   15.06091056  0.86418984E+01    1.107000  0.40196660E+02
   15.07451572  0.86207268E+01    1.108000  0.40215773E+02
   15.08812088  0.85941802E+01    1.109000  0.40209161E+02
   15.10172604  0.85688203E+01    1.110000  0.40207393E+02
   15.11533120  0.85412806E+01    1.111000  0.40194675E+02
   15.12893635  0.85143755E+01    1.112000  0.40184201E+02
   15.14254151  0.84906305E+01    1.113000  0.40187950E+02
   15.15614667  0.84575606E+01    1.114000  0.40146788E+02
   15.16975183  0.84217693E+01    1.115000  0.40091768E+02
   15.18335699  0.84051514E+01    1.116000  0.40127308E+02
   15.19696215  0.83790631E+01    1.117000  0.40117053E+02
   15.21056731  0.83559008E+01    1.118000  0.40120135E+02
   15.22417246  0.83329396E+01    1.119000  0.40123553E+02
   15.23777762  0.83119717E+01    1.120000  0.40135970E+02
   15.25138278  0.82887026E+01    1.121000  0.40136672E+02
   15.26498794  0.82691702E+01    1.122000  0.40154884E+02
   15.27859310  0.82542508E+01    1.123000  0.40195027E+02
   15.29219826  0.82377070E+01    1.124000  0.40226831E+02
   15.30580342  0.82257784E+01    1.125000  0.40280783E+02
   15.31940857  0.82230141E+01    1.126000  0.40379412E+02
   15.33301373  0.82151454E+01    1.127000  0.40452830E+02
   15.34661889  0.81860935E+01    1.128000  0.40421435E+02
   15.36022405  0.81744061E+01    1.129000  0.40475227E+02
   15.37382921  0.81769555E+01    1.130000  0.40599387E+02
   15.38743437  0.81805798E+01    1.131000  0.40728968E+02
   15.40103953  0.81656263E+01    1.132000  0.40765901E+02
   15.41464468  0.81491483E+01    1.133000  0.40794794E+02
   15.42824984  0.81253129E+01    1.134000  0.40786306E+02
   15.44185500  0.81020793E+01    1.135000  0.40780197E+02
   15.45546016  0.80880266E+01    1.136000  0.40819789E+02
   15.46906532  0.80644232E+01    1.137000  0.40810666E+02
   15.48267048  0.80505424E+01    1.138000  0.40850234E+02
   15.50988079  0.80180393E+01    1.140000  0.40904044E+02
   15.52348595  0.79923334E+01    1.141000  0.40881924E+02
   15.53709111  0.79676473E+01    1.142000  0.40864333E+02
   15.55069627  0.79458391E+01    1.143000  0.40860868E+02
   15.56430143  0.79025295E+01    1.144000  0.40745945E+02
   15.57790659  0.78417034E+01    1.145000  0.40539286E+02
   15.59151175  0.77537878E+01    1.146000  0.40190553E+02
   15.60511690  0.76635873E+01    1.147000  0.39827547E+02
   15.61872206  0.76046131E+01    1.148000  0.39624789E+02
   15.63232722  0.75799481E+01    1.149000  0.39599662E+02
   15.64593238  0.75691576E+01    1.150000  0.39646536E+02
   15.65953754  0.75619648E+01    1.151000  0.39712009E+02
   15.67314270  0.75545975E+01    1.152000  0.39776367E+02
   15.68674786  0.75573630E+01    1.153000  0.39894013E+02
   15.70035301  0.75469422E+01    1.154000  0.39941947E+02
   15.71395817  0.75234542E+01    1.155000  0.39920260E+02
   15.72756333  0.75090932E+01    1.156000  0.39946486E+02
   15.74116849  0.74949866E+01    1.157000  0.39973677E+02
   15.75477365  0.74573430E+01    1.158000  0.39874630E+02
   15.76837881  0.74421975E+01    1.159000  0.39895161E+02
   15.78198397  0.74272241E+01    1.160000  0.39916204E+02
   15.79558912  0.74129691E+01    1.161000  0.39940709E+02
   15.80919428  0.73951601E+01    1.162000  0.39945628E+02
   15.82279944  0.73807065E+01    1.163000  0.39968231E+02
   15.83640460  0.73618140E+01    1.164000  0.39966342E+02
   15.85000976  0.73502111E+01    1.165000  0.40003611E+02
   15.86361492  0.73214121E+01    1.166000  0.39946739E+02
   15.87722008  0.73140623E+01    1.167000  0.40006404E+02
   15.89082524  0.72964788E+01    1.168000  0.40009753E+02
   15.90443039  0.72748008E+01    1.169000  0.39990114E+02
   15.91803555  0.72684279E+01    1.170000  0.40054226E+02
   15.93164071  0.72550066E+01    1.171000  0.40079226E+02
   15.94524587  0.72308323E+01    1.172000  0.40044310E+02
   15.95885103  0.72224053E+01    1.173000  0.40096158E+02
   15.97245619  0.72081323E+01    1.174000  0.40115241E+02
   15.98606135  0.71810066E+01    1.175000  0.40062231E+02
   15.99966650  0.71712585E+01    1.176000  0.40105666E+02
   16.01327166  0.71532467E+01    1.177000  0.40102507E+02
   16.02687682  0.71376768E+01    1.178000  0.40112580E+02
   16.04048198  0.71282390E+01    1.179000  0.40156773E+02
   16.05408714  0.71737176E+01    1.180000  0.40510828E+02
   16.06769230  0.71662096E+01    1.181000  0.40566179E+02
   16.08129746  0.71367374E+01    1.182000  0.40496692E+02
   16.09490261  0.71229731E+01    1.183000  0.40515748E+02
   16.10850777  0.71056622E+01    1.184000  0.40514207E+02
   16.12211293  0.70909880E+01    1.185000  0.40527263E+02
   16.13571809  0.70930435E+01    1.186000  0.40635763E+02
   16.14932325  0.70889860E+01    1.187000  0.40709214E+02
   16.16292841  0.70891723E+01    1.188000  0.40806983E+02
   16.17653357  0.70900341E+01    1.189000  0.40908655E+02
   16.19013872  0.70856573E+01    1.190000  0.40980052E+02
   16.20374388  0.70691224E+01    1.191000  0.40980848E+02
   16.21734904  0.69669227E+01    1.192000  0.40483411E+02
   16.23095420  0.68610939E+01    1.193000  0.39962049E+02
   16.24455936  0.68371054E+01    1.194000  0.39915590E+02
   16.25816452  0.68379787E+01    1.195000  0.40013961E+02
   16.27176968  0.68411217E+01    1.196000  0.40125669E+02
   16.28537483  0.68375117E+01    1.197000  0.40197761E+02
   16.29897999  0.68286283E+01    1.198000  0.40238681E+02
   16.31258515  0.68081874E+01    1.199000  0.40211096E+02
   16.32619031  0.68499818E+01    1.200000  0.40551382E+02
   16.33979547  0.68036910E+01    1.201000  0.40370149E+02
   16.35340063  0.67837609E+01    1.202000  0.40344426E+02
   16.36700579  0.67662949E+01    1.203000  0.40332847E+02
   16.39421610  0.67243426E+01    1.205000  0.40266221E+02
   16.40782126  0.67119362E+01    1.206000  0.40283483E+02
   16.42142642  0.66965761E+01    1.207000  0.40282639E+02
   16.43503158  0.66788396E+01    1.208000  0.40267049E+02
   16.44863674  0.66645091E+01    1.209000  0.40271556E+02
   16.46224190  0.66493084E+01    1.210000  0.40270402E+02
   16.47584705  0.66350578E+01    1.211000  0.40274601E+02
   16.48945221  0.66225646E+01    1.212000  0.40289102E+02
   16.50305737  0.66086878E+01    1.213000  0.40294826E+02
   16.51666253  0.65935660E+01    1.214000  0.40292563E+02
   16.53026769  0.65851149E+01    1.215000  0.40330743E+02
   16.54387285  0.65720650E+01    1.216000  0.40340464E+02
   16.55747801  0.65649651E+01    1.217000  0.40386432E+02
   16.57108316  0.65532547E+01    1.218000  0.40403781E+02
   16.58468832  0.65379215E+01    1.219000  0.40398425E+02
   16.59829348  0.65216498E+01    1.220000  0.40386838E+02
   16.61189864  0.65167055E+01    1.221000  0.40445110E+02
   16.62550380  0.65021281E+01    1.222000  0.40443329E+02
   16.63910896  0.64948052E+01    1.223000  0.40486372E+02
   16.65271412  0.64898324E+01    1.224000  0.40543897E+02
   16.67992443  0.64596318E+01    1.226000  0.40531449E+02
   16.69352959  0.64613474E+01    1.227000  0.40630349E+02
   16.70713475  0.64535789E+01    1.228000  0.40669528E+02
   16.72073991  0.64337234E+01    1.229000  0.40632160E+02
   16.73434507  0.64231268E+01    1.230000  0.40652851E+02
   16.74795023  0.64108341E+01    1.231000  0.40662495E+02
   16.76155538  0.63933495E+01    1.232000  0.40638802E+02
   16.77516054  0.63779344E+01    1.233000  0.40627815E+02
   16.78876570  0.63679445E+01    1.234000  0.40651040E+02
   16.80237086  0.63503473E+01    1.235000  0.40625326E+02
   16.81597602  0.63387533E+01    1.236000  0.40637618E+02
   16.82958118  0.63175411E+01    1.237000  0.40587801E+02
   16.84318634  0.62828419E+01    1.238000  0.40450572E+02
   16.85679150  0.62277269E+01    1.239000  0.40180676E+02
   16.87039665  0.61726285E+01    1.240000  0.39909384E+02
   16.88400181  0.62839268E+01    1.241000  0.40714703E+02
   16.89760697  0.63253507E+01    1.242000  0.41069376E+02
   16.91121213  0.63354463E+01    1.243000  0.41221343E+02
   16.92481729  0.63218544E+01    1.244000  0.41219140E+02
   16.93842245  0.63065932E+01    1.245000  0.41205660E+02
   16.95202761  0.63013058E+01    1.246000  0.41257066E+02
   16.96563276  0.62769707E+01    1.247000  0.41183355E+02
   16.97923792  0.62460161E+01    1.248000  0.41065459E+02
   16.99284308  0.62120187E+01    1.249000  0.40926672E+02
   17.00644824  0.61680605E+01    1.250000  0.40721197E+02
   17.02005340  0.61280761E+01    1.251000  0.40540811E+02
   17.03365856  0.60945519E+01    1.252000  0.40402161E+02
   17.04726372  0.60733512E+01    1.253000  0.40344460E+02
   17.06086887  0.60554919E+01    1.254000  0.40308422E+02
   17.07447403  0.60459430E+01    1.255000  0.40327329E+02
   17.08807919  0.60381777E+01    1.256000  0.40357896E+02
   17.10168435  0.60269683E+01    1.257000  0.40365185E+02
   17.11528951  0.60182692E+01    1.258000  0.40389015E+02
   17.12889467  0.60083215E+01    1.259000  0.40404211E+02
   17.14249983  0.60000852E+01    1.260000  0.40430668E+02
   17.15610498  0.59825870E+01    1.261000  0.40394364E+02
   17.16971014  0.59771368E+01    1.262000  0.40439095E+02
   17.18331530  0.59659723E+01    1.263000  0.40444938E+02
   17.19692046  0.59575821E+01    1.264000  0.40469322E+02
   17.21052562  0.59366960E+01    1.265000  0.40408424E+02
   17.22413078  0.59321581E+01    1.266000  0.40458453E+02
   17.23773594  0.58634037E+01    1.267000  0.40069514E+02
   17.25134109  0.58722122E+01    1.268000  0.40209809E+02
   17.26494625  0.58984850E+01    1.269000  0.40470169E+02
   17.27855141  0.58951646E+01    1.270000  0.40527800E+02
   17.29215657  0.58880080E+01    1.271000  0.40558915E+02
   17.30576173  0.58733995E+01    1.272000  0.40538401E+02
   17.31936689  0.58644870E+01    1.273000  0.40556881E+02
   17.33297205  0.58484012E+01    1.274000  0.40525411E+02
   17.34657720  0.58350734E+01    1.275000  0.40512651E+02
   17.36018236  0.58175500E+01    1.276000  0.40470341E+02
   17.37378752  0.57888770E+01    1.277000  0.40349837E+02
   17.38739268  0.57654550E+01    1.278000  0.40265223E+02
   17.40099784  0.58074849E+01    1.279000  0.40637971E+02
   17.41460300  0.57966939E+01    1.280000  0.40641530E+02
   17.42820816  0.57781480E+01    1.281000  0.40590318E+02
   17.44181331  0.57600808E+01    1.282000  0.40541969E+02
   17.45541847  0.57328283E+01    1.283000  0.40428352E+02
   17.46902363  0.57227611E+01    1.284000  0.40435418E+02
   17.48262879  0.57117403E+01    1.285000  0.40435459E+02
   17.49623395  0.57011690E+01    1.286000  0.40438387E+02
   17.50983911  0.57282106E+01    1.287000  0.40708328E+02
   17.52344427  0.57127202E+01    1.288000  0.40676167E+02
   17.53704942  0.56821132E+01    1.289000  0.40535743E+02
   17.55065458  0.56670003E+01    1.290000  0.40505229E+02
   17.56425974  0.56611140E+01    1.291000  0.40540376E+02
   17.57786490  0.56497666E+01    1.292000  0.40536180E+02
   17.59147006  0.56417308E+01    1.293000  0.40555480E+02
   17.60507522  0.56266091E+01    1.294000  0.40523527E+02
   17.61868038  0.56047001E+01    1.295000  0.40442186E+02
   17.63228553  0.55805901E+01    1.296000  0.40344335E+02
   17.64589069  0.55554203E+01    1.297000  0.40238151E+02
   17.65949585  0.55458990E+01    1.298000  0.40244836E+02
   17.67310101  0.55827968E+01    1.299000  0.40588743E+02
   17.68670617  0.55820274E+01    1.300000  0.40659290E+02
   17.70031133  0.55867136E+01    1.301000  0.40769629E+02
   17.71391649  0.55831689E+01    1.302000  0.40819918E+02
   17.72752164  0.55809398E+01    1.303000  0.40879747E+02
   17.74112680  0.55737341E+01    1.304000  0.40902994E+02
   17.75473196  0.55672240E+01    1.305000  0.40931158E+02
   17.76833712  0.55599958E+01    1.306000  0.40953856E+02
   17.78194228  0.55530761E+01    1.307000  0.40978633E+02
   17.79554744  0.55466750E+01    1.308000  0.41007055E+02
   17.80915260  0.55373920E+01    1.309000  0.41013957E+02
   17.82275776  0.55266456E+01    1.310000  0.41009747E+02
   17.83636291  0.55158189E+01    1.311000  0.41004647E+02
   17.84996807  0.55026511E+01    1.312000  0.40981816E+02
   17.86357323  0.54906762E+01    1.313000  0.40967526E+02
   17.87717839  0.54744426E+01    1.314000  0.40921076E+02
   17.89078355  0.54650543E+01    1.315000  0.40925444E+02
   17.90438871  0.54513978E+01    1.316000  0.40897536E+02
   17.91799387  0.54366941E+01    1.317000  0.40861384E+02
   17.93159902  0.54212446E+01    1.318000  0.40819216E+02
   17.94520418  0.54158075E+01    1.319000  0.40852151E+02
   17.95880934  0.53980948E+01    1.320000  0.40792174E+02
   17.97241450  0.53863711E+01    1.321000  0.40777053E+02
   17.98601966  0.53755241E+01    1.322000  0.40768261E+02
   17.99962482  0.53716871E+01    1.323000  0.40812433E+02
   18.01322998  0.53638738E+01    1.324000  0.40826235E+02
   18.02683513  0.53581849E+01    1.325000  0.40856023E+02
   18.04044029  0.53563282E+01    1.326000  0.40914928E+02
   18.05404545  0.53538168E+01    1.327000  0.40968772E+02
   18.06765061  0.53545042E+01    1.328000  0.41047070E+02
   18.08125577  0.53445392E+01    1.329000  0.41043581E+02
   18.09486093  0.53147548E+01    1.330000  0.40887346E+02
   18.10846609  0.52939765E+01    1.331000  0.40799707E+02
   18.12207124  0.52873135E+01    1.332000  0.40820477E+02
   18.13567640  0.52789201E+01    1.333000  0.40827683E+02
   18.14928156  0.52651121E+01    1.334000  0.40792709E+02
   18.16288672  0.52563711E+01    1.335000  0.40796685E+02
   18.17649188  0.52436300E+01    1.336000  0.40769321E+02
   18.19009704  0.52282652E+01    1.337000  0.40721175E+02
   18.20370220  0.52108374E+01    1.338000  0.40656514E+02
   18.21730735  0.51918732E+01    1.339000  0.40579369E+02
   18.23091251  0.51676742E+01    1.340000  0.40460720E+02
   18.24451767  0.51512399E+01    1.341000  0.40402311E+02
   18.25812283  0.51357053E+01    1.342000  0.40350523E+02
   18.27172799  0.51253114E+01    1.343000  0.40338771E+02
   18.28533315  0.51275303E+01    1.344000  0.40426176E+02
   18.29893831  0.51249039E+01    1.345000  0.40475375E+02
   18.31254346  0.51189107E+01    1.346000  0.40497866E+02
   18.32614862  0.51153303E+01    1.347000  0.40539315E+02
   18.33975378  0.51111834E+01    1.348000  0.40576169E+02
   18.35335894  0.51076122E+01    1.349000  0.40617488E+02
   18.36696410  0.51034066E+01    1.350000  0.40653656E+02
   18.38056926  0.51013322E+01    1.351000  0.40706716E+02
   18.39417442  0.50921495E+01    1.352000  0.40702900E+02
   18.40777957  0.50782519E+01    1.353000  0.40661082E+02
   18.42138473  0.50746256E+01    1.354000  0.40701267E+02
   18.43498989  0.50677085E+01    1.355000  0.40714913E+02
   18.44859505  0.50539458E+01    1.356000  0.40673279E+02
   18.46220021  0.50437583E+01    1.357000  0.40660091E+02
   18.47580537  0.50329396E+01    1.358000  0.40641527E+02
   18.48941053  0.50223664E+01    1.359000  0.40624655E+02
   18.50301568  0.50132994E+01    1.360000  0.40619697E+02
   18.51662084  0.50046389E+01    1.361000  0.40617792E+02
   18.53022600  0.49913077E+01    1.362000  0.40577679E+02
   18.54383116  0.49795012E+01    1.363000  0.40549618E+02
   18.55743632  0.49676537E+01    1.364000  0.40520901E+02
   18.57104148  0.49575433E+01    1.365000  0.40506054E+02
   18.58464664  0.49452755E+01    1.366000  0.40473274E+02
   18.59825179  0.49295277E+01    1.367000  0.40411631E+02
   18.61185695  0.49129446E+01    1.368000  0.40342700E+02
   18.62546211  0.48913777E+01    1.369000  0.40232323E+02
   18.63906727  0.48754098E+01    1.370000  0.40167487E+02
   18.65267243  0.48554052E+01    1.371000  0.40068903E+02
   18.66627759  0.48450238E+01    1.372000  0.40049319E+02
   18.67988275  0.48392251E+01    1.373000  0.40067396E+02
   18.69348790  0.48390182E+01    1.374000  0.40131689E+02
   18.70709306  0.51513264E+01    1.375000  0.42792037E+02
   18.72069822  0.48709313E+01    1.376000  0.40529238E+02
   18.73430338  0.48632932E+01    1.377000  0.40532022E+02
   18.74790854  0.48666651E+01    1.378000  0.40626507E+02
   18.76151370  0.48656621E+01    1.379000  0.40684504E+02
   18.77511886  0.48608025E+01    1.380000  0.40710173E+02
   18.78872402  0.48526782E+01    1.381000  0.40708323E+02
   18.80232917  0.48411508E+01    1.382000  0.40677657E+02
   18.81593433  0.48329934E+01    1.383000  0.40675038E+02
   18.82953949  0.48318356E+01    1.384000  0.40731202E+02
   18.84314465  0.48246239E+01    1.385000  0.40736219E+02
   18.85674981  0.48171616E+01    1.386000  0.40738920E+02
   18.87035497  0.48100995E+01    1.387000  0.40744807E+02
   18.88396013  0.48025738E+01    1.388000  0.40746568E+02
   18.89756528  0.47941122E+01    1.389000  0.40740171E+02
   18.91117044  0.47862130E+01    1.390000  0.40738330E+02
   18.92477560  0.47757355E+01    1.391000  0.40714292E+02
   18.93838076  0.47661870E+01    1.392000  0.40697902E+02
   18.95198592  0.47567830E+01    1.393000  0.40682486E+02
   18.96559108  0.47437379E+01    1.394000  0.40635624E+02
   18.97919624  0.47389788E+01    1.395000  0.40659499E+02
   18.99280139  0.47334393E+01    1.396000  0.40676537E+02
   19.00640655  0.47234405E+01    1.397000  0.40655042E+02
   19.02001171  0.47121535E+01    1.398000  0.40622170E+02
   19.03361687  0.47037100E+01    1.399000  0.40613541E+02
   19.04722203  0.46975734E+01    1.400000  0.40624632E+02
   19.06082719  0.46882566E+01    1.401000  0.40608010E+02
   19.07443235  0.46818733E+01    1.402000  0.40616583E+02
   19.08803750  0.46766822E+01    1.403000  0.40635340E+02
   19.10164266  0.46659614E+01    1.404000  0.40605834E+02
   19.11524782  0.46618908E+01    1.405000  0.40633999E+02
   19.12885298  0.46514085E+01    1.406000  0.40606080E+02
   19.14245814  0.46497237E+01    1.407000  0.40654796E+02
   19.15606330  0.46342597E+01    1.408000  0.40582800E+02
   19.16966846  0.46251333E+01    1.409000  0.40565968E+02
   19.18327361  0.46141974E+01    1.410000  0.40532991E+02
   19.19687877  0.46054188E+01    1.411000  0.40518696E+02
   19.21048393  0.46042666E+01    1.412000  0.40571363E+02
   19.22408909  0.45988077E+01    1.413000  0.40585990E+02
   19.23769425  0.46004334E+01    1.414000  0.40663089E+02
   19.25129941  0.46009669E+01    1.415000  0.40730564E+02
   19.26490457  0.45992355E+01    1.416000  0.40777972E+02
   19.27850972  0.45948914E+01    1.417000  0.40802132E+02
   19.29211488  0.45929834E+01    1.418000  0.40847839E+02
   19.30572004  0.45864620E+01    1.419000  0.40852402E+02
   19.31932520  0.45841482E+01    1.420000  0.40894322E+02
   19.33293036  0.45729481E+01    1.421000  0.40856785E+02
   19.34653552  0.45710443E+01    1.422000  0.40902126E+02
   19.36014068  0.45646018E+01    1.423000  0.40906741E+02
   19.37374583  0.45622430E+01    1.424000  0.40947833E+02
   19.38735099  0.45584696E+01    1.425000  0.40976145E+02
   19.40095615  0.45524001E+01    1.426000  0.40983682E+02
   19.41456131  0.45502701E+01    1.427000  0.41026574E+02
   19.42816647  0.45430733E+01    1.428000  0.41023655E+02
   19.44177163  0.45310342E+01    1.429000  0.40976748E+02
   19.45537679  0.45256277E+01    1.430000  0.40989585E+02
   19.46898194  0.45241690E+01    1.431000  0.41038085E+02
   19.48258710  0.45254607E+01    1.432000  0.41111531E+02
   19.49619226  0.45297275E+01    1.433000  0.41212080E+02
   19.50979742  0.45276471E+01    1.434000  0.41254911E+02
   19.52340258  0.45239588E+01    1.435000  0.41283012E+02
   19.53700774  0.45188105E+01    1.436000  0.41297670E+02
   19.55061290  0.45175503E+01    1.437000  0.41347774E+02
   19.56421805  0.45149020E+01    1.438000  0.41385120E+02
   19.57782321  0.45103380E+01    1.439000  0.41404808E+02
   19.59142837  0.45051396E+01    1.440000  0.41418539E+02
   19.99958313  0.41992174E+01    1.470000  0.40324375E+02
   24.99947891  0.26971198E+01    1.837500  0.39420226E+02
   29.99937469  0.18953071E+01    2.205000  0.37202070E+02
   34.99927048  0.14292574E+01    2.572500  0.35218848E+02
   39.99916626  0.11171451E+01    2.940000  0.33128052E+02
   44.99906204  0.91474999E+00    3.307500  0.31711683E+02
   49.99895782  0.78923507E+00    3.675000  0.31316763E+02
   54.99885361  0.68515664E+00    4.042500  0.30621525E+02
   59.99874939  0.60321020E+00    4.410000  0.29982913E+02
   64.99864517  0.53727820E+00    4.777500  0.29399016E+02
   69.99854095  0.48369620E+00    5.145000  0.28891787E+02
   74.99843674  0.43958174E+00    5.512500  0.28460329E+02
   79.99833252  0.40266915E+00    5.880000  0.28088974E+02
   84.99822830  0.37144302E+00    6.247500  0.27772720E+02
   89.99812408  0.34463716E+00    6.615000  0.27496063E+02
   94.99801987  0.32145100E+00    6.982500  0.27257594E+02
   99.99791565  0.30118376E+00    7.350000  0.27048810E+02
  104.99781143  0.28332772E+00    7.717500  0.26865467E+02
  109.99770721  0.26748619E+00    8.085000  0.26704221E+02
  114.99760300  0.25333324E+00    8.452500  0.26561195E+02
  119.99749878  0.24060537E+00    8.820000  0.26432835E+02
  124.99739456  0.22910352E+00    9.187500  0.26317705E+02
  129.99729034  0.21865341E+00    9.555000  0.26213350E+02
  134.99718613  0.20910809E+00    9.922500  0.26117231E+02
