       eV          sigma            Ry          om               in 10^-16                                                                       
   13.26777923  0.00000000E+00    0.975202  0.00000000E+00
   13.27863479  0.31721653E+01    0.976000  0.57371389E+00
   13.30584510  0.72415874E+01    0.978000  0.14084826E+01
   13.31945026  0.69672395E+01    0.979000  0.14026401E+01
   13.33305542  0.43135803E+01    0.980000  0.89782664E+00
   13.34666058  0.35711498E+01    0.981000  0.76765343E+00
   13.36026574  0.43144658E+01    0.982000  0.95686193E+00
   13.37387090  0.41080307E+01    0.983000  0.93909634E+00
   13.38747605  0.35064526E+01    0.984000  0.82549020E+00
   13.40108121  0.36318907E+01    0.985000  0.87979110E+00
   13.41468637  0.37684288E+01    0.986000  0.93856758E+00
   13.42829153  0.35461599E+01    0.987000  0.90739463E+00
   13.44189669  0.38105702E+01    0.988000  0.10010410E+01
   13.45550185  0.39439962E+01    0.989000  0.10629910E+01
   13.46910701  0.41149748E+01    0.990000  0.11371383E+01
   13.48271216  0.39284343E+01    0.991000  0.11123821E+01
   13.49631732  0.40684455E+01    0.992000  0.11797755E+01
   13.50992248  0.41489032E+01    0.993000  0.12314031E+01
   13.52352764  0.44624545E+01    0.994000  0.13549006E+01
   13.53713280  0.38765868E+01    0.995000  0.12034572E+01
   13.55073796  0.41681289E+01    0.996000  0.13223917E+01
   13.56434312  0.43297241E+01    0.997000  0.14031894E+01
   13.57794827  0.42947218E+01    0.998000  0.14211366E+01
   13.59155343  0.42187065E+01    0.999000  0.14247553E+01
   13.60515859  0.46190380E+01    1.000000  0.15914593E+01
   13.61876375  0.39461231E+01    1.001000  0.13865242E+01
   13.63236891  0.39238621E+01    1.002000  0.14054640E+01
   13.64597407  0.37142573E+01    1.003000  0.13557189E+01
   13.65957923  0.35509802E+01    1.004000  0.13203405E+01
   13.67318438  0.33424503E+01    1.005000  0.12656002E+01
   13.70039470  0.44723581E+01    1.007000  0.17544382E+01
   13.71399986  0.34985947E+01    1.008000  0.13963067E+01
   13.75481534  0.73297184E+01    1.011000  0.30752977E+01
   13.76842049  0.65448869E+01    1.012000  0.27906468E+01
   13.78202565  0.56579850E+01    1.013000  0.24510730E+01
   13.79563081  0.70886972E+01    1.014000  0.31192124E+01
   13.80923597  0.45616417E+01    1.015000  0.20383531E+01
   13.82284113  0.39754253E+01    1.016000  0.18035176E+01
   13.83644629  0.33528527E+01    1.017000  0.15439443E+01
   13.85005145  0.47426558E+01    1.018000  0.22162761E+01
   13.86365660  0.52650746E+01    1.019000  0.24963149E+01
   13.87726176  0.54809587E+01    1.020000  0.26360526E+01
   13.89086692  0.53649071E+01    1.021000  0.26168276E+01
   13.90447208  0.48788151E+01    1.022000  0.24130022E+01
   13.91807724  0.44731365E+01    1.023000  0.22428662E+01
   13.93168240  0.37182242E+01    1.024000  0.18897062E+01
   13.94528756  0.32710588E+01    1.025000  0.16847534E+01
   13.95889272  0.32865049E+01    1.026000  0.17151235E+01
   13.97249787  0.33319969E+01    1.027000  0.17615892E+01
   13.98610303  0.32178530E+01    1.028000  0.17231890E+01
   13.99970819  0.30585833E+01    1.029000  0.16587588E+01
   14.01331335  0.31855034E+01    1.030000  0.17493170E+01
   14.02691851  0.30835223E+01    1.031000  0.17143444E+01
   14.04052367  0.28660981E+01    1.032000  0.16130105E+01
   14.05412883  0.27692775E+01    1.033000  0.15774079E+01
   14.06773398  0.25720734E+01    1.034000  0.14826205E+01
   14.08133914  0.27267926E+01    1.035000  0.15904026E+01
   14.09494430  0.26065128E+01    1.036000  0.15380263E+01
   14.10854946  0.24716419E+01    1.037000  0.14753000E+01
   14.12215462  0.22461535E+01    1.038000  0.13560273E+01
   14.13575978  0.23651969E+01    1.039000  0.14440262E+01
   14.14936494  0.23443339E+01    1.040000  0.14472775E+01
   14.16297009  0.21340657E+01    1.041000  0.13320229E+01
   14.17657525  0.21152544E+01    1.042000  0.13347079E+01
   14.19018041  0.21628442E+01    1.043000  0.13794877E+01
   14.20378557  0.22288045E+01    1.044000  0.14367588E+01
   14.21739073  0.22731398E+01    1.045000  0.14808420E+01
   14.23099589  0.21663280E+01    1.046000  0.14260340E+01
   14.24460105  0.21911764E+01    1.047000  0.14573353E+01
   14.25820620  0.21759046E+01    1.048000  0.14620182E+01
   14.27181136  0.21613205E+01    1.049000  0.14669596E+01
   14.28541652  0.22229813E+01    1.050000  0.15239720E+01
   14.29902168  0.20115899E+01    1.051000  0.13927714E+01
   14.31262684  0.18776493E+01    1.052000  0.13128404E+01
   14.32623200  0.18554535E+01    1.053000  0.13099758E+01
   14.33983716  0.17931580E+01    1.054000  0.12782240E+01
   14.35344231  0.18165263E+01    1.055000  0.13072708E+01
   14.36704747  0.17410431E+01    1.056000  0.12648232E+01
   14.38065263  0.17599117E+01    1.057000  0.12905337E+01
   14.39425779  0.17613523E+01    1.058000  0.13036029E+01
   14.40786295  0.17853952E+01    1.059000  0.13335741E+01
   14.42146811  0.17747387E+01    1.060000  0.13377185E+01
   14.43507327  0.18707698E+01    1.061000  0.14228614E+01
   14.44867842  0.18888639E+01    1.062000  0.14495058E+01
   14.46228358  0.19883402E+01    1.063000  0.15394043E+01
   14.47588874  0.19978627E+01    1.064000  0.15604026E+01
   14.48949390  0.19981677E+01    1.065000  0.15742687E+01
   14.50309906  0.20642224E+01    1.066000  0.16403887E+01
   14.51670422  0.21940400E+01    1.067000  0.17585155E+01
   14.53030938  0.23316579E+01    1.068000  0.18847181E+01
   14.54391453  0.23406700E+01    1.069000  0.19079666E+01
   14.55751969  0.22529317E+01    1.070000  0.18518133E+01
   14.57112485  0.23237365E+01    1.071000  0.19258601E+01
   14.58473001  0.24197107E+01    1.072000  0.20219043E+01
   14.59833517  0.23832960E+01    1.073000  0.20077308E+01
   14.61194033  0.22645665E+01    1.074000  0.19231557E+01
   14.62554549  0.22228544E+01    1.075000  0.19028925E+01
   14.63915064  0.21843889E+01    1.076000  0.18848618E+01
   14.65275580  0.21565679E+01    1.077000  0.18755639E+01
   14.66636096  0.22277492E+01    1.078000  0.19526638E+01
   14.67996612  0.21823912E+01    1.079000  0.19277910E+01
   14.69357128  0.22274435E+01    1.080000  0.19827791E+01
   14.70717644  0.21954512E+01    1.081000  0.19692742E+01
   14.72078160  0.22282360E+01    1.082000  0.20138785E+01
   14.73438675  0.21874771E+01    1.083000  0.19919597E+01
   14.74799191  0.21485551E+01    1.084000  0.19711701E+01
   14.76159707  0.21393745E+01    1.085000  0.19773384E+01
   14.77520223  0.21798687E+01    1.086000  0.20296327E+01
   14.78880739  0.21711833E+01    1.087000  0.20363538E+01
   14.80241255  0.20668689E+01    1.088000  0.19526137E+01
   14.81601771  0.19922531E+01    1.089000  0.18957102E+01
   14.82962286  0.18806425E+01    1.090000  0.18023345E+01
   14.84322802  0.18246780E+01    1.091000  0.17611450E+01
   14.85683318  0.17504096E+01    1.092000  0.17014006E+01
   14.87043834  0.17258986E+01    1.093000  0.16893469E+01
   14.88404350  0.16181157E+01    1.094000  0.15948825E+01
   14.89764866  0.15819265E+01    1.095000  0.15700020E+01
   14.91125382  0.15161532E+01    1.096000  0.15150649E+01
   14.92485898  0.14741169E+01    1.097000  0.14831126E+01
   14.93846413  0.14631293E+01    1.098000  0.14820367E+01
   14.95206929  0.14363789E+01    1.099000  0.14647370E+01
   14.96567445  0.14414109E+01    1.100000  0.14796991E+01
   14.97927961  0.14514666E+01    1.101000  0.14999212E+01
   14.99288477  0.13910835E+01    1.102000  0.14470098E+01
   15.00648993  0.13650664E+01    1.103000  0.14292567E+01
   15.02009509  0.14302633E+01    1.104000  0.15072741E+01
   15.03370024  0.14068993E+01    1.105000  0.14922474E+01
   15.04730540  0.13811967E+01    1.106000  0.14744056E+01
   15.06091056  0.13771845E+01    1.107000  0.14795153E+01
   15.07451572  0.13442636E+01    1.108000  0.14533164E+01
   15.08812088  0.13253650E+01    1.109000  0.14419239E+01
   15.10172604  0.12908606E+01    1.110000  0.14131889E+01
   15.11533120  0.12942050E+01    1.111000  0.14256770E+01
   15.12893635  0.12426671E+01    1.112000  0.13773788E+01
   15.14254151  0.12844530E+01    1.113000  0.14324548E+01
   15.15614667  0.12530630E+01    1.114000  0.14059940E+01
   15.16975183  0.11911527E+01    1.115000  0.13446517E+01
   15.18335699  0.11630712E+01    1.116000  0.13208838E+01
   15.19696215  0.11548061E+01    1.117000  0.13193733E+01
   15.21056731  0.11713818E+01    1.118000  0.13463002E+01
   15.22417246  0.11597747E+01    1.119000  0.13408697E+01
   15.23777762  0.11435430E+01    1.120000  0.13299027E+01
   15.25138278  0.11329147E+01    1.121000  0.13252690E+01
   15.26498794  0.11338037E+01    1.122000  0.13340417E+01
   15.27859310  0.11818511E+01    1.123000  0.13986351E+01
   15.29219826  0.12279175E+01    1.124000  0.14615260E+01
   15.30580342  0.12038523E+01    1.125000  0.14410929E+01
   15.31940857  0.11715353E+01    1.126000  0.14103974E+01
   15.33301373  0.11496920E+01    1.127000  0.13919416E+01
   15.34661889  0.11232853E+01    1.128000  0.13676318E+01
   15.36022405  0.11013386E+01    1.129000  0.13484224E+01
   15.37382921  0.10878504E+01    1.130000  0.13393275E+01
   15.38743437  0.10924756E+01    1.131000  0.13524728E+01
   15.40103953  0.10989623E+01    1.132000  0.13679984E+01
   15.41464468  0.10910260E+01    1.133000  0.13655603E+01
   15.42824984  0.10592892E+01    1.134000  0.13330621E+01
   15.44185500  0.10150046E+01    1.135000  0.12842547E+01
   15.45546016  0.10054549E+01    1.136000  0.12790292E+01
   15.46906532  0.99548903E+00    1.137000  0.12731411E+01
   15.48267048  0.97430548E+00    1.138000  0.12526942E+01
   15.50988079  0.10086062E+01    1.140000  0.13105535E+01
   15.52348595  0.10320573E+01    1.141000  0.13480640E+01
   15.53709111  0.10380642E+01    1.142000  0.13629899E+01
   15.55069627  0.10343424E+01    1.143000  0.13651576E+01
   15.56430143  0.10495762E+01    1.144000  0.13924220E+01
   15.57790659  0.10188674E+01    1.145000  0.13586309E+01
   15.59151175  0.10079495E+01    1.146000  0.13509467E+01
   15.60511690  0.10228450E+01    1.147000  0.13778869E+01
   15.61872206  0.10194750E+01    1.148000  0.13803002E+01
   15.63232722  0.10075874E+01    1.149000  0.13710772E+01
   15.64593238  0.10229087E+01    1.150000  0.13989021E+01
   15.65953754  0.10237991E+01    1.151000  0.14071023E+01
   15.67314270  0.10184618E+01    1.152000  0.14067128E+01
   15.68674786  0.10101782E+01    1.153000  0.14021610E+01
   15.70035301  0.10271118E+01    1.154000  0.14326706E+01
   15.71395817  0.10222808E+01    1.155000  0.14329041E+01
   15.72756333  0.10019602E+01    1.156000  0.14112549E+01
   15.74116849  0.10122881E+01    1.157000  0.14327056E+01
   15.75477365  0.10169299E+01    1.158000  0.14462109E+01
   15.76837881  0.10288793E+01    1.159000  0.14702217E+01
   15.78198397  0.10105419E+01    1.160000  0.14509105E+01
   15.79558912  0.98947694E+00    1.161000  0.14274144E+01
   15.80919428  0.97068086E+00    1.162000  0.14069195E+01
   15.82279944  0.97365096E+00    1.163000  0.14178649E+01
   15.83640460  0.95037816E+00    1.164000  0.13904560E+01
   15.85000976  0.92814114E+00    1.165000  0.13642521E+01
   15.86361492  0.92356186E+00    1.166000  0.13638200E+01
   15.87722008  0.91435591E+00    1.167000  0.13564617E+01
   15.89082524  0.90836559E+00    1.168000  0.13537702E+01
   15.90443039  0.88791941E+00    1.169000  0.13293543E+01
   15.91803555  0.88658762E+00    1.170000  0.13334071E+01
   15.93164071  0.87845013E+00    1.171000  0.13271597E+01
   15.94524587  0.88052028E+00    1.172000  0.13362926E+01
   15.95885103  0.89133763E+00    1.173000  0.13587883E+01
   15.97245619  0.84601782E+00    1.174000  0.12954711E+01
   15.98606135  0.86536392E+00    1.175000  0.13309969E+01
   15.99966650  0.84299703E+00    1.176000  0.13023443E+01
   16.01327166  0.83912932E+00    1.177000  0.13020921E+01
   16.02687682  0.82370125E+00    1.178000  0.12837699E+01
   16.04048198  0.82449602E+00    1.179000  0.12906318E+01
   16.05408714  0.81699679E+00    1.180000  0.12844649E+01
   16.06769230  0.78783586E+00    1.181000  0.12439919E+01
   16.08129746  0.79052905E+00    1.182000  0.12536360E+01
   16.09490261  0.77831501E+00    1.183000  0.12395750E+01
   16.10850777  0.77524512E+00    1.184000  0.12399731E+01
   16.12211293  0.74887224E+00    1.185000  0.12028982E+01
   16.13571809  0.73826932E+00    1.186000  0.11909021E+01
   16.14932325  0.71405354E+00    1.187000  0.11567096E+01
   16.16292841  0.68889894E+00    1.188000  0.11206596E+01
   16.17653357  0.68563440E+00    1.189000  0.11200252E+01
   16.19013872  0.67742158E+00    1.190000  0.11112292E+01
   16.20374388  0.66843806E+00    1.191000  0.11010517E+01
   16.21734904  0.65869370E+00    1.192000  0.10894932E+01
   16.23095420  0.64036328E+00    1.193000  0.10635417E+01
   16.24455936  0.65027836E+00    1.194000  0.10844441E+01
   16.25816452  0.66122024E+00    1.195000  0.11072011E+01
   16.27176968  0.63587134E+00    1.196000  0.10690916E+01
   16.28537483  0.62493554E+00    1.197000  0.10549674E+01
   16.29897999  0.64472997E+00    1.198000  0.10927800E+01
   16.31258515  0.65603350E+00    1.199000  0.11164131E+01
   16.32619031  0.65742080E+00    1.200000  0.11232577E+01
   16.33979547  0.65212500E+00    1.201000  0.11186570E+01
   16.35340063  0.65746041E+00    1.202000  0.11322934E+01
   16.36700579  0.67101901E+00    1.203000  0.11602208E+01
   16.39421610  0.68222256E+00    1.205000  0.11888980E+01
   16.40782126  0.67898616E+00    1.206000  0.11878888E+01
   16.42142642  0.70667176E+00    1.207000  0.12411445E+01
   16.43503158  0.68970715E+00    1.208000  0.12160531E+01
   16.44863674  0.71349778E+00    1.209000  0.12628656E+01
   16.46224190  0.70549490E+00    1.210000  0.12535124E+01
   16.47584705  0.72551873E+00    1.211000  0.12940386E+01
   16.48945221  0.73427035E+00    1.212000  0.13146559E+01
   16.50305737  0.73779265E+00    1.213000  0.13259942E+01
   16.51666253  0.74026673E+00    1.214000  0.13354895E+01
   16.53026769  0.74381678E+00    1.215000  0.13469670E+01
   16.54387285  0.77620757E+00    1.216000  0.14109169E+01
   16.55747801  0.80102235E+00    1.217000  0.14614860E+01
   16.57108316  0.78990112E+00    1.218000  0.14465823E+01
   16.58468832  0.79007881E+00    1.219000  0.14522962E+01
   16.59829348  0.79447017E+00    1.220000  0.14657867E+01
   16.61189864  0.79727476E+00    1.221000  0.14763987E+01
   16.62550380  0.79564949E+00    1.222000  0.14788155E+01
   16.63910896  0.82177664E+00    1.223000  0.15329808E+01
   16.65271412  0.83223809E+00    1.224000  0.15581721E+01
   16.67992443  0.83629229E+00    1.226000  0.15771700E+01
   16.69352959  0.82786631E+00    1.227000  0.15669256E+01
   16.70713475  0.82004408E+00    1.228000  0.15577131E+01
   16.72073991  0.80529726E+00    1.229000  0.15351931E+01
   16.73434507  0.77602164E+00    1.230000  0.14846756E+01
   16.74795023  0.76683875E+00    1.231000  0.14723370E+01
   16.76155538  0.72755608E+00    1.232000  0.14018760E+01
   16.77516054  0.73272073E+00    1.233000  0.14168247E+01
   16.78876570  0.73769252E+00    1.234000  0.14314696E+01
   16.80237086  0.73107876E+00    1.235000  0.14236219E+01
   16.81597602  0.73952629E+00    1.236000  0.14451154E+01
   16.82958118  0.70872732E+00    1.237000  0.13897645E+01
   16.84318634  0.73220858E+00    1.238000  0.14408034E+01
   16.85679150  0.70172802E+00    1.239000  0.13856112E+01
   16.87039665  0.69946793E+00    1.240000  0.13859190E+01
   16.88400181  0.70938790E+00    1.241000  0.14104125E+01
   16.89760697  0.70505029E+00    1.242000  0.14065970E+01
   16.91121213  0.69630719E+00    1.243000  0.13939032E+01
   16.92481729  0.69372112E+00    1.244000  0.13934576E+01
   16.93842245  0.66514069E+00    1.245000  0.13405853E+01
   16.95202761  0.66654469E+00    1.246000  0.13479610E+01
   16.96563276  0.65577566E+00    1.247000  0.13306552E+01
   16.97923792  0.65964186E+00    1.248000  0.13429991E+01
   16.99284308  0.67192155E+00    1.249000  0.13725826E+01
   17.00644824  0.65799354E+00    1.250000  0.13486185E+01
   17.02005340  0.64338949E+00    1.251000  0.13230742E+01
   17.03365856  0.64263929E+00    1.252000  0.13259144E+01
   17.04726372  0.66004700E+00    1.253000  0.13663322E+01
   17.06086887  0.64567263E+00    1.254000  0.13409801E+01
   17.07447403  0.63680351E+00    1.255000  0.13269032E+01
   17.08807919  0.64254706E+00    1.256000  0.13432533E+01
   17.10168435  0.63552267E+00    1.257000  0.13329031E+01
   17.11528951  0.63114405E+00    1.258000  0.13280242E+01
   17.12889467  0.61723624E+00    1.259000  0.13029697E+01
   17.14249983  0.63291422E+00    1.260000  0.13403821E+01
   17.15610498  0.62592415E+00    1.261000  0.13298475E+01
   17.16971014  0.61839461E+00    1.262000  0.13180677E+01
   17.18331530  0.60990396E+00    1.263000  0.13041301E+01
   17.19692046  0.61573725E+00    1.264000  0.13208026E+01
   17.21052562  0.61595354E+00    1.265000  0.13254675E+01
   17.22413078  0.61009662E+00    1.266000  0.13170250E+01
   17.23773594  0.60023436E+00    1.267000  0.12998289E+01
   17.25134109  0.60212585E+00    1.268000  0.13080316E+01
   17.26494625  0.59783046E+00    1.269000  0.13027778E+01
   17.27855141  0.59488072E+00    1.270000  0.13004070E+01
   17.29215657  0.57947683E+00    1.271000  0.12706863E+01
   17.30576173  0.59007542E+00    1.272000  0.12979515E+01
   17.31936689  0.59238305E+00    1.273000  0.13070676E+01
   17.33297205  0.58932899E+00    1.274000  0.13043483E+01
   17.34657720  0.57970066E+00    1.275000  0.12869918E+01
   17.36018236  0.57535197E+00    1.276000  0.12812613E+01
   17.37378752  0.56571417E+00    1.277000  0.12636570E+01
   17.38739268  0.56259763E+00    1.278000  0.12605325E+01
   17.40099784  0.54736391E+00    1.279000  0.12301336E+01
   17.41460300  0.54674323E+00    1.280000  0.12324676E+01
   17.42820816  0.54554705E+00    1.281000  0.12334919E+01
   17.44181331  0.55057751E+00    1.282000  0.12486209E+01
   17.45541847  0.55072124E+00    1.283000  0.12527029E+01
   17.46902363  0.55597537E+00    1.284000  0.12684461E+01
   17.48262879  0.54494143E+00    1.285000  0.12469890E+01
   17.49623395  0.54194058E+00    1.286000  0.12438183E+01
   17.50983911  0.55387575E+00    1.287000  0.12749885E+01
   17.52344427  0.55910902E+00    1.288000  0.12908484E+01
   17.53704942  0.55392219E+00    1.289000  0.12826511E+01
   17.55065458  0.56436265E+00    1.290000  0.13106759E+01
   17.56425974  0.56323319E+00    1.291000  0.13118942E+01
   17.57786490  0.56040265E+00    1.292000  0.13091233E+01
   17.59147006  0.57050878E+00    1.293000  0.13366226E+01
   17.60507522  0.56198546E+00    1.294000  0.13204865E+01
   17.61868038  0.56647001E+00    1.295000  0.13348872E+01
   17.63228553  0.56456264E+00    1.296000  0.13342429E+01
   17.64589069  0.56299997E+00    1.297000  0.13343896E+01
   17.65949585  0.55879517E+00    1.298000  0.13282347E+01
   17.67310101  0.56089851E+00    1.299000  0.13370597E+01
   17.68670617  0.56103528E+00    1.300000  0.13412121E+01
   17.70031133  0.54807683E+00    1.301000  0.13139716E+01
   17.71391649  0.54983364E+00    1.302000  0.13219334E+01
   17.72752164  0.54668612E+00    1.303000  0.13180945E+01
   17.74112680  0.55061807E+00    1.304000  0.13313300E+01
   17.75473196  0.53733190E+00    1.305000  0.13028703E+01
   17.76833712  0.54459138E+00    1.306000  0.13241866E+01
   17.78194228  0.54103519E+00    1.307000  0.13192296E+01
   17.79554744  0.54349696E+00    1.308000  0.13289390E+01
   17.80915260  0.54987471E+00    1.309000  0.13482839E+01
   17.82275776  0.54342590E+00    1.310000  0.13361778E+01
   17.83636291  0.54179339E+00    1.311000  0.13358589E+01
   17.84996807  0.53866092E+00    1.312000  0.13318092E+01
   17.86357323  0.53572043E+00    1.313000  0.13281927E+01
   17.87717839  0.53126293E+00    1.314000  0.13207647E+01
   17.89078355  0.51943170E+00    1.315000  0.12948939E+01
   17.90438871  0.52111928E+00    1.316000  0.13026550E+01
   17.91799387  0.51373388E+00    1.317000  0.12876973E+01
   17.93159902  0.51395197E+00    1.318000  0.12917492E+01
   17.94520418  0.49949365E+00    1.319000  0.12588168E+01
   17.95880934  0.49615343E+00    1.320000  0.12537827E+01
   17.97241450  0.49437401E+00    1.321000  0.12526578E+01
   17.98601966  0.50221641E+00    1.322000  0.12759543E+01
   17.99962482  0.50292291E+00    1.323000  0.12811793E+01
   18.01322998  0.50436557E+00    1.324000  0.12882943E+01
   18.02683513  0.50885586E+00    1.325000  0.13032343E+01
   18.04044029  0.50726657E+00    1.326000  0.13026236E+01
   18.05404545  0.49824531E+00    1.327000  0.12828558E+01
   18.06765061  0.50351934E+00    1.328000  0.12998692E+01
   18.08125577  0.50337937E+00    1.329000  0.13029410E+01
   18.09486093  0.49625757E+00    1.330000  0.12878916E+01
   18.10846609  0.48951039E+00    1.331000  0.12737198E+01
   18.12207124  0.48569604E+00    1.332000  0.12671073E+01
   18.13567640  0.48996617E+00    1.333000  0.12815891E+01
   18.14928156  0.48000675E+00    1.334000  0.12588123E+01
   18.16288672  0.47827834E+00    1.335000  0.12575415E+01
   18.17649188  0.47081336E+00    1.336000  0.12411248E+01
   18.19009704  0.47029249E+00    1.337000  0.12429592E+01
   18.20370220  0.46625474E+00    1.338000  0.12354676E+01
   18.21730735  0.45926418E+00    1.339000  0.12200765E+01
   18.23091251  0.45411628E+00    1.340000  0.12094978E+01
   18.24451767  0.44974458E+00    1.341000  0.12009215E+01
   18.25812283  0.44263285E+00    1.342000  0.11849504E+01
   18.27172799  0.45127278E+00    1.343000  0.12111577E+01
   18.28533315  0.45282760E+00    1.344000  0.12184190E+01
   18.29893831  0.45308162E+00    1.345000  0.12221926E+01
   18.31254346  0.45035917E+00    1.346000  0.12179203E+01
   18.32614862  0.44282535E+00    1.347000  0.12005665E+01
   18.33975378  0.43470905E+00    1.348000  0.11815268E+01
   18.35335894  0.43757709E+00    1.349000  0.11923064E+01
   18.36696410  0.42758725E+00    1.350000  0.11680024E+01
   18.38056926  0.42398693E+00    1.351000  0.11610594E+01
   18.39417442  0.42159510E+00    1.352000  0.11573849E+01
   18.40777957  0.41072603E+00    1.353000  0.11303478E+01
   18.42138473  0.40879481E+00    1.354000  0.11278210E+01
   18.43498989  0.39653788E+00    1.355000  0.10967099E+01
   18.44859505  0.40174017E+00    1.356000  0.11138379E+01
   18.46220021  0.39991085E+00    1.357000  0.11114935E+01
   18.47580537  0.39645924E+00    1.358000  0.11046042E+01
   18.48941053  0.39055650E+00    1.359000  0.10908218E+01
   18.50301568  0.38864420E+00    1.360000  0.10881314E+01
   18.51662084  0.38314843E+00    1.361000  0.10753574E+01
   18.53022600  0.38280104E+00    1.362000  0.10769932E+01
   18.54383116  0.37951658E+00    1.363000  0.10703409E+01
   18.55743632  0.37901654E+00    1.364000  0.10715156E+01
   18.57104148  0.37080819E+00    1.365000  0.10508388E+01
   18.58464664  0.37087349E+00    1.366000  0.10535533E+01
   18.59825179  0.37123692E+00    1.367000  0.10571176E+01
   18.61185695  0.37239962E+00    1.368000  0.10629683E+01
   18.62546211  0.37282673E+00    1.369000  0.10667302E+01
   18.63906727  0.36971348E+00    1.370000  0.10603441E+01
   18.65267243  0.36573722E+00    1.371000  0.10514345E+01
   18.66627759  0.36040487E+00    1.372000  0.10385629E+01
   18.67988275  0.35919650E+00    1.373000  0.10375306E+01
   18.69348790  0.36230765E+00    1.374000  0.10489881E+01
   18.70709306  0.31033795E+01    1.375000  0.90063695E+01
   18.72069822  0.35427385E+00    1.376000  0.10305603E+01
   18.73430338  0.35994819E+00    1.377000  0.10495215E+01
   18.74790854  0.35173294E+00    1.378000  0.10279667E+01
   18.76151370  0.35452181E+00    1.379000  0.10385353E+01
   18.77511886  0.35951690E+00    1.380000  0.10556199E+01
   18.78872402  0.35167991E+00    1.381000  0.10350073E+01
   18.80232917  0.34851510E+00    1.382000  0.10280701E+01
   18.81593433  0.56512797E+00    1.383000  0.16709016E+01
   18.82953949  0.33862639E+00    1.384000  0.10035188E+01
   18.84314465  0.32943265E+00    1.385000  0.97851996E+00
   18.85674981  0.32662750E+00    1.386000  0.97241542E+00
   18.87035497  0.31917747E+00    1.387000  0.95241250E+00
   18.88396013  0.31732278E+00    1.388000  0.94904238E+00
   18.89756528  0.31415441E+00    1.389000  0.94170909E+00
   18.91117044  0.31191029E+00    1.390000  0.93710942E+00
   18.92477560  0.30961562E+00    1.391000  0.93232690E+00
   18.93838076  0.30339691E+00    1.392000  0.91567010E+00
   18.95198592  0.30153795E+00    1.393000  0.91211620E+00
   18.96559108  0.30570515E+00    1.394000  0.92680644E+00
   18.97919624  0.29831929E+00    1.395000  0.90644931E+00
   18.99280139  0.29549061E+00    1.396000  0.89986961E+00
   19.00640655  0.29243110E+00    1.397000  0.89254681E+00
   19.02001171  0.28862121E+00    1.398000  0.88288686E+00
   19.03361687  0.29086124E+00    1.399000  0.89172282E+00
   19.04722203  0.28997000E+00    1.400000  0.89096809E+00
   19.06082719  0.28358755E+00    1.401000  0.87329137E+00
   19.07443235  0.28255995E+00    1.402000  0.87205403E+00
   19.08803750  0.28302481E+00    1.403000  0.87541901E+00
   19.10164266  0.28093913E+00    1.404000  0.87088390E+00
   19.11524782  0.27536175E+00    1.405000  0.85547257E+00
   19.12885298  0.27411913E+00    1.406000  0.85348164E+00
   19.14245814  0.27404294E+00    1.407000  0.85511344E+00
   19.15606330  0.27361738E+00    1.408000  0.85565166E+00
   19.16966846  0.26714499E+00    1.409000  0.83723330E+00
   19.18327361  0.27163711E+00    1.410000  0.85316425E+00
   19.19687877  0.27013477E+00    1.411000  0.85028803E+00
   19.21048393  0.25509077E+00    1.412000  0.80467463E+00
   19.22408909  0.26695048E+00    1.413000  0.84390634E+00
   19.23769425  0.26941691E+00    1.414000  0.85354089E+00
   19.25129941  0.26415438E+00    1.415000  0.83867023E+00
   19.26490457  0.26626938E+00    1.416000  0.84720121E+00
   19.27850972  0.26244019E+00    1.417000  0.83680759E+00
   19.29211488  0.26735915E+00    1.418000  0.85431546E+00
   19.30572004  0.26307969E+00    1.419000  0.84243519E+00
   19.31932520  0.26033040E+00    1.420000  0.83540690E+00
   19.33293036  0.26405211E+00    1.421000  0.84915084E+00
   19.34653552  0.26881063E+00    1.422000  0.86628686E+00
   19.36014068  0.25966591E+00    1.423000  0.83858746E+00
   19.37374583  0.26059999E+00    1.424000  0.84338138E+00
   19.38735099  0.25147486E+00    1.425000  0.81556477E+00
   19.40095615  0.25496989E+00    1.426000  0.82863855E+00
   19.41456131  0.71355288E+00    1.427000  0.23238754E+01
   19.42816647  0.25403653E+00    1.428000  0.82907033E+00
   19.44177163  0.25207292E+00    1.429000  0.82438110E+00
   19.45537679  0.25606371E+00    1.430000  0.83917903E+00
   19.46898194  0.25655744E+00    1.431000  0.84254685E+00
   19.48258710  0.25026375E+00    1.432000  0.82358495E+00
   19.49619226  0.25553991E+00    1.433000  0.84269091E+00
   19.50979742  0.25326604E+00    1.434000  0.83691972E+00
   19.52340258  0.70764584E+00    1.435000  0.23432478E+01
   19.53700774  0.24691612E+00    1.436000  0.81930440E+00
   19.55061290  0.24687192E+00    1.437000  0.82084145E+00
   19.56421805  0.24480628E+00    1.438000  0.81564288E+00
   19.57782321  0.24237261E+00    1.439000  0.80918744E+00
   19.59142837  0.24087198E+00    1.440000  0.80582021E+00
   19.99958313  0.25584864E+01    1.470000  0.90827170E+01
   24.99947891  0.33814791E-01    1.837500  0.20479783E+00
   29.99937469  0.16053386E-01    2.205000  0.13746320E+00
   34.99927048  0.10802063E-01    2.572500  0.11957128E+00
   39.99916626  0.76085755E-02    2.940000  0.10329191E+00
   44.99906204  0.56306724E-02    3.307500  0.90553286E-01
   49.99895782  0.43331521E-02    3.675000  0.80547085E-01
   54.99885361  0.33435999E-02    4.042500  0.70533200E-01
   59.99874939  0.26092623E-02    4.410000  0.61582268E-01
   64.99864517  0.20887786E-02    4.777500  0.54533479E-01
   69.99854095  0.16376294E-02    5.145000  0.46859544E-01
   74.99843674  0.13074256E-02    5.512500  0.40687967E-01
   79.99833252  0.10409411E-02    5.880000  0.35003828E-01
   84.99822830  0.81908192E-03    6.247500  0.29596312E-01
   89.99812408  0.67793134E-03    6.615000  0.26195227E-01
   94.99801987  0.55089178E-03    6.982500  0.22667193E-01
   99.99791565  0.45084242E-03    7.350000  0.19680527E-01
  104.99781143  0.37164675E-03    7.717500  0.17154919E-01
  109.99770721  0.30753042E-03    8.085000  0.14966161E-01
  114.99760300  0.25591994E-03    8.452500  0.13095948E-01
  119.99749878  0.21341526E-03    8.820000  0.11455805E-01
  124.99739456  0.18031852E-03    9.187500  0.10131177E-01
  129.99729034  0.15255592E-03    9.555000  0.89537078E-02
  134.99718613  0.12915193E-03    9.922500  0.79038056E-02
