       eV          sigma            Ry          om               in 10^-16                                                                       
   12.98346461  0.00000000E+00    0.954305  0.00000000E+00
   12.99292646  0.12887636E+01    0.955000  0.54763408E+00
   13.00653161  0.34577150E+01    0.956000  0.14928685E+01
   13.02013677  0.34909001E+01    0.957000  0.15310048E+01
   13.03374193  0.31771095E+01    0.958000  0.14150541E+01
   13.04734709  0.37340420E+01    0.959000  0.16885734E+01
   13.06095225  0.42505248E+01    0.960000  0.19511218E+01
   13.07455741  0.58943983E+01    0.961000  0.27459113E+01
   13.08816257  0.59932466E+01    0.962000  0.28328350E+01
   13.10176772  0.59897210E+01    0.963000  0.28720196E+01
   13.11537288  0.52050395E+01    0.964000  0.25312710E+01
   13.12897804  0.51044285E+01    0.965000  0.25171559E+01
   13.14258320  0.50059853E+01    0.966000  0.25027522E+01
   13.15618836  0.49949030E+01    0.967000  0.25312778E+01
   13.16979352  0.51054484E+01    0.968000  0.26221193E+01
   13.18339868  0.51245333E+01    0.969000  0.26668715E+01
   13.19700383  0.52995509E+01    0.970000  0.27940968E+01
   13.21060899  0.53099497E+01    0.971000  0.28357943E+01
   13.22421415  0.54116858E+01    0.972000  0.29270355E+01
   13.23781931  0.55780843E+01    0.973000  0.30550796E+01
   13.25142447  0.58915812E+01    0.974000  0.32669615E+01
   13.26502963  0.58866523E+01    0.975000  0.33043765E+01
   13.27863479  0.59017737E+01    0.976000  0.33531159E+01
   13.30584510  0.55873258E+01    0.978000  0.32506744E+01
   13.31945026  0.54582598E+01    0.979000  0.32128109E+01
   13.33305542  0.55026320E+01    0.980000  0.32764581E+01
   13.34666058  0.54815738E+01    0.981000  0.33013047E+01
   13.36026574  0.51983168E+01    0.982000  0.31661653E+01
   13.37387090  0.51291572E+01    0.983000  0.31590238E+01
   13.38747605  0.51007474E+01    0.984000  0.31763144E+01
   13.40108121  0.50753086E+01    0.985000  0.31950879E+01
   13.41468637  0.52908717E+01    0.986000  0.33668773E+01
   13.42829153  0.53501541E+01    0.987000  0.34410911E+01
   13.44189669  0.52591896E+01    0.988000  0.34184536E+01
   13.45550185  0.52286640E+01    0.989000  0.34342726E+01
   13.46910701  0.51757101E+01    0.990000  0.34347910E+01
   13.48271216  0.50281250E+01    0.991000  0.33711409E+01
   13.49631732  0.50461339E+01    0.992000  0.34176307E+01
   13.50992248  0.50515226E+01    0.993000  0.34557327E+01
   13.52352764  0.49740850E+01    0.994000  0.34366821E+01
   13.53713280  0.49846296E+01    0.995000  0.34779637E+01
   13.55073796  0.49803314E+01    0.996000  0.35089315E+01
   13.56434312  0.48610697E+01    0.997000  0.34580582E+01
   13.57794827  0.48491107E+01    0.998000  0.34826227E+01
   13.59155343  0.47906147E+01    0.999000  0.34732839E+01
   13.60515859  0.48741877E+01    1.000000  0.35671188E+01
   13.61876375  0.49820751E+01    1.001000  0.36800537E+01
   13.63236891  0.49899695E+01    1.002000  0.37199175E+01
   13.64597407  0.47694763E+01    1.003000  0.35880732E+01
   13.65957923  0.47851670E+01    1.004000  0.36325131E+01
   13.67318438  0.45510923E+01    1.005000  0.34858618E+01
   13.70039470  0.46353558E+01    1.007000  0.36136306E+01
   13.71399986  0.45507582E+01    1.008000  0.35787171E+01
   13.75481534  0.35993599E+01    1.011000  0.29041823E+01
   13.76842049  0.34948661E+01    1.012000  0.28437060E+01
   13.78202565  0.34478374E+01    1.013000  0.28289546E+01
   13.79563081  0.35862838E+01    1.014000  0.29670092E+01
   13.80923597  0.35968340E+01    1.015000  0.30002687E+01
   13.82284113  0.34574296E+01    1.016000  0.29075660E+01
   13.83644629  0.34943985E+01    1.017000  0.29624879E+01
   13.85005145  0.32868098E+01    1.018000  0.28089147E+01
   13.86365660  0.32056496E+01    1.019000  0.27614181E+01
   13.87726176  0.30423255E+01    1.020000  0.26414764E+01
   13.89086692  0.29975686E+01    1.021000  0.26230605E+01
   13.90447208  0.29639164E+01    1.022000  0.26138272E+01
   13.91807724  0.29118444E+01    1.023000  0.25877652E+01
   13.93168240  0.28955124E+01    1.024000  0.25929988E+01
   13.94528756  0.28964575E+01    1.025000  0.26135996E+01
   13.95889272  0.28722507E+01    1.026000  0.26113461E+01
   13.97249787  0.26850330E+01    1.027000  0.24594470E+01
   13.98610303  0.27675009E+01    1.028000  0.25538611E+01
   13.99970819  0.26756138E+01    1.029000  0.24873156E+01
   14.01331335  0.27129725E+01    1.030000  0.25405481E+01
   14.02691851  0.26497688E+01    1.031000  0.24994333E+01
   14.04052367  0.25166257E+01    1.032000  0.23910080E+01
   14.05412883  0.24436545E+01    1.033000  0.23383454E+01
   14.06773398  0.26816346E+01    1.034000  0.25843590E+01
   14.08133914  0.26360718E+01    1.035000  0.25584275E+01
   14.09494430  0.25660169E+01    1.036000  0.25079368E+01
   14.10854946  0.23699388E+01    1.037000  0.23324602E+01
   14.12215462  0.23818958E+01    1.038000  0.23604731E+01
   14.13575978  0.25101485E+01    1.039000  0.25046920E+01
   14.14936494  0.24637719E+01    1.040000  0.24752196E+01
   14.16297009  0.24497623E+01    1.041000  0.24778528E+01
   14.17657525  0.24012170E+01    1.042000  0.24451276E+01
   14.19018041  0.23516713E+01    1.043000  0.24107148E+01
   14.20378557  0.23433395E+01    1.044000  0.24181558E+01
   14.21739073  0.22746560E+01    1.045000  0.23627930E+01
   14.23099589  0.22871110E+01    1.046000  0.23913292E+01
   14.24460105  0.23209139E+01    1.047000  0.24425015E+01
   14.25820620  0.22112972E+01    1.048000  0.23422237E+01
   14.27181136  0.22087526E+01    1.049000  0.23545925E+01
   14.28541652  0.21685730E+01    1.050000  0.23265500E+01
   14.29902168  0.20702348E+01    1.051000  0.22351675E+01
   14.31262684  0.19652498E+01    1.052000  0.21352219E+01
   14.32623200  0.18939666E+01    1.053000  0.20706907E+01
   14.33983716  0.18316765E+01    1.054000  0.20150807E+01
   14.35344231  0.17625483E+01    1.055000  0.19510517E+01
   14.36704747  0.18388033E+01    1.056000  0.20480031E+01
   14.38065263  0.18105695E+01    1.057000  0.20289056E+01
   14.39425779  0.17935407E+01    1.058000  0.20220556E+01
   14.40786295  0.17669939E+01    1.059000  0.20041777E+01
   14.42146811  0.18497108E+01    1.060000  0.21106131E+01
   14.43507327  0.18676900E+01    1.061000  0.21438663E+01
   14.44867842  0.19072585E+01    1.062000  0.22022937E+01
   14.46228358  0.19169673E+01    1.063000  0.22265785E+01
   14.47588874  0.18813173E+01    1.064000  0.21980015E+01
   14.48949390  0.18541018E+01    1.065000  0.21788502E+01
   14.50309906  0.18018188E+01    1.066000  0.21296985E+01
   14.51670422  0.17853276E+01    1.067000  0.21223826E+01
   14.53030938  0.16645324E+01    1.068000  0.19901348E+01
   14.54391453  0.16548691E+01    1.069000  0.19898677E+01
   14.55751969  0.15861917E+01    1.070000  0.19181059E+01
   14.57112485  0.15746712E+01    1.071000  0.19149143E+01
   14.58473001  0.16120852E+01    1.072000  0.19714072E+01
   14.59833517  0.15779453E+01    1.073000  0.19404197E+01
   14.61194033  0.15490057E+01    1.074000  0.19153968E+01
   14.62554549  0.15477312E+01    1.075000  0.19243766E+01
   14.63915064  0.15563846E+01    1.076000  0.19457507E+01
   14.65275580  0.15255684E+01    1.077000  0.19176298E+01
   14.66636096  0.15424636E+01    1.078000  0.19493869E+01
   14.67996612  0.14792820E+01    1.079000  0.18796261E+01
   14.69357128  0.14610917E+01    1.080000  0.18664778E+01
   14.70717644  0.14438753E+01    1.081000  0.18543321E+01
   14.72078160  0.14321856E+01    1.082000  0.18490871E+01
   14.73438675  0.13883079E+01    1.083000  0.18019054E+01
   14.74799191  0.13674545E+01    1.084000  0.17841658E+01
   14.76159707  0.13707947E+01    1.085000  0.17978730E+01
   14.77520223  0.14010600E+01    1.086000  0.18471231E+01
   14.78880739  0.13397270E+01    1.087000  0.17754003E+01
   14.80241255  0.13343204E+01    1.088000  0.17773359E+01
   14.81601771  0.13131947E+01    1.089000  0.17581524E+01
   14.82962286  0.13078527E+01    1.090000  0.17599201E+01
   14.84322802  0.12879970E+01    1.091000  0.17419856E+01
   14.85683318  0.12405165E+01    1.092000  0.16862299E+01
   14.87043834  0.12315336E+01    1.093000  0.16824187E+01
   14.88404350  0.12197188E+01    1.094000  0.16745970E+01
   14.89764866  0.11981342E+01    1.095000  0.16531343E+01
   14.91125382  0.11904503E+01    1.096000  0.16506514E+01
   14.92485898  0.12141393E+01    1.097000  0.16917787E+01
   14.93846413  0.11740694E+01    1.098000  0.16439529E+01
   14.95206929  0.11487528E+01    1.099000  0.16163388E+01
   14.96567445  0.11420814E+01    1.100000  0.16147411E+01
   14.97927961  0.11266650E+01    1.101000  0.16006286E+01
   14.99288477  0.11467722E+01    1.102000  0.16370157E+01
   15.00648993  0.11208173E+01    1.103000  0.16076093E+01
   15.02009509  0.11385001E+01    1.104000  0.16407368E+01
   15.03370024  0.11184541E+01    1.105000  0.16194758E+01
   15.04730540  0.11025939E+01    1.106000  0.16040308E+01
   15.06091056  0.11063450E+01    1.107000  0.16170334E+01
   15.07451572  0.10839713E+01    1.108000  0.15917249E+01
   15.08812088  0.10730422E+01    1.109000  0.15829947E+01
   15.10172604  0.10445796E+01    1.110000  0.15481298E+01
   15.11533120  0.10564814E+01    1.111000  0.15729744E+01
   15.12893635  0.10844035E+01    1.112000  0.16219428E+01
   15.14254151  0.10768594E+01    1.113000  0.16180036E+01
   15.15614667  0.10404252E+01    1.114000  0.15703563E+01
   15.16975183  0.97489146E+00    1.115000  0.14780925E+01
   15.18335699  0.90030423E+00    1.116000  0.13711465E+01
   15.19696215  0.88716263E+00    1.117000  0.13571827E+01
   15.21056731  0.88326608E+00    1.118000  0.13572458E+01
   15.22417246  0.87760830E+00    1.119000  0.13545374E+01
   15.23777762  0.89280840E+00    1.120000  0.13840870E+01
   15.25138278  0.90675530E+00    1.121000  0.14118926E+01
   15.26498794  0.90949841E+00    1.122000  0.14223668E+01
   15.27859310  0.87330077E+00    1.123000  0.13717133E+01
   15.29219826  0.91527980E+00    1.124000  0.14438931E+01
   15.30580342  0.91573904E+00    1.125000  0.14508631E+01
   15.31940857  0.90504605E+00    1.126000  0.14400941E+01
   15.33301373  0.89663681E+00    1.127000  0.14328287E+01
   15.34661889  0.91914156E+00    1.128000  0.14750601E+01
   15.36022405  0.90892453E+00    1.129000  0.14648626E+01
   15.37382921  0.90006641E+00    1.130000  0.14567251E+01
   15.38743437  0.90183421E+00    1.131000  0.14657369E+01
   15.40103953  0.89366482E+00    1.132000  0.14585543E+01
   15.41464468  0.87819988E+00    1.133000  0.14393034E+01
   15.42824984  0.85616767E+00    1.134000  0.14090335E+01
   15.44185500  0.82921392E+00    1.135000  0.13703299E+01
   15.45546016  0.81564462E+00    1.136000  0.13534686E+01
   15.46906532  0.79407251E+00    1.137000  0.13230879E+01
   15.48267048  0.77372899E+00    1.138000  0.12944684E+01
   15.50988079  0.75082288E+00    1.140000  0.12663874E+01
   15.52348595  0.74055036E+00    1.141000  0.12541118E+01
   15.53709111  0.75789212E+00    1.142000  0.12886488E+01
   15.55069627  0.72668168E+00    1.143000  0.12405376E+01
   15.56430143  0.72632145E+00    1.144000  0.12448763E+01
   15.57790659  0.74488942E+00    1.145000  0.12817811E+01
   15.59151175  0.72446134E+00    1.146000  0.12515701E+01
   15.60511690  0.72942478E+00    1.147000  0.12651197E+01
   15.61872206  0.71231391E+00    1.148000  0.12403006E+01
   15.63232722  0.73822807E+00    1.149000  0.12904579E+01
   15.64593238  0.70539445E+00    1.150000  0.12378741E+01
   15.65953754  0.71004634E+00    1.151000  0.12508802E+01
   15.67314270  0.68918454E+00    1.152000  0.12188286E+01
   15.68674786  0.69869683E+00    1.153000  0.12404164E+01
   15.70035301  0.70749590E+00    1.154000  0.12608629E+01
   15.71395817  0.67949079E+00    1.155000  0.12155879E+01
   15.72756333  0.68652349E+00    1.156000  0.12328514E+01
   15.74116849  0.68227541E+00    1.157000  0.12298760E+01
   15.75477365  0.66116155E+00    1.158000  0.11963252E+01
   15.76837881  0.65814635E+00    1.159000  0.11953581E+01
   15.78198397  0.66682819E+00    1.160000  0.12156744E+01
   15.79558912  0.67190905E+00    1.161000  0.12295197E+01
   15.80919428  0.65473364E+00    1.162000  0.12025560E+01
   15.82279944  0.63680982E+00    1.163000  0.11739783E+01
   15.83640460  0.63943777E+00    1.164000  0.11831841E+01
   15.85000976  0.64844815E+00    1.165000  0.12042790E+01
   15.86361492  0.63365964E+00    1.166000  0.11811359E+01
   15.87722008  0.62448261E+00    1.167000  0.11682891E+01
   15.89082524  0.62128034E+00    1.168000  0.11665355E+01
   15.90443039  0.63293590E+00    1.169000  0.11927371E+01
   15.91803555  0.61833126E+00    1.170000  0.11694325E+01
   15.93164071  0.61407834E+00    1.171000  0.11655772E+01
   15.94524587  0.60496105E+00    1.172000  0.11523977E+01
   15.95885103  0.60902827E+00    1.173000  0.11642991E+01
   15.97245619  0.59702611E+00    1.174000  0.11454260E+01
   15.98606135  0.55731840E+00    1.175000  0.10730457E+01
   15.99966650  0.56467951E+00    1.176000  0.10910698E+01
   16.01327166  0.55556285E+00    1.177000  0.10772437E+01
   16.02687682  0.55794705E+00    1.178000  0.10856720E+01
   16.04048198  0.54227693E+00    1.179000  0.10588790E+01
   16.05408714  0.55353693E+00    1.180000  0.10846411E+01
   16.06769230  0.55438088E+00    1.181000  0.10900758E+01
   16.08129746  0.55099264E+00    1.182000  0.10871714E+01
   16.09490261  0.55142989E+00    1.183000  0.10917950E+01
   16.10850777  0.54635349E+00    1.184000  0.10854703E+01
   16.12211293  0.53899955E+00    1.185000  0.10745359E+01
   16.13571809  0.52829412E+00    1.186000  0.10567969E+01
   16.14932325  0.53036686E+00    1.187000  0.10645604E+01
   16.16292841  0.52596564E+00    1.188000  0.10593134E+01
   16.17653357  0.52318836E+00    1.189000  0.10572881E+01
   16.19013872  0.51104754E+00    1.190000  0.10362387E+01
   16.20374388  0.51495438E+00    1.191000  0.10476726E+01
   16.21734904  0.52379604E+00    1.192000  0.10692333E+01
   16.23095420  0.51293177E+00    1.193000  0.10505542E+01
   16.24455936  0.50090057E+00    1.194000  0.10293289E+01
   16.25816452  0.49867272E+00    1.195000  0.10281518E+01
   16.27176968  0.50481667E+00    1.196000  0.10442622E+01
   16.28537483  0.49698704E+00    1.197000  0.10314554E+01
   16.29897999  0.48259595E+00    1.198000  0.10048793E+01
   16.31258515  0.47211131E+00    1.199000  0.98626768E+00
   16.32619031  0.46832349E+00    1.200000  0.98154877E+00
   16.33979547  0.46675221E+00    1.201000  0.98143890E+00
   16.35340063  0.46855159E+00    1.202000  0.98841806E+00
   16.36700579  0.45118174E+00    1.203000  0.95485320E+00
   16.39421610  0.45278519E+00    1.205000  0.96442280E+00
   16.40782126  0.45523727E+00    1.206000  0.97275049E+00
   16.42142642  0.44450054E+00    1.207000  0.95283984E+00
   16.43503158  0.43632229E+00    1.208000  0.93828459E+00
   16.44863674  0.44909026E+00    1.209000  0.96880422E+00
   16.46224190  0.44394304E+00    1.210000  0.96072810E+00
   16.47584705  0.44908615E+00    1.211000  0.97492106E+00
   16.48945221  0.44062075E+00    1.212000  0.95954864E+00
   16.50305737  0.43711815E+00    1.213000  0.95490218E+00
   16.51666253  0.43110555E+00    1.214000  0.94470765E+00
   16.53026769  0.41431807E+00    1.215000  0.91074596E+00
   16.54387285  0.40657152E+00    1.216000  0.89649053E+00
   16.55747801  0.40621018E+00    1.217000  0.89846421E+00
   16.57108316  0.39800679E+00    1.218000  0.88303427E+00
   16.58468832  0.40270057E+00    1.219000  0.89619459E+00
   16.59829348  0.39734764E+00    1.220000  0.88699182E+00
   16.61189864  0.39205259E+00    1.221000  0.87784566E+00
   16.62550380  0.38833482E+00    1.222000  0.87216971E+00
   16.63910896  0.39092308E+00    1.223000  0.88064891E+00
   16.65271412  0.38471892E+00    1.224000  0.86929641E+00
   16.67992443  0.37683447E+00    1.226000  0.85662116E+00
   16.69352959  0.37526704E+00    1.227000  0.85561747E+00
   16.70713475  0.37137401E+00    1.228000  0.84927413E+00
   16.72073991  0.36867753E+00    1.229000  0.84562215E+00
   16.73434507  0.37423724E+00    1.230000  0.86092663E+00
   16.74795023  0.36971524E+00    1.231000  0.85304537E+00
   16.76155538  0.37033931E+00    1.232000  0.85701107E+00
   16.77516054  0.37954224E+00    1.233000  0.88089634E+00
   16.78876570  0.37380502E+00    1.234000  0.87012999E+00
   16.80237086  0.36698639E+00    1.235000  0.85676075E+00
   16.81597602  0.36904659E+00    1.236000  0.86408744E+00
   16.82958118  0.37251624E+00    1.237000  0.87475193E+00
   16.84318634  0.38231782E+00    1.238000  0.90037571E+00
   16.85679150  0.38651122E+00    1.239000  0.91288744E+00
   16.87039665  0.38812479E+00    1.240000  0.91934556E+00
   16.88400181  0.37552789E+00    1.241000  0.89206866E+00
   16.89760697  0.37024382E+00    1.242000  0.88204145E+00
   16.91121213  0.35964031E+00    1.243000  0.85923325E+00
   16.92481729  0.36608040E+00    1.244000  0.87711631E+00
   16.93842245  0.36526205E+00    1.245000  0.87764671E+00
   16.95202761  0.36346726E+00    1.246000  0.87581314E+00
   16.96563276  0.35387464E+00    1.247000  0.85511220E+00
   16.97923792  0.35659037E+00    1.248000  0.86410657E+00
   16.99284308  0.35523157E+00    1.249000  0.86323661E+00
   17.00644824  0.34662365E+00    1.250000  0.84468282E+00
   17.02005340  0.33823408E+00    1.251000  0.82654522E+00
   17.03365856  0.34067800E+00    1.252000  0.83484092E+00
   17.04726372  0.33178060E+00    1.253000  0.81530041E+00
   17.06086887  0.32607988E+00    1.254000  0.80351568E+00
   17.07447403  0.33470836E+00    1.255000  0.82706050E+00
   17.08807919  0.33019693E+00    1.256000  0.81816480E+00
   17.10168435  0.32779943E+00    1.257000  0.81445991E+00
   17.11528951  0.32398796E+00    1.258000  0.80719948E+00
   17.12889467  0.31710997E+00    1.259000  0.79222607E+00
   17.14249983  0.32311005E+00    1.260000  0.80941958E+00
   17.15610498  0.32268060E+00    1.261000  0.81054451E+00
   17.16971014  0.31869425E+00    1.262000  0.80270472E+00
   17.18331530  0.30777422E+00    1.263000  0.77729918E+00
   17.19692046  0.32479760E+00    1.264000  0.82250777E+00
   17.21052562  0.30838984E+00    1.265000  0.78306052E+00
   17.22413078  0.31021395E+00    1.266000  0.78980800E+00
   17.23773594  0.30577697E+00    1.267000  0.78059687E+00
   17.25134109  0.30418304E+00    1.268000  0.77860242E+00
   17.26494625  0.29936570E+00    1.269000  0.76831344E+00
   17.27855141  0.29587374E+00    1.270000  0.76136935E+00
   17.29215657  0.30110110E+00    1.271000  0.77687444E+00
   17.30576173  0.30093028E+00    1.272000  0.77848611E+00
   17.31936689  0.30333657E+00    1.273000  0.78677983E+00
   17.33297205  0.29796584E+00    1.274000  0.77488167E+00
   17.34657720  0.29249089E+00    1.275000  0.76263851E+00
   17.36018236  0.28679800E+00    1.276000  0.74975092E+00
   17.37378752  0.28886504E+00    1.277000  0.75712473E+00
   17.38739268  0.28181925E+00    1.278000  0.74057954E+00
   17.40099784  0.28259846E+00    1.279000  0.74455456E+00
   17.41460300  0.27964443E+00    1.280000  0.73867889E+00
   17.42820816  0.27984573E+00    1.281000  0.74111923E+00
   17.44181331  0.27716689E+00    1.282000  0.73591516E+00
   17.45541847  0.26349225E+00    1.283000  0.70140422E+00
   17.46902363  0.26825784E+00    1.284000  0.71591957E+00
   17.48262879  0.26922486E+00    1.285000  0.72033650E+00
   17.49623395  0.26559901E+00    1.286000  0.71244665E+00
   17.50983911  0.26640999E+00    1.287000  0.71643900E+00
   17.52344427  0.27032490E+00    1.288000  0.72881077E+00
   17.53704942  0.27262227E+00    1.289000  0.73686395E+00
   17.55065458  0.26381966E+00    1.290000  0.71487088E+00
   17.56425974  0.26561228E+00    1.291000  0.72153986E+00
   17.57786490  0.26428233E+00    1.292000  0.71972950E+00
   17.59147006  0.26422076E+00    1.293000  0.72136386E+00
   17.60507522  0.26441364E+00    1.294000  0.72369381E+00
   17.61868038  0.26264639E+00    1.295000  0.72064818E+00
   17.63228553  0.26336222E+00    1.296000  0.72440847E+00
   17.64589069  0.25935918E+00    1.297000  0.71516652E+00
   17.65949585  0.24883659E+00    1.298000  0.68784825E+00
   17.67310101  0.24145689E+00    1.299000  0.66909565E+00
   17.68670617  0.23693403E+00    1.300000  0.65817840E+00
   17.70031133  0.21881037E+00    1.301000  0.60932506E+00
   17.71391649  0.22588565E+00    1.302000  0.63056830E+00
   17.72752164  0.23260323E+00    1.303000  0.65090707E+00
   17.74112680  0.24174746E+00    1.304000  0.67814465E+00
   17.75473196  0.23448449E+00    1.305000  0.65936998E+00
   17.76833712  0.22103182E+00    1.306000  0.62304856E+00
   17.78194228  0.21059518E+00    1.307000  0.59506586E+00
   17.79554744  0.21097705E+00    1.308000  0.59758379E+00
   17.80915260  0.20639658E+00    1.309000  0.58601748E+00
   17.82275776  0.21198272E+00    1.310000  0.60332386E+00
   17.83636291  0.20592325E+00    1.311000  0.58748242E+00
   17.84996807  0.21044077E+00    1.312000  0.60180580E+00
   17.86357323  0.21619601E+00    1.313000  0.61973878E+00
   17.87717839  0.21603898E+00    1.314000  0.62076208E+00
   17.89078355  0.21003903E+00    1.315000  0.60495446E+00
   17.90438871  0.20317064E+00    1.316000  0.58655778E+00
   17.91799387  0.20502310E+00    1.317000  0.59330415E+00
   17.93159902  0.20270482E+00    1.318000  0.58797791E+00
   17.94520418  0.20019690E+00    1.319000  0.58206868E+00
   17.95880934  0.19831115E+00    1.320000  0.57793840E+00
   17.97241450  0.19471818E+00    1.321000  0.56879544E+00
   17.98601966  0.19581793E+00    1.322000  0.57334346E+00
   17.99962482  0.19702976E+00    1.323000  0.57823541E+00
   18.01322998  0.19869998E+00    1.324000  0.58449228E+00
   18.02683513  0.19549972E+00    1.325000  0.57641179E+00
   18.04044029  0.19512340E+00    1.326000  0.57663304E+00
   18.05404545  0.19605220E+00    1.327000  0.58071495E+00
   18.06765061  0.19535176E+00    1.328000  0.57997256E+00
   18.08125577  0.19597682E+00    1.329000  0.58316488E+00
   18.09486093  0.19634931E+00    1.330000  0.58561243E+00
   18.10846609  0.19577252E+00    1.331000  0.58522737E+00
   18.12207124  0.19551379E+00    1.332000  0.58578737E+00
   18.13567640  0.19938867E+00    1.333000  0.59875694E+00
   18.14928156  0.19836950E+00    1.334000  0.59704933E+00
   18.16288672  0.20010827E+00    1.335000  0.60364741E+00
   18.17649188  0.20193448E+00    1.336000  0.61053361E+00
   18.19009704  0.20078908E+00    1.337000  0.60844001E+00
   18.20370220  0.20375786E+00    1.338000  0.61882580E+00
   18.21730735  0.20580128E+00    1.339000  0.62643539E+00
   18.23091251  0.20896021E+00    1.340000  0.63747596E+00
   18.24451767  0.20373997E+00    1.341000  0.62294009E+00
   18.25812283  0.20636003E+00    1.342000  0.63235841E+00
   18.27172799  0.20565307E+00    1.343000  0.63159465E+00
   18.28533315  0.20583805E+00    1.344000  0.63356659E+00
   18.29893831  0.20767010E+00    1.345000  0.64062198E+00
   18.31254346  0.20898334E+00    1.346000  0.64609837E+00
   18.32614862  0.20728881E+00    1.347000  0.64227326E+00
   18.33975378  0.20616162E+00    1.348000  0.64018681E+00
   18.35335894  0.20483605E+00    1.349000  0.63746757E+00
   18.36696410  0.20439400E+00    1.350000  0.63748588E+00
   18.38056926  0.20578405E+00    1.351000  0.64322482E+00
   18.39417442  0.20832397E+00    1.352000  0.65258471E+00
   18.40777957  0.20933883E+00    1.353000  0.65719154E+00
   18.42138473  0.20751209E+00    1.354000  0.65287202E+00
   18.43498989  0.20788256E+00    1.355000  0.65545538E+00
   18.44859505  0.20522411E+00    1.356000  0.64847293E+00
   18.46220021  0.20315261E+00    1.357000  0.64331289E+00
   18.47580537  0.20070267E+00    1.358000  0.63692362E+00
   18.48941053  0.20214445E+00    1.359000  0.64287774E+00
   18.50301568  0.19652260E+00    1.360000  0.62633895E+00
   18.51662084  0.19755943E+00    1.361000  0.63099082E+00
   18.53022600  0.19444294E+00    1.362000  0.62236310E+00
   18.54383116  0.18992102E+00    1.363000  0.60918487E+00
   18.55743632  0.19053338E+00    1.364000  0.61244856E+00
   18.57104148  0.18705003E+00    1.365000  0.60252743E+00
   18.58464664  0.18939953E+00    1.366000  0.61138738E+00
   18.59825179  0.18189967E+00    1.367000  0.58841820E+00
   18.61185695  0.17953310E+00    1.368000  0.58198717E+00
   18.62546211  0.17926288E+00    1.369000  0.58233380E+00
   18.63906727  0.17901172E+00    1.370000  0.58273882E+00
   18.65267243  0.17574799E+00    1.371000  0.57331300E+00
   18.66627759  0.17314807E+00    1.372000  0.56601262E+00
   18.67988275  0.17026376E+00    1.373000  0.55774518E+00
   18.69348790  0.17154767E+00    1.374000  0.56312095E+00
   18.70709306  0.51379327E+02    1.375000  0.16900777E+03
   18.72069822  0.16809310E+00    1.376000  0.55407387E+00
   18.73430338  0.16814303E+00    1.377000  0.55538521E+00
   18.74790854  0.16378065E+00    1.378000  0.54209307E+00
   18.76151370  0.16327319E+00    1.379000  0.54152699E+00
   18.77511886  0.16222248E+00    1.380000  0.53914851E+00
   18.78872402  0.16054803E+00    1.381000  0.53467842E+00
   18.80232917  0.15867026E+00    1.382000  0.52950699E+00
   18.81593433  0.15493589E+00    1.383000  0.51810149E+00
   18.82953949  0.15544290E+00    1.384000  0.52085708E+00
   18.84314465  0.14978667E+00    1.385000  0.50292580E+00
   18.85674981  0.14873313E+00    1.386000  0.50040280E+00
   18.87035497  0.14629260E+00    1.387000  0.49318956E+00
   18.88396013  0.14518182E+00    1.388000  0.49043500E+00
   18.89756528  0.14442633E+00    1.389000  0.48886790E+00
   18.91117044  0.14227962E+00    1.390000  0.48257189E+00
   18.92477560  0.13960676E+00    1.391000  0.47445845E+00
   18.93838076  0.14038718E+00    1.392000  0.47806823E+00
   18.95198592  0.13816398E+00    1.393000  0.47143974E+00
   18.96559108  0.13653783E+00    1.394000  0.46682224E+00
   18.97919624  0.13388550E+00    1.395000  0.45866706E+00
   18.99280139  0.13456657E+00    1.396000  0.46191804E+00
   19.00640655  0.13419921E+00    1.397000  0.46157232E+00
   19.02001171  0.13377676E+00    1.398000  0.46103169E+00
   19.03361687  0.13220223E+00    1.399000  0.45650706E+00
   19.04722203  0.13279171E+00    1.400000  0.45944827E+00
   19.06082719  0.13266229E+00    1.401000  0.45990526E+00
   19.07443235  0.13358377E+00    1.402000  0.46401087E+00
   19.08803750  0.13104841E+00    1.403000  0.45609792E+00
   19.10164266  0.13055764E+00    1.404000  0.45528029E+00
   19.11524782  0.12852881E+00    1.405000  0.44908194E+00
   19.12885298  0.13115215E+00    1.406000  0.45914244E+00
   19.14245814  0.13076484E+00    1.407000  0.45867836E+00
   19.15606330  0.12946858E+00    1.408000  0.45501451E+00
   19.16966846  0.12789861E+00    1.409000  0.45036920E+00
   19.18327361  0.12646508E+00    1.410000  0.44618383E+00
   19.19687877  0.12572465E+00    1.411000  0.44442897E+00
   19.21048393  0.12474647E+00    1.412000  0.44182195E+00
   19.22408909  0.12515385E+00    1.413000  0.44411837E+00
   19.23769425  0.12625723E+00    1.414000  0.44889489E+00
   19.25129941  0.12233546E+00    1.415000  0.43578580E+00
   19.26490457  0.12264874E+00    1.416000  0.43773824E+00
   19.27850972  0.12253860E+00    1.417000  0.43818089E+00
   19.29211488  0.12222832E+00    1.418000  0.43790501E+00
   19.30572004  0.12103564E+00    1.419000  0.43445748E+00
   19.31932520  0.11843154E+00    1.420000  0.42591780E+00
   19.33293036  0.11755648E+00    1.421000  0.42357255E+00
   19.34653552  0.11849970E+00    1.422000  0.42777929E+00
   19.36014068  0.11776480E+00    1.423000  0.42592954E+00
   19.37374583  0.11689709E+00    1.424000  0.42358848E+00
   19.38735099  0.11626232E+00    1.425000  0.42208124E+00
   19.40095615  0.11319550E+00    1.426000  0.41171940E+00
   19.41456131  0.69593019E+00    1.427000  0.25360128E+01
   19.42816647  0.11249373E+00    1.428000  0.41070138E+00
   19.44177163  0.11462736E+00    1.429000  0.41927276E+00
   19.45537679  0.11459423E+00    1.430000  0.41993314E+00
   19.46898194  0.11527875E+00    1.431000  0.42322783E+00
   19.48258710  0.12329170E+00    1.432000  0.45348697E+00
   19.49619226  0.11611379E+00    1.433000  0.42787736E+00
   19.50979742  0.11324725E+00    1.434000  0.41808658E+00
   19.52340258  0.11935442E+00    1.435000  0.44144708E+00
   19.53700774  0.11198348E+00    1.436000  0.41494848E+00
   19.55061290  0.11230824E+00    1.437000  0.41691783E+00
   19.56421805  0.11489296E+00    1.438000  0.42729660E+00
   19.57782321  0.11192166E+00    1.439000  0.41700941E+00
   19.59142837  0.11065168E+00    1.440000  0.41303224E+00
   19.99958313  0.10900747E+01    1.470000  0.42919842E+01
   24.99947891  0.29312277E-01    1.837500  0.18888105E+00
   29.99937469  0.12621416E-01    2.205000  0.11296387E+00
   34.99927048  0.67553276E-02    2.572500  0.77393059E-01
   39.99916626  0.41510893E-02    2.940000  0.57961733E-01
   44.99906204  0.26570267E-02    3.307500  0.43759741E-01
   49.99895782  0.17991876E-02    3.675000  0.34141134E-01
   54.99885361  0.12744701E-02    4.042500  0.27378528E-01
   59.99874939  0.92653847E-03    4.410000  0.22226458E-01
   64.99864517  0.69812774E-03    4.777500  0.18496983E-01
   69.99854095  0.53410413E-03    5.145000  0.15489847E-01
   74.99843674  0.41651985E-03    5.512500  0.13123695E-01
   79.99833252  0.32914376E-03    5.880000  0.11195625E-01
   84.99822830  0.26218762E-03    6.247500  0.95753055E-02
   89.99812408  0.21207179E-03    6.615000  0.82765756E-02
   94.99801987  0.17268971E-03    6.982500  0.71724353E-02
   99.99791565  0.14161142E-03    7.350000  0.62365781E-02
  104.99781143  0.11690548E-03    7.717500  0.54415412E-02
  109.99770721  0.97506273E-04    8.085000  0.47829677E-02
  114.99760300  0.81543631E-04    8.452500  0.42043362E-02
  119.99749878  0.68667305E-04    8.820000  0.37125505E-02
  124.99739456  0.58061533E-04    9.187500  0.32846680E-02
  129.99729034  0.49389836E-04    9.555000  0.29178829E-02
  134.99718613  0.42248318E-04    9.922500  0.26018640E-02
