       eV          sigma            Ry          om               in 10^-16                                                                       
   13.02126328  0.00000000E+00    0.957083  0.00000000E+00
   13.03374193  0.34368564E+01    0.958000  0.50807551E+00
   13.04734709  0.61118961E+01    0.959000  0.10980574E+01
   13.06095225  0.72058232E+01    0.960000  0.15239352E+01
   13.07455741  0.87066345E+01    0.961000  0.21184478E+01
   13.08816257  0.10782344E+02    0.962000  0.29666732E+01
   13.10176772  0.12264609E+02    0.963000  0.37648593E+01
   13.11537288  0.19544273E+02    0.964000  0.66215397E+01
   13.12897804  0.19872985E+02    0.965000  0.73654155E+01
   13.14258320  0.20036043E+02    0.966000  0.80635475E+01
   13.15618836  0.22673792E+02    0.967000  0.98467669E+01
   13.16979352  0.22516976E+02    0.968000  0.10495326E+02
   13.18339868  0.22300846E+02    0.969000  0.11104368E+02
   13.19700383  0.21799478E+02    0.970000  0.11548544E+02
   13.21060899  0.23851992E+02    0.971000  0.13395040E+02
   13.22421415  0.23813151E+02    0.972000  0.14131142E+02
   13.23781931  0.23877682E+02    0.973000  0.14929405E+02
   13.25142447  0.23047592E+02    0.974000  0.15143944E+02
   13.26502963  0.23143394E+02    0.975000  0.15943491E+02
   13.27863479  0.23333203E+02    0.976000  0.16816890E+02
   13.30584510  0.22723077E+02    0.978000  0.17823596E+02
   13.31945026  0.22557079E+02    0.979000  0.18411327E+02
   13.33305542  0.22567876E+02    0.980000  0.19138421E+02
   13.34666058  0.22529269E+02    0.981000  0.19822733E+02
   13.36026574  0.21813178E+02    0.982000  0.19886929E+02
   13.37387090  0.21258459E+02    0.983000  0.20057801E+02
   13.38747605  0.20298292E+02    0.984000  0.19797909E+02
   13.40108121  0.19587912E+02    0.985000  0.19728477E+02
   13.41468637  0.19054308E+02    0.986000  0.19797496E+02
   13.42829153  0.18718949E+02    0.987000  0.20044835E+02
   13.44189669  0.18148324E+02    0.988000  0.20011410E+02
   13.45550185  0.17770199E+02    0.989000  0.20160049E+02
   13.46910701  0.17356984E+02    0.990000  0.20243693E+02
   13.48271216  0.17037531E+02    0.991000  0.20413374E+02
   13.49631732  0.16525295E+02    0.992000  0.20325603E+02
   13.50992248  0.16185540E+02    0.993000  0.20422861E+02
   13.52352764  0.15358385E+02    0.994000  0.19867980E+02
   13.53713280  0.15192624E+02    0.995000  0.20137092E+02
   13.55073796  0.14936421E+02    0.996000  0.20272897E+02
   13.56434312  0.14533295E+02    0.997000  0.20188302E+02
   13.57794827  0.14076714E+02    0.998000  0.20002090E+02
   13.59155343  0.13693185E+02    0.999000  0.19892941E+02
   13.60515859  0.13095325E+02    1.000000  0.19441185E+02
   13.61876375  0.12220750E+02    1.001000  0.18531757E+02
   13.63236891  0.11599546E+02    1.002000  0.17958939E+02
   13.64597407  0.11242797E+02    1.003000  0.17764434E+02
   13.65957923  0.11733903E+02    1.004000  0.18913880E+02
   13.67318438  0.11605149E+02    1.005000  0.19075705E+02
   13.70039470  0.11444706E+02    1.007000  0.19540494E+02
   13.71399986  0.13352171E+02    1.008000  0.23222234E+02
   13.75481534  0.13686701E+02    1.011000  0.25110896E+02
   13.76842049  0.14068500E+02    1.012000  0.26259147E+02
   13.78202565  0.14087384E+02    1.013000  0.26742762E+02
   13.79563081  0.13152306E+02    1.014000  0.25386263E+02
   13.80923597  0.13825443E+02    1.015000  0.27125566E+02
   13.82284113  0.12218291E+02    1.016000  0.24361208E+02
   13.83644629  0.11535307E+02    1.017000  0.23366594E+02
   13.85005145  0.10864788E+02    1.018000  0.22354151E+02
   13.86365660  0.10136138E+02    1.019000  0.21177572E+02
   13.87726176  0.97406918E+01    1.020000  0.20661384E+02
   13.89086692  0.90995921E+01    1.021000  0.19591139E+02
   13.90447208  0.90111491E+01    1.022000  0.19687527E+02
   13.91807724  0.90055017E+01    1.023000  0.19961812E+02
   13.93168240  0.82453029E+01    1.024000  0.18539165E+02
   13.94528756  0.77822237E+01    1.025000  0.17745643E+02
   13.95889272  0.75184260E+01    1.026000  0.17383404E+02
   13.97249787  0.71265971E+01    1.027000  0.16704276E+02
   13.98610303  0.70111561E+01    1.028000  0.16656838E+02
   13.99970819  0.65894484E+01    1.029000  0.15864687E+02
   14.01331335  0.64993968E+01    1.030000  0.15854740E+02
   14.02691851  0.64264919E+01    1.031000  0.15881434E+02
   14.04052367  0.65192452E+01    1.032000  0.16318142E+02
   14.05412883  0.62474886E+01    1.033000  0.15836758E+02
   14.06773398  0.63046484E+01    1.034000  0.16182314E+02
   14.08133914  0.61743792E+01    1.035000  0.16044464E+02
   14.09494430  0.58880039E+01    1.036000  0.15487703E+02
   14.10854946  0.55505426E+01    1.037000  0.14776711E+02
   14.12215462  0.51864188E+01    1.038000  0.13972408E+02
   14.13575978  0.51527424E+01    1.039000  0.14045682E+02
   14.14936494  0.50006550E+01    1.040000  0.13790271E+02
   14.16297009  0.48687464E+01    1.041000  0.13581468E+02
   14.17657525  0.47298120E+01    1.042000  0.13344446E+02
   14.19018041  0.45494745E+01    1.043000  0.12980450E+02
   14.20378557  0.43858121E+01    1.044000  0.12653082E+02
   14.21739073  0.42231867E+01    1.045000  0.12318321E+02
   14.23099589  0.40972596E+01    1.046000  0.12081419E+02
   14.24460105  0.40089147E+01    1.047000  0.11948514E+02
   14.25820620  0.39412242E+01    1.048000  0.11872203E+02
   14.27181136  0.39080031E+01    1.049000  0.11896513E+02
   14.28541652  0.38516819E+01    1.050000  0.11847653E+02
   14.29902168  0.37877666E+01    1.051000  0.11771607E+02
   14.31262684  0.37916873E+01    1.052000  0.11904472E+02
   14.32623200  0.39586487E+01    1.053000  0.12554662E+02
   14.33983716  0.39992220E+01    1.054000  0.12810624E+02
   14.35344231  0.37973794E+01    1.055000  0.12284927E+02
   14.36704747  0.38275283E+01    1.056000  0.12504283E+02
   14.38065263  0.39655543E+01    1.057000  0.13081419E+02
   14.39425779  0.40560972E+01    1.058000  0.13509194E+02
   14.40786295  0.41985724E+01    1.059000  0.14117351E+02
   14.42146811  0.44357577E+01    1.060000  0.15056046E+02
   14.43507327  0.45533610E+01    1.061000  0.15600143E+02
   14.44867842  0.45036596E+01    1.062000  0.15573203E+02
   14.46228358  0.43742344E+01    1.063000  0.15264885E+02
   14.47588874  0.42087651E+01    1.064000  0.14821397E+02
   14.48949390  0.39918938E+01    1.065000  0.14184725E+02
   14.50309906  0.38190569E+01    1.066000  0.13692121E+02
   14.51670422  0.36429556E+01    1.067000  0.13176707E+02
   14.53030938  0.35667860E+01    1.068000  0.13014721E+02
   14.54391453  0.35461344E+01    1.069000  0.13052231E+02
   14.55751969  0.34052213E+01    1.070000  0.12641953E+02
   14.57112485  0.33140943E+01    1.071000  0.12409122E+02
   14.58473001  0.33884257E+01    1.072000  0.12795290E+02
   14.59833517  0.32508301E+01    1.073000  0.12379171E+02
   14.61194033  0.31194014E+01    1.074000  0.11977973E+02
   14.62554549  0.29643916E+01    1.075000  0.11477111E+02
   14.63915064  0.29387565E+01    1.076000  0.11471394E+02
   14.65275580  0.28314424E+01    1.077000  0.11142613E+02
   14.66636096  0.27699755E+01    1.078000  0.10988883E+02
   14.67996612  0.26498508E+01    1.079000  0.10596670E+02
   14.69357128  0.25956793E+01    1.080000  0.10462654E+02
   14.70717644  0.25196348E+01    1.081000  0.10236328E+02
   14.72078160  0.24782017E+01    1.082000  0.10146876E+02
   14.73438675  0.23751327E+01    1.083000  0.98004598E+01
   14.74799191  0.24044823E+01    1.084000  0.99980932E+01
   14.76159707  0.23896878E+01    1.085000  0.10012634E+02
   14.77520223  0.23503271E+01    1.086000  0.99225207E+01
   14.78880739  0.22813447E+01    1.087000  0.97039031E+01
   14.80241255  0.22810892E+01    1.088000  0.97754178E+01
   14.81601771  0.22778807E+01    1.089000  0.98341675E+01
   14.82962286  0.22777009E+01    1.090000  0.99058849E+01
   14.84322802  0.22348485E+01    1.091000  0.97906467E+01
   14.85683318  0.21999709E+01    1.092000  0.97078712E+01
   14.87043834  0.22051521E+01    1.093000  0.98009190E+01
   14.88404350  0.21427408E+01    1.094000  0.95917267E+01
   14.89764866  0.21260844E+01    1.095000  0.95848344E+01
   14.91125382  0.20983772E+01    1.096000  0.95267107E+01
   14.92485898  0.20951667E+01    1.097000  0.95788190E+01
   14.93846413  0.20669664E+01    1.098000  0.95156776E+01
   14.95206929  0.20146881E+01    1.099000  0.93391273E+01
   14.96567445  0.19749373E+01    1.100000  0.92177188E+01
   14.97927961  0.19228569E+01    1.101000  0.90358413E+01
   14.99288477  0.19010982E+01    1.102000  0.89941010E+01
   15.00648993  0.18688959E+01    1.103000  0.89012343E+01
   15.02009509  0.18166190E+01    1.104000  0.87100667E+01
   15.03370024  0.18303714E+01    1.105000  0.88342610E+01
   15.04730540  0.18285775E+01    1.106000  0.88838019E+01
   15.06091056  0.17755343E+01    1.107000  0.86826127E+01
   15.07451572  0.17391393E+01    1.108000  0.85599883E+01
   15.08812088  0.17164674E+01    1.109000  0.85030289E+01
   15.10172604  0.16833672E+01    1.110000  0.83926351E+01
   15.11533120  0.16640429E+01    1.111000  0.83492538E+01
   15.12893635  0.16515131E+01    1.112000  0.83389495E+01
   15.14254151  0.16533994E+01    1.113000  0.84010978E+01
   15.15614667  0.16512713E+01    1.114000  0.84428408E+01
   15.16975183  0.16834564E+01    1.115000  0.86609815E+01
   15.18335699  0.16854152E+01    1.116000  0.87247014E+01
   15.19696215  0.17122260E+01    1.117000  0.89179859E+01
   15.21056731  0.16662045E+01    1.118000  0.87313184E+01
   15.22417246  0.16879771E+01    1.119000  0.88991363E+01
   15.23777762  0.16732315E+01    1.120000  0.88746510E+01
   15.25138278  0.16713773E+01    1.121000  0.89180125E+01
   15.26498794  0.16436996E+01    1.122000  0.88226467E+01
   15.27859310  0.16837270E+01    1.123000  0.90910850E+01
   15.29219826  0.16710900E+01    1.124000  0.90760399E+01
   15.30580342  0.16521656E+01    1.125000  0.90258421E+01
   15.31940857  0.16305186E+01    1.126000  0.89594793E+01
   15.33301373  0.16268232E+01    1.127000  0.89909510E+01
   15.34661889  0.16159297E+01    1.128000  0.89821774E+01
   15.36022405  0.16047740E+01    1.129000  0.89712444E+01
   15.37382921  0.15884488E+01    1.130000  0.89305374E+01
   15.38743437  0.15486113E+01    1.131000  0.87558521E+01
   15.40103953  0.15129486E+01    1.132000  0.86023688E+01
   15.41464468  0.14473186E+01    1.133000  0.82752725E+01
   15.42824984  0.13962843E+01    1.134000  0.80279163E+01
   15.44185500  0.13378983E+01    1.135000  0.77348088E+01
   15.45546016  0.12914065E+01    1.136000  0.75071271E+01
   15.46906532  0.12270345E+01    1.137000  0.71719772E+01
   15.48267048  0.12034506E+01    1.138000  0.70724334E+01
   15.50988079  0.11655935E+01    1.140000  0.69241510E+01
   15.52348595  0.11383154E+01    1.141000  0.67983363E+01
   15.53709111  0.11228582E+01    1.142000  0.67417598E+01
   15.55069627  0.10797465E+01    1.143000  0.65172780E+01
   15.56430143  0.10558534E+01    1.144000  0.64066662E+01
   15.57790659  0.10499263E+01    1.145000  0.64041188E+01
   15.59151175  0.10587654E+01    1.146000  0.64917315E+01
   15.60511690  0.10232215E+01    1.147000  0.63063637E+01
   15.61872206  0.10064169E+01    1.148000  0.62348243E+01
   15.63232722  0.97627007E+00    1.149000  0.60791351E+01
   15.64593238  0.97172066E+00    1.150000  0.60817339E+01
   15.65953754  0.96198011E+00    1.151000  0.60513880E+01
   15.67314270  0.94747201E+00    1.152000  0.59902797E+01
   15.68674786  0.91788571E+00    1.153000  0.58324379E+01
   15.70035301  0.90180663E+00    1.154000  0.57589704E+01
   15.71395817  0.88038815E+00    1.155000  0.56502118E+01
   15.72756333  0.88000337E+00    1.156000  0.56757507E+01
   15.74116849  0.84516924E+00    1.157000  0.54779810E+01
   15.75477365  0.87492486E+00    1.158000  0.56986894E+01
   15.76837881  0.84985297E+00    1.159000  0.55624362E+01
   15.78198397  0.83631988E+00    1.160000  0.55004778E+01
   15.79558912  0.81959284E+00    1.161000  0.54165497E+01
   15.80919428  0.80898936E+00    1.162000  0.53722213E+01
   15.82279944  0.81529958E+00    1.163000  0.54400743E+01
   15.83640460  0.79777212E+00    1.164000  0.53485137E+01
   15.85000976  0.79693989E+00    1.165000  0.53682989E+01
   15.86361492  0.79150149E+00    1.166000  0.53568566E+01
   15.87722008  0.79267741E+00    1.167000  0.53900442E+01
   15.89082524  0.76474602E+00    1.168000  0.52244565E+01
   15.90443039  0.76271669E+00    1.169000  0.52348683E+01
   15.91803555  0.78163621E+00    1.170000  0.53895991E+01
   15.93164071  0.76746383E+00    1.171000  0.53163031E+01
   15.94524587  0.76327882E+00    1.172000  0.53116064E+01
   15.95885103  0.75610904E+00    1.173000  0.52857775E+01
   15.97245619  0.75583088E+00    1.174000  0.53078892E+01
   15.98606135  0.74358634E+00    1.175000  0.52455674E+01
   15.99966650  0.72086935E+00    1.176000  0.51082558E+01
   16.01327166  0.74693826E+00    1.177000  0.53167597E+01
   16.02687682  0.73605484E+00    1.178000  0.52627176E+01
   16.04048198  0.74119081E+00    1.179000  0.53230296E+01
   16.05408714  0.72914719E+00    1.180000  0.52597426E+01
   16.06769230  0.72552433E+00    1.181000  0.52567006E+01
   16.08129746  0.71509035E+00    1.182000  0.52038620E+01
   16.09490261  0.70449763E+00    1.183000  0.51491990E+01
   16.10850777  0.69504613E+00    1.184000  0.51022393E+01
   16.12211293  0.70680253E+00    1.185000  0.52110372E+01
   16.13571809  0.70446862E+00    1.186000  0.52162516E+01
   16.14932325  0.69791322E+00    1.187000  0.51899249E+01
   16.16292841  0.68540411E+00    1.188000  0.51187175E+01
   16.17653357  0.67533009E+00    1.189000  0.50649771E+01
   16.19013872  0.67415354E+00    1.190000  0.50776097E+01
   16.20374388  0.66727438E+00    1.191000  0.50470347E+01
   16.21734904  0.65515387E+00    1.192000  0.49762113E+01
   16.23095420  0.65598363E+00    1.193000  0.50033921E+01
   16.24455936  0.65340261E+00    1.194000  0.50045021E+01
   16.25816452  0.65616130E+00    1.195000  0.50465153E+01
   16.27176968  0.67420936E+00    1.196000  0.52067808E+01
   16.28537483  0.65864037E+00    1.197000  0.51075076E+01
   16.29897999  0.65703940E+00    1.198000  0.51160047E+01
   16.31258515  0.63823108E+00    1.199000  0.49898680E+01
   16.32619031  0.63461455E+00    1.200000  0.49817912E+01
   16.33979547  0.63485915E+00    1.201000  0.50039173E+01
   16.35340063  0.61898090E+00    1.202000  0.48984667E+01
   16.36700579  0.60235092E+00    1.203000  0.47860324E+01
   16.39421610  0.58103753E+00    1.205000  0.46536710E+01
   16.40782126  0.57624722E+00    1.206000  0.46336448E+01
   16.42142642  0.58562532E+00    1.207000  0.47276938E+01
   16.43503158  0.57914110E+00    1.208000  0.46937800E+01
   16.44863674  0.56832812E+00    1.209000  0.46242323E+01
   16.46224190  0.54920544E+00    1.210000  0.44861194E+01
   16.47584705  0.54229680E+00    1.211000  0.44469470E+01
   16.48945221  0.54412384E+00    1.212000  0.44792473E+01
   16.50305737  0.54717159E+00    1.213000  0.45217516E+01
   16.51666253  0.53240000E+00    1.214000  0.44166262E+01
   16.53026769  0.53250992E+00    1.215000  0.44344866E+01
   16.54387285  0.49468434E+00    1.216000  0.41352379E+01
   16.55747801  0.49223399E+00    1.217000  0.41304212E+01
   16.57108316  0.50398520E+00    1.218000  0.42450683E+01
   16.58468832  0.49441681E+00    1.219000  0.41802098E+01
   16.59829348  0.48393189E+00    1.220000  0.41069640E+01
   16.61189864  0.47898737E+00    1.221000  0.40802466E+01
   16.62550380  0.45651333E+00    1.222000  0.39033315E+01
   16.63910896  0.45905516E+00    1.223000  0.39396756E+01
   16.65271412  0.45688606E+00    1.224000  0.39356016E+01
   16.67992443  0.45651588E+00    1.226000  0.39614725E+01
   16.69352959  0.43920922E+00    1.227000  0.38252708E+01
   16.70713475  0.43021698E+00    1.228000  0.37606461E+01
   16.72073991  0.43460487E+00    1.229000  0.38128343E+01
   16.73434507  0.43805606E+00    1.230000  0.38570542E+01
   16.74795023  0.42760030E+00    1.231000  0.37786014E+01
   16.76155538  0.43241912E+00    1.232000  0.38349470E+01
   16.77516054  0.42866599E+00    1.233000  0.38153055E+01
   16.78876570  0.43979366E+00    1.234000  0.39283439E+01
   16.80237086  0.44653680E+00    1.235000  0.40027875E+01
   16.81597602  0.45473043E+00    1.236000  0.40907087E+01
   16.82958118  0.45395587E+00    1.237000  0.40981892E+01
   16.84318634  0.45381642E+00    1.238000  0.41113741E+01
   16.85679150  0.45544051E+00    1.239000  0.41405832E+01
   16.87039665  0.44732282E+00    1.240000  0.40810194E+01
   16.88400181  0.44117534E+00    1.241000  0.40389762E+01
   16.89760697  0.43810726E+00    1.242000  0.40248317E+01
   16.91121213  0.41450522E+00    1.243000  0.38211957E+01
   16.92481729  0.42273478E+00    1.244000  0.39105161E+01
   16.93842245  0.42806807E+00    1.245000  0.39734762E+01
   16.95202761  0.42201050E+00    1.246000  0.39306793E+01
   16.96563276  0.42818736E+00    1.247000  0.40018398E+01
   16.97923792  0.42207695E+00    1.248000  0.39581656E+01
   16.99284308  0.41191510E+00    1.249000  0.38759797E+01
   17.00644824  0.41282480E+00    1.250000  0.38976789E+01
   17.02005340  0.40256308E+00    1.251000  0.38136057E+01
   17.03365856  0.40191875E+00    1.252000  0.38202938E+01
   17.04726372  0.39486646E+00    1.253000  0.37658285E+01
   17.06086887  0.39635908E+00    1.254000  0.37926787E+01
   17.07447403  0.38959980E+00    1.255000  0.37404005E+01
   17.08807919  0.38946415E+00    1.256000  0.37514939E+01
   17.10168435  0.38821447E+00    1.257000  0.37518124E+01
   17.11528951  0.38717544E+00    1.258000  0.37540937E+01
   17.12889467  0.39271187E+00    1.259000  0.38202746E+01
   17.14249983  0.39068148E+00    1.260000  0.38129576E+01
   17.15610498  0.39447211E+00    1.261000  0.38625083E+01
   17.16971014  0.38766011E+00    1.262000  0.38081463E+01
   17.18331530  0.37706160E+00    1.263000  0.37160337E+01
   17.19692046  0.38071990E+00    1.264000  0.37642045E+01
   17.21052562  0.37975697E+00    1.265000  0.37667707E+01
   17.22413078  0.37412513E+00    1.266000  0.37228165E+01
   17.23773594  0.37156942E+00    1.267000  0.37092115E+01
   17.25134109  0.37791054E+00    1.268000  0.37845401E+01
   17.26494625  0.37450046E+00    1.269000  0.37623097E+01
   17.27855141  0.36971502E+00    1.270000  0.37260013E+01
   17.29215657  0.36708072E+00    1.271000  0.37111360E+01
   17.30576173  0.35847440E+00    1.272000  0.36355367E+01
   17.31936689  0.36454726E+00    1.273000  0.37087284E+01
   17.33297205  0.36155640E+00    1.274000  0.36898083E+01
   17.34657720  0.36548181E+00    1.275000  0.37415008E+01
   17.36018236  0.36416915E+00    1.276000  0.37396535E+01
   17.37378752  0.35700850E+00    1.277000  0.36774835E+01
   17.38739268  0.35843105E+00    1.278000  0.37035450E+01
   17.40099784  0.34505811E+00    1.279000  0.35763493E+01
   17.41460300  0.33659322E+00    1.280000  0.34993281E+01
   17.42820816  0.32916962E+00    1.281000  0.34326267E+01
   17.44181331  0.32470251E+00    1.282000  0.33963775E+01
   17.45541847  0.31528364E+00    1.283000  0.33078912E+01
   17.46902363  0.31414491E+00    1.284000  0.33059423E+01
   17.48262879  0.31090894E+00    1.285000  0.32817837E+01
   17.49623395  0.31138977E+00    1.286000  0.32967698E+01
   17.50983911  0.30643173E+00    1.287000  0.32540307E+01
   17.52344427  0.30086417E+00    1.288000  0.32044839E+01
   17.53704942  0.29810032E+00    1.289000  0.31845342E+01
   17.55065458  0.28691694E+00    1.290000  0.30741967E+01
   17.56425974  0.28658617E+00    1.291000  0.30797740E+01
   17.57786490  0.28505989E+00    1.292000  0.30724447E+01
   17.59147006  0.28121580E+00    1.293000  0.30399626E+01
   17.60507522  0.28278197E+00    1.294000  0.30658933E+01
   17.61868038  0.28398071E+00    1.295000  0.30879283E+01
   17.63228553  0.27571614E+00    1.296000  0.30068370E+01
   17.64589069  0.27731904E+00    1.297000  0.30331439E+01
   17.65949585  0.26659978E+00    1.298000  0.29243885E+01
   17.67310101  0.26513094E+00    1.299000  0.29167150E+01
   17.68670617  0.25997472E+00    1.300000  0.28682656E+01
   17.70031133  0.26398497E+00    1.301000  0.29209121E+01
   17.71391649  0.26929451E+00    1.302000  0.29882315E+01
   17.72752164  0.26939070E+00    1.303000  0.29978729E+01
   17.74112680  0.26851290E+00    1.304000  0.29966506E+01
   17.75473196  0.26632994E+00    1.305000  0.29807650E+01
   17.76833712  0.25729964E+00    1.306000  0.28878871E+01
   17.78194228  0.26144149E+00    1.307000  0.29426956E+01
   17.79554744  0.25562858E+00    1.308000  0.28854035E+01
   17.80915260  0.25396133E+00    1.309000  0.28746674E+01
   17.82275776  0.25088872E+00    1.310000  0.28478728E+01
   17.83636291  0.24477455E+00    1.311000  0.27862606E+01
   17.84996807  0.24290095E+00    1.312000  0.27726644E+01
   17.86357323  0.24400357E+00    1.313000  0.27930166E+01
   17.87717839  0.24253894E+00    1.314000  0.27839710E+01
   17.89078355  0.24136900E+00    1.315000  0.27782241E+01
   17.90438871  0.23427304E+00    1.316000  0.27040039E+01
   17.91799387  0.23478319E+00    1.317000  0.27173647E+01
   17.93159902  0.23129451E+00    1.318000  0.26843485E+01
   17.94520418  0.22777110E+00    1.319000  0.26507061E+01
   17.95880934  0.23197522E+00    1.320000  0.27070151E+01
   17.97241450  0.23143853E+00    1.321000  0.27081184E+01
   17.98601966  0.22990023E+00    1.322000  0.26974355E+01
   17.99962482  0.23038485E+00    1.323000  0.27104542E+01
   18.01322998  0.22896940E+00    1.324000  0.27010891E+01
   18.02683513  0.22746632E+00    1.325000  0.26905974E+01
   18.04044029  0.22860123E+00    1.326000  0.27112975E+01
   18.05404545  0.22629574E+00    1.327000  0.26911560E+01
   18.06765061  0.22292617E+00    1.328000  0.26581796E+01
   18.08125577  0.22297469E+00    1.329000  0.26658549E+01
   18.09486093  0.21743074E+00    1.330000  0.26064925E+01
   18.10846609  0.21315489E+00    1.331000  0.25620191E+01
   18.12207124  0.20937154E+00    1.332000  0.25232088E+01
   18.13567640  0.20728219E+00    1.333000  0.25046267E+01
   18.14928156  0.21043989E+00    1.334000  0.25494795E+01
   18.16288672  0.20858440E+00    1.335000  0.25336389E+01
   18.17649188  0.20569647E+00    1.336000  0.25051066E+01
   18.19009704  0.21109232E+00    1.337000  0.25775393E+01
   18.20370220  0.21102206E+00    1.338000  0.25833978E+01
   18.21730735  0.21027702E+00    1.339000  0.25809693E+01
   18.23091251  0.20883782E+00    1.340000  0.25699512E+01
   18.24451767  0.20926200E+00    1.341000  0.25818315E+01
   18.25812283  0.20997365E+00    1.342000  0.25972946E+01
   18.27172799  0.21400942E+00    1.343000  0.26540270E+01
   18.28533315  0.21475016E+00    1.344000  0.26700482E+01
   18.29893831  0.21521629E+00    1.345000  0.26826935E+01
   18.31254346  0.22051086E+00    1.346000  0.27557092E+01
   18.32614862  0.21657067E+00    1.347000  0.27133619E+01
   18.33975378  0.21786267E+00    1.348000  0.27364831E+01
   18.35335894  0.21728242E+00    1.349000  0.27361104E+01
   18.36696410  0.21724387E+00    1.350000  0.27425393E+01
   18.38056926  0.21863086E+00    1.351000  0.27670075E+01
   18.39417442  0.21837912E+00    1.352000  0.27707719E+01
   18.40777957  0.22131526E+00    1.353000  0.28150692E+01
   18.42138473  0.21744119E+00    1.354000  0.27727128E+01
   18.43498989  0.21931501E+00    1.355000  0.28035872E+01
   18.44859505  0.21694028E+00    1.356000  0.27801348E+01
   18.46220021  0.21525673E+00    1.357000  0.27654108E+01
   18.47580537  0.21555311E+00    1.358000  0.27760790E+01
   18.48941053  0.21231020E+00    1.359000  0.27410713E+01
   18.50301568  0.21154162E+00    1.360000  0.27378813E+01
   18.51662084  0.20672875E+00    1.361000  0.26821703E+01
   18.53022600  0.20797693E+00    1.362000  0.27049840E+01
   18.54383116  0.20766875E+00    1.363000  0.27075853E+01
   18.55743632  0.20200711E+00    1.364000  0.26401983E+01
   18.57104148  0.20288761E+00    1.365000  0.26581637E+01
   18.58464664  0.20081458E+00    1.366000  0.26373950E+01
   18.59825179  0.19916683E+00    1.367000  0.26220933E+01
   18.61185695  0.19800315E+00    1.368000  0.26130751E+01
   18.62546211  0.19674327E+00    1.369000  0.26027101E+01
   18.63906727  0.19708983E+00    1.370000  0.26135676E+01
   18.65267243  0.19757174E+00    1.371000  0.26262463E+01
   18.66627759  0.19116455E+00    1.372000  0.25471623E+01
   18.67988275  0.19362912E+00    1.373000  0.25861641E+01
   18.69348790  0.19121260E+00    1.374000  0.25599742E+01
   18.70709306  0.12559739E+02    1.375000  0.16855084E+03
   18.72069822  0.18675568E+00    1.376000  0.25121925E+01
   18.73430338  0.18309734E+00    1.377000  0.24688089E+01
   18.74790854  0.18474947E+00    1.378000  0.24969656E+01
   18.76151370  0.18405223E+00    1.379000  0.24934001E+01
   18.77511886  0.18591261E+00    1.380000  0.25245203E+01
   18.78872402  0.18066882E+00    1.381000  0.24590647E+01
   18.80232917  0.18190047E+00    1.382000  0.24816180E+01
   18.81593433  0.57738982E+01    1.383000  0.78955473E+02
   18.82953949  0.17423610E+00    1.384000  0.23881462E+01
   18.84314465  0.16830844E+00    1.385000  0.23122563E+01
   18.85674981  0.16298426E+00    1.386000  0.22442990E+01
   18.87035497  0.16624756E+00    1.387000  0.22945260E+01
   18.88396013  0.16026887E+00    1.388000  0.22171099E+01
   18.89756528  0.16313266E+00    1.389000  0.22619188E+01
   18.91117044  0.16151740E+00    1.390000  0.22446631E+01
   18.92477560  0.15872038E+00    1.391000  0.22108437E+01
   18.93838076  0.15756712E+00    1.392000  0.21997947E+01
   18.95198592  0.15791179E+00    1.393000  0.22096326E+01
   18.96559108  0.16184468E+00    1.394000  0.22698159E+01
   18.97919624  0.15570636E+00    1.395000  0.21886838E+01
   18.99280139  0.15319931E+00    1.396000  0.21583195E+01
   19.00640655  0.15525835E+00    1.397000  0.21922694E+01
   19.02001171  0.15551084E+00    1.398000  0.22007841E+01
   19.03361687  0.15469360E+00    1.399000  0.21941421E+01
   19.04722203  0.15055572E+00    1.400000  0.21402431E+01
   19.06082719  0.14670045E+00    1.401000  0.20901072E+01
   19.07443235  0.15267303E+00    1.402000  0.21800604E+01
   19.08803750  0.15142248E+00    1.403000  0.21670228E+01
   19.10164266  0.15131306E+00    1.404000  0.21702729E+01
   19.11524782  0.15604293E+00    1.405000  0.22430795E+01
   19.12885298  0.14807410E+00    1.406000  0.21332424E+01
   19.14245814  0.14365643E+00    1.407000  0.20741711E+01
   19.15606330  0.14638016E+00    1.408000  0.21181563E+01
   19.16966846  0.14435292E+00    1.409000  0.20934160E+01
   19.18327361  0.14108028E+00    1.410000  0.20504463E+01
   19.19687877  0.14030059E+00    1.411000  0.20435797E+01
   19.21048393  0.13996133E+00    1.412000  0.20430928E+01
   19.22408909  0.14025043E+00    1.413000  0.20517768E+01
   19.23769425  0.13813109E+00    1.414000  0.20251685E+01
   19.25129941  0.13680713E+00    1.415000  0.20101119E+01
   19.26490457  0.13651440E+00    1.416000  0.20101557E+01
   19.27850972  0.13349921E+00    1.417000  0.19700064E+01
   19.29211488  0.13554881E+00    1.418000  0.20045659E+01
   19.30572004  0.13397216E+00    1.419000  0.19855136E+01
   19.31932520  0.13185481E+00    1.420000  0.19583304E+01
   19.33293036  0.13194640E+00    1.421000  0.19638903E+01
   19.34653552  0.13083448E+00    1.422000  0.19515046E+01
   19.36014068  0.13047472E+00    1.423000  0.19502911E+01
   19.37374583  0.13032509E+00    1.424000  0.19522025E+01
   19.38735099  0.12840306E+00    1.425000  0.19274983E+01
   19.40095615  0.13028215E+00    1.426000  0.19598524E+01
   19.41456131  0.14216315E+01    1.427000  0.21431047E+02
   19.42816647  0.12744888E+00    1.428000  0.19253439E+01
   19.44177163  0.12459490E+00    1.429000  0.18861949E+01
   19.45537679  0.12345912E+00    1.430000  0.18729302E+01
   19.46898194  0.12393325E+00    1.431000  0.18840675E+01
   19.48258710  0.12401007E+00    1.432000  0.18891823E+01
   19.49619226  0.12526456E+00    1.433000  0.19122802E+01
   19.50979742  0.12249665E+00    1.434000  0.18739242E+01
   19.52340258  0.31990183E+00    1.435000  0.49039628E+01
   19.53700774  0.12200364E+00    1.436000  0.18741484E+01
   19.55061290  0.12287534E+00    1.437000  0.18914498E+01
   19.56421805  0.12314390E+00    1.438000  0.18995032E+01
   19.57782321  0.12016442E+00    1.439000  0.18573690E+01
   19.59142837  0.11980893E+00    1.440000  0.18556875E+01
   19.99958313  0.22452053E+00    1.470000  0.36919150E+01
   24.99947891  0.30834164E-01    1.837500  0.86767914E+00
   29.99937469  0.12556165E-01    2.205000  0.50019772E+00
   34.99927048  0.74960162E-02    2.572500  0.38629563E+00
   39.99916626  0.47001703E-02    2.940000  0.29719220E+00
   44.99906204  0.33026382E-02    3.307500  0.24745587E+00
   49.99895782  0.24886833E-02    3.675000  0.21557812E+00
   54.99885361  0.19872295E-02    4.042500  0.19538440E+00
   59.99874939  0.16192482E-02    4.410000  0.17814424E+00
   64.99864517  0.13645716E-02    4.777500  0.16608647E+00
   69.99854095  0.11560739E-02    5.145000  0.15423171E+00
   74.99843674  0.99457234E-03    5.512500  0.14431895E+00
   79.99833252  0.85733533E-03    5.880000  0.13443290E+00
   84.99822830  0.74695604E-03    6.247500  0.12586195E+00
   89.99812408  0.65134737E-03    6.615000  0.11737048E+00
   94.99801987  0.57139632E-03    6.982500  0.10964700E+00
   99.99791565  0.50377889E-03    7.350000  0.10256420E+00
  104.99781143  0.44531914E-03    7.717500  0.95871131E-01
  109.99770721  0.39589603E-03    8.085000  0.89861663E-01
  114.99760300  0.35347126E-03    8.452500  0.84366386E-01
  119.99749878  0.31581659E-03    8.820000  0.79072974E-01
  124.99739456  0.28378182E-03    9.187500  0.74371522E-01
  129.99729034  0.25527672E-03    9.555000  0.69886987E-01
  134.99718613  0.23045014E-03    9.922500  0.65785718E-01
