       eV          sigma            Ry          om               in 10^-16                                                                       
   13.29210580  0.00000000E+00    0.976990  0.00000000E+00
   13.30584510  0.18929880E+01    0.978000  0.61184276E+00
   13.31945026  0.24897868E+01    0.979000  0.83869895E+00
   13.33305542  0.33669263E+01    0.980000  0.11800946E+01
   13.34666058  0.35268675E+01    0.981000  0.12842612E+01
   13.36026574  0.32132536E+01    0.982000  0.12138930E+01
   13.37387090  0.35606084E+01    0.983000  0.13936837E+01
   13.38747605  0.23305174E+01    0.984000  0.94399396E+00
   13.40108121  0.25277339E+01    0.985000  0.10583573E+01
   13.41468637  0.25478628E+01    0.986000  0.11015391E+01
   13.42829153  0.30731623E+01    0.987000  0.13705654E+01
   13.44189669  0.32451605E+01    0.988000  0.14915382E+01
   13.45550185  0.34950033E+01    0.989000  0.16540440E+01
   13.46910701  0.34770464E+01    0.990000  0.16929740E+01
   13.48271216  0.35836441E+01    0.991000  0.17937587E+01
   13.49631732  0.36797820E+01    0.992000  0.18920733E+01
   13.50992248  0.36661813E+01    0.993000  0.19350882E+01
   13.52352764  0.36936731E+01    0.994000  0.19999821E+01
   13.53713280  0.37577832E+01    0.995000  0.20859529E+01
   13.55073796  0.37827465E+01    0.996000  0.21514082E+01
   13.56434312  0.38263712E+01    0.997000  0.22284126E+01
   13.57794827  0.39024511E+01    0.998000  0.23259512E+01
   13.59155343  0.38959033E+01    0.999000  0.23751902E+01
   13.60515859  0.39154566E+01    1.000000  0.24405195E+01
   13.61876375  0.36548213E+01    1.001000  0.23279177E+01
   13.63236891  0.38077954E+01    1.002000  0.24772935E+01
   13.64597407  0.40364939E+01    1.003000  0.26811406E+01
   13.65957923  0.39669036E+01    1.004000  0.26890271E+01
   13.67318438  0.44682642E+01    1.005000  0.30898310E+01
   13.70039470  0.41866860E+01    1.007000  0.30093341E+01
   13.71399986  0.38734041E+01    1.008000  0.28369860E+01
   13.75481534  0.44760222E+01    1.011000  0.34615239E+01
   13.76842049  0.46455403E+01    1.012000  0.36559874E+01
   13.78202565  0.38975400E+01    1.013000  0.31204836E+01
   13.79563081  0.40861125E+01    1.014000  0.33271964E+01
   13.80923597  0.38294582E+01    1.015000  0.31704460E+01
   13.82284113  0.36317936E+01    1.016000  0.30563366E+01
   13.83644629  0.32191386E+01    1.017000  0.27529770E+01
   13.85005145  0.30844390E+01    1.018000  0.26798561E+01
   13.86365660  0.28667598E+01    1.019000  0.25298334E+01
   13.87726176  0.28014522E+01    1.020000  0.25104142E+01
   13.89086692  0.28576049E+01    1.021000  0.25997122E+01
   13.90447208  0.24762063E+01    1.022000  0.22865104E+01
   13.91807724  0.26954525E+01    1.023000  0.25257277E+01
   13.93168240  0.28237587E+01    1.024000  0.26844720E+01
   13.94528756  0.26398877E+01    1.025000  0.25456799E+01
   13.95889272  0.26183436E+01    1.026000  0.25606199E+01
   13.97249787  0.27136362E+01    1.027000  0.26908267E+01
   13.98610303  0.29932784E+01    1.028000  0.30089478E+01
   13.99970819  0.28727035E+01    1.029000  0.29269266E+01
   14.01331335  0.28723695E+01    1.030000  0.29657665E+01
   14.02691851  0.26220079E+01    1.031000  0.27430294E+01
   14.04052367  0.25424696E+01    1.032000  0.26945002E+01
   14.05412883  0.25020459E+01    1.033000  0.26857882E+01
   14.06773398  0.27835840E+01    1.034000  0.30259708E+01
   14.08133914  0.26710529E+01    1.035000  0.29400750E+01
   14.09494430  0.26481847E+01    1.036000  0.29510258E+01
   14.10854946  0.25055154E+01    1.037000  0.28262173E+01
   14.12215462  0.23580279E+01    1.038000  0.26920161E+01
   14.13575978  0.22456021E+01    1.039000  0.25942973E+01
   14.14936494  0.22300787E+01    1.040000  0.26067826E+01
   14.16297009  0.21682769E+01    1.041000  0.25641174E+01
   14.17657525  0.21506835E+01    1.042000  0.25726483E+01
   14.19018041  0.20711438E+01    1.043000  0.25057542E+01
   14.20378557  0.20856396E+01    1.044000  0.25517407E+01
   14.21739073  0.19471400E+01    1.045000  0.24088488E+01
   14.23099589  0.18344648E+01    1.046000  0.22944787E+01
   14.24460105  0.18066823E+01    1.047000  0.22843733E+01
   14.25820620  0.17707381E+01    1.048000  0.22630789E+01
   14.27181136  0.18362021E+01    1.049000  0.23717912E+01
   14.28541652  0.18443595E+01    1.050000  0.24074858E+01
   14.29902168  0.19274894E+01    1.051000  0.25422889E+01
   14.31262684  0.19822336E+01    1.052000  0.26415329E+01
   14.32623200  0.20336163E+01    1.053000  0.27377450E+01
   14.33983716  0.21185775E+01    1.054000  0.28810218E+01
   14.35344231  0.21675681E+01    1.055000  0.29772099E+01
   14.36704747  0.20098112E+01    1.056000  0.27879414E+01
   14.38065263  0.20498403E+01    1.057000  0.28714290E+01
   14.39425779  0.19638290E+01    1.058000  0.27777312E+01
   14.40786295  0.19135305E+01    1.059000  0.27326880E+01
   14.42146811  0.18761410E+01    1.060000  0.27048838E+01
   14.43507327  0.17262914E+01    1.061000  0.25123889E+01
   14.44867842  0.16190819E+01    1.062000  0.23784446E+01
   14.46228358  0.15685578E+01    1.063000  0.23256200E+01
   14.47588874  0.14721333E+01    1.064000  0.22027368E+01
   14.48949390  0.14168788E+01    1.065000  0.21393869E+01
   14.50309906  0.13901832E+01    1.066000  0.21180410E+01
   14.51670422  0.14113225E+01    1.067000  0.21694992E+01
   14.53030938  0.13583269E+01    1.068000  0.21065620E+01
   14.54391453  0.13303212E+01    1.069000  0.20812754E+01
   14.55751969  0.13260356E+01    1.070000  0.20926583E+01
   14.57112485  0.13338508E+01    1.071000  0.21231860E+01
   14.58473001  0.13917885E+01    1.072000  0.22343940E+01
   14.59833517  0.14170686E+01    1.073000  0.22943084E+01
   14.61194033  0.14617223E+01    1.074000  0.23865436E+01
   14.62554549  0.14515685E+01    1.075000  0.23897655E+01
   14.63915064  0.14435524E+01    1.076000  0.23962589E+01
   14.65275580  0.14410203E+01    1.077000  0.24117118E+01
   14.66636096  0.14660022E+01    1.078000  0.24735187E+01
   14.67996612  0.14400866E+01    1.079000  0.24494359E+01
   14.69357128  0.14085950E+01    1.080000  0.24150857E+01
   14.70717644  0.14181999E+01    1.081000  0.24508984E+01
   14.72078160  0.14197319E+01    1.082000  0.24729118E+01
   14.73438675  0.14233302E+01    1.083000  0.24985940E+01
   14.74799191  0.13614037E+01    1.084000  0.24084548E+01
   14.76159707  0.13883686E+01    1.085000  0.24750963E+01
   14.77520223  0.14023118E+01    1.086000  0.25190814E+01
   14.78880739  0.14563460E+01    1.087000  0.26360123E+01
   14.80241255  0.14053411E+01    1.088000  0.25628620E+01
   14.81601771  0.13943110E+01    1.089000  0.25617658E+01
   14.82962286  0.13565117E+01    1.090000  0.25108205E+01
   14.84322802  0.13464423E+01    1.091000  0.25105488E+01
   14.85683318  0.13223802E+01    1.092000  0.24837208E+01
   14.87043834  0.12576985E+01    1.093000  0.23793899E+01
   14.88404350  0.12160475E+01    1.094000  0.23171794E+01
   14.89764866  0.11933164E+01    1.095000  0.22901426E+01
   14.91125382  0.11185500E+01    1.096000  0.21619127E+01
   14.92485898  0.11340866E+01    1.097000  0.22074109E+01
   14.93846413  0.10903269E+01    1.098000  0.21371086E+01
   14.95206929  0.10605676E+01    1.099000  0.20932451E+01
   14.96567445  0.10395691E+01    1.100000  0.20659803E+01
   14.97927961  0.99414827E+00    1.101000  0.19892742E+01
   14.99288477  0.94188329E+00    1.102000  0.18975405E+01
   15.00648993  0.92246434E+00    1.103000  0.18710014E+01
   15.02009509  0.92618025E+00    1.104000  0.18911717E+01
   15.03370024  0.84309218E+00    1.105000  0.17330139E+01
   15.04730540  0.82550666E+00    1.106000  0.17081263E+01
   15.06091056  0.81336727E+00    1.107000  0.16941023E+01
   15.07451572  0.79704845E+00    1.108000  0.16709851E+01
   15.08812088  0.78439295E+00    1.109000  0.16551527E+01
   15.10172604  0.75827844E+00    1.110000  0.16103915E+01
   15.11533120  0.74553596E+00    1.111000  0.15934991E+01
   15.12893635  0.74119068E+00    1.112000  0.15943217E+01
   15.14254151  0.73397298E+00    1.113000  0.15888079E+01
   15.15614667  0.71410345E+00    1.114000  0.15555376E+01
   15.16975183  0.71144351E+00    1.115000  0.15594478E+01
   15.18335699  0.72184822E+00    1.116000  0.15921007E+01
   15.19696215  0.70772635E+00    1.117000  0.15706073E+01
   15.21056731  0.70556856E+00    1.118000  0.15754429E+01
   15.22417246  0.70547809E+00    1.119000  0.15848639E+01
   15.23777762  0.70843015E+00    1.120000  0.16011590E+01
   15.25138278  0.73085391E+00    1.121000  0.16618092E+01
   15.26498794  0.72872154E+00    1.122000  0.16669007E+01
   15.27859310  0.73654705E+00    1.123000  0.16948478E+01
   15.29219826  0.71898759E+00    1.124000  0.16642495E+01
   15.30580342  0.70588315E+00    1.125000  0.16435450E+01
   15.31940857  0.75495262E+00    1.126000  0.17680939E+01
   15.33301373  0.77284087E+00    1.127000  0.18205299E+01
   15.34661889  0.78019973E+00    1.128000  0.18485069E+01
   15.36022405  0.76393174E+00    1.129000  0.18203839E+01
   15.37382921  0.73458710E+00    1.130000  0.17604782E+01
   15.38743437  0.71171038E+00    1.131000  0.17153609E+01
   15.40103953  0.67939362E+00    1.132000  0.16467384E+01
   15.41464468  0.67521262E+00    1.133000  0.16458145E+01
   15.42824984  0.67331664E+00    1.134000  0.16503774E+01
   15.44185500  0.66398683E+00    1.135000  0.16365660E+01
   15.45546016  0.64952174E+00    1.136000  0.16097728E+01
   15.46906532  0.63524795E+00    1.137000  0.15830617E+01
   15.48267048  0.59454554E+00    1.138000  0.14897396E+01
   15.50988079  0.59540944E+00    1.140000  0.15081475E+01
   15.52348595  0.59539632E+00    1.141000  0.15162357E+01
   15.53709111  0.58199389E+00    1.142000  0.14900437E+01
   15.55069627  0.58074833E+00    1.143000  0.14947764E+01
   15.56430143  0.58542020E+00    1.144000  0.15147866E+01
   15.57790659  0.55702804E+00    1.145000  0.14489194E+01
   15.59151175  0.58704976E+00    1.146000  0.15350183E+01
   15.60511690  0.57150793E+00    1.147000  0.15021751E+01
   15.61872206  0.57822116E+00    1.148000  0.15277076E+01
   15.63232722  0.57244313E+00    1.149000  0.15202499E+01
   15.64593238  0.59030565E+00    1.150000  0.15757398E+01
   15.65953754  0.55818463E+00    1.151000  0.14976110E+01
   15.67314270  0.55415597E+00    1.152000  0.14943610E+01
   15.68674786  0.56283052E+00    1.153000  0.15254304E+01
   15.70035301  0.58271458E+00    1.154000  0.15872703E+01
   15.71395817  0.55722793E+00    1.155000  0.15254474E+01
   15.72756333  0.54237959E+00    1.156000  0.14921974E+01
   15.74116849  0.54341051E+00    1.157000  0.15024460E+01
   15.75477365  0.53744383E+00    1.158000  0.14932800E+01
   15.76837881  0.50785042E+00    1.159000  0.14179824E+01
   15.78198397  0.50372628E+00    1.160000  0.14133383E+01
   15.79558912  0.51198084E+00    1.161000  0.14434823E+01
   15.80919428  0.50236239E+00    1.162000  0.14232164E+01
   15.82279944  0.50020483E+00    1.163000  0.14239269E+01
   15.83640460  0.48573436E+00    1.164000  0.13893596E+01
   15.85000976  0.49277445E+00    1.165000  0.14162182E+01
   15.86361492  0.49199355E+00    1.166000  0.14206849E+01
   15.87722008  0.49703521E+00    1.167000  0.14420230E+01
   15.89082524  0.48495741E+00    1.168000  0.14135973E+01
   15.90443039  0.47412084E+00    1.169000  0.13884771E+01
   15.91803555  0.45990052E+00    1.170000  0.13531057E+01
   15.93164071  0.47475174E+00    1.171000  0.14032763E+01
   15.94524587  0.45827560E+00    1.172000  0.13608270E+01
   15.95885103  0.46127294E+00    1.173000  0.13760194E+01
   15.97245619  0.45711289E+00    1.174000  0.13698448E+01
   15.98606135  0.44537238E+00    1.175000  0.13407367E+01
   15.99966650  0.43783258E+00    1.176000  0.13240113E+01
   16.01327166  0.41225803E+00    1.177000  0.12522969E+01
   16.02687682  0.41778046E+00    1.178000  0.12747708E+01
   16.04048198  0.41726851E+00    1.179000  0.12789004E+01
   16.05408714  0.41304957E+00    1.180000  0.12716038E+01
   16.06769230  0.41461093E+00    1.181000  0.12820660E+01
   16.08129746  0.40906274E+00    1.182000  0.12704896E+01
   16.09490261  0.40306383E+00    1.183000  0.12573558E+01
   16.10850777  0.39644786E+00    1.184000  0.12421250E+01
   16.12211293  0.39755865E+00    1.185000  0.12510281E+01
   16.13571809  0.38992204E+00    1.186000  0.12323161E+01
   16.14932325  0.37043846E+00    1.187000  0.11757928E+01
   16.16292841  0.36725942E+00    1.188000  0.11707119E+01
   16.17653357  0.37223285E+00    1.189000  0.11916431E+01
   16.19013872  0.37288349E+00    1.190000  0.11988123E+01
   16.20374388  0.36630638E+00    1.191000  0.11826636E+01
   16.21734904  0.35959117E+00    1.192000  0.11658877E+01
   16.23095420  0.34063043E+00    1.193000  0.11090584E+01
   16.24455936  0.34485820E+00    1.194000  0.11275276E+01
   16.25816452  0.34288670E+00    1.195000  0.11257588E+01
   16.27176968  0.34710036E+00    1.196000  0.11443276E+01
   16.28537483  0.32945581E+00    1.197000  0.10906506E+01
   16.29897999  0.32243710E+00    1.198000  0.10718136E+01
   16.31258515  0.32778025E+00    1.199000  0.10940458E+01
   16.32619031  0.32564240E+00    1.200000  0.10913521E+01
   16.33979547  0.31630549E+00    1.201000  0.10643751E+01
   16.35340063  0.31302099E+00    1.202000  0.10575924E+01
   16.36700579  0.32034238E+00    1.203000  0.10866985E+01
   16.39421610  0.32173100E+00    1.205000  0.11001862E+01
   16.40782126  0.32616854E+00    1.206000  0.11198098E+01
   16.42142642  0.31857898E+00    1.207000  0.10980987E+01
   16.43503158  0.32471536E+00    1.208000  0.11236792E+01
   16.44863674  0.33000724E+00    1.209000  0.11464932E+01
   16.46224190  0.32787063E+00    1.210000  0.11435426E+01
   16.47584705  0.34006961E+00    1.211000  0.11907287E+01
   16.48945221  0.34348297E+00    1.212000  0.12073656E+01
   16.50305737  0.34523825E+00    1.213000  0.12182447E+01
   16.51666253  0.34384827E+00    1.214000  0.12180301E+01
   16.53026769  0.34291123E+00    1.215000  0.12193882E+01
   16.54387285  0.34855979E+00    1.216000  0.12442289E+01
   16.55747801  0.34372334E+00    1.217000  0.12316531E+01
   16.57108316  0.33970046E+00    1.218000  0.12218717E+01
   16.58468832  0.33735870E+00    1.219000  0.12180503E+01
   16.59829348  0.34860910E+00    1.220000  0.12634256E+01
   16.61189864  0.35702759E+00    1.221000  0.12988058E+01
   16.62550380  0.36563476E+00    1.222000  0.13351046E+01
   16.63910896  0.37132719E+00    1.223000  0.13609554E+01
   16.65271412  0.36177279E+00    1.224000  0.13308722E+01
   16.67992443  0.36519107E+00    1.226000  0.13534099E+01
   16.69352959  0.34904531E+00    1.227000  0.12983343E+01
   16.70713475  0.33280635E+00    1.228000  0.12424703E+01
   16.72073991  0.32827451E+00    1.229000  0.12300293E+01
   16.73434507  0.32621885E+00    1.230000  0.12267766E+01
   16.74795023  0.31794179E+00    1.231000  0.11999868E+01
   16.76155538  0.31277226E+00    1.232000  0.11847421E+01
   16.77516054  0.31020880E+00    1.233000  0.11792634E+01
   16.78876570  0.30773258E+00    1.234000  0.11740476E+01
   16.80237086  0.30275498E+00    1.235000  0.11591870E+01
   16.81597602  0.29482059E+00    1.236000  0.11328293E+01
   16.82958118  0.28785987E+00    1.237000  0.11100097E+01
   16.84318634  0.28161677E+00    1.238000  0.10897772E+01
   16.85679150  0.27205305E+00    1.239000  0.10564792E+01
   16.87039665  0.25848912E+00    1.240000  0.10073315E+01
   16.88400181  0.27332133E+00    1.241000  0.10688608E+01
   16.89760697  0.27026257E+00    1.242000  0.10605856E+01
   16.91121213  0.26653921E+00    1.243000  0.10496098E+01
   16.92481729  0.26432948E+00    1.244000  0.10445136E+01
   16.93842245  0.26766619E+00    1.245000  0.10613499E+01
   16.95202761  0.26105115E+00    1.246000  0.10386808E+01
   16.96563276  0.26614292E+00    1.247000  0.10625704E+01
   16.97923792  0.26128508E+00    1.248000  0.10467396E+01
   16.99284308  0.25889020E+00    1.249000  0.10406768E+01
   17.00644824  0.25945641E+00    1.250000  0.10464919E+01
   17.02005340  0.25940521E+00    1.251000  0.10498238E+01
   17.03365856  0.25500374E+00    1.252000  0.10354892E+01
   17.04726372  0.25317665E+00    1.253000  0.10315234E+01
   17.06086887  0.25795296E+00    1.254000  0.10545022E+01
   17.07447403  0.25296662E+00    1.255000  0.10375688E+01
   17.08807919  0.24516123E+00    1.256000  0.10088983E+01
   17.10168435  0.24229068E+00    1.257000  0.10003902E+01
   17.11528951  0.25570568E+00    1.258000  0.10592671E+01
   17.12889467  0.24480187E+00    1.259000  0.10174370E+01
   17.14249983  0.24243943E+00    1.260000  0.10109253E+01
   17.15610498  0.24753601E+00    1.261000  0.10355535E+01
   17.16971014  0.24429045E+00    1.262000  0.10253081E+01
   17.18331530  0.24882781E+00    1.263000  0.10477459E+01
   17.19692046  0.24090461E+00    1.264000  0.10176695E+01
   17.21052562  0.24377588E+00    1.265000  0.10331240E+01
   17.22413078  0.23788675E+00    1.266000  0.10114107E+01
   17.23773594  0.24001993E+00    1.267000  0.10237542E+01
   17.25134109  0.23745476E+00    1.268000  0.10160520E+01
   17.26494625  0.23539029E+00    1.269000  0.10104291E+01
   17.27855141  0.23489719E+00    1.270000  0.10115165E+01
   17.29215657  0.24411087E+00    1.271000  0.10545223E+01
   17.30576173  0.23191627E+00    1.272000  0.10050069E+01
   17.31936689  0.23634730E+00    1.273000  0.10274326E+01
   17.33297205  0.23099482E+00    1.274000  0.10073155E+01
   17.34657720  0.22844675E+00    1.275000  0.99932007E+00
   17.36018236  0.22167412E+00    1.276000  0.97271753E+00
   17.37378752  0.22126442E+00    1.277000  0.97393788E+00
   17.38739268  0.22155208E+00    1.278000  0.97822611E+00
   17.40099784  0.22437617E+00    1.279000  0.99375598E+00
   17.41460300  0.23196828E+00    1.280000  0.10305454E+01
   17.42820816  0.21842899E+00    1.281000  0.97337500E+00
   17.44181331  0.21663240E+00    1.282000  0.96832392E+00
   17.45541847  0.21127974E+00    1.283000  0.94728000E+00
   17.46902363  0.21045180E+00    1.284000  0.94643858E+00
   17.48262879  0.20871627E+00    1.285000  0.94148057E+00
   17.49623395  0.21415749E+00    1.286000  0.96894607E+00
   17.50983911  0.21183439E+00    1.287000  0.96132481E+00
   17.52344427  0.20910177E+00    1.288000  0.95177614E+00
   17.53704942  0.20961843E+00    1.289000  0.95698714E+00
   17.55065458  0.21618123E+00    1.290000  0.98989761E+00
   17.56425974  0.21588361E+00    1.291000  0.99147954E+00
   17.57786490  0.22125503E+00    1.292000  0.10191666E+01
   17.59147006  0.21975771E+00    1.293000  0.10152671E+01
   17.60507522  0.21706405E+00    1.294000  0.10057834E+01
   17.61868038  0.22338135E+00    1.295000  0.10381021E+01
   17.63228553  0.21903726E+00    1.296000  0.10209019E+01
   17.64589069  0.21548054E+00    1.297000  0.10072638E+01
   17.65949585  0.21699354E+00    1.298000  0.10172962E+01
   17.67310101  0.21857444E+00    1.299000  0.10276891E+01
   17.68670617  0.21102351E+00    1.300000  0.99506471E+00
   17.70031133  0.21329951E+00    1.301000  0.10087065E+01
   17.71391649  0.20770088E+00    1.302000  0.98506337E+00
   17.72752164  0.20365625E+00    1.303000  0.96865884E+00
   17.74112680  0.20189287E+00    1.304000  0.96302550E+00
   17.75473196  0.19598839E+00    1.305000  0.93753458E+00
   17.76833712  0.19946760E+00    1.306000  0.95689863E+00
   17.78194228  0.19164550E+00    1.307000  0.92198809E+00
   17.79554744  0.19760286E+00    1.308000  0.95334376E+00
   17.80915260  0.19675826E+00    1.309000  0.95195280E+00
   17.82275776  0.19611559E+00    1.310000  0.95151856E+00
   17.83636291  0.19571769E+00    1.311000  0.95225769E+00
   17.84996807  0.19306646E+00    1.312000  0.94199169E+00
   17.86357323  0.19188286E+00    1.313000  0.93883415E+00
   17.87717839  0.19247044E+00    1.314000  0.94433439E+00
   17.89078355  0.19435045E+00    1.315000  0.95620946E+00
   17.90438871  0.18925022E+00    1.316000  0.93369767E+00
   17.91799387  0.18583729E+00    1.317000  0.91939426E+00
   17.93159902  0.18326852E+00    1.318000  0.90918564E+00
   17.94520418  0.18598647E+00    1.319000  0.92520617E+00
   17.95880934  0.18313921E+00    1.320000  0.91354030E+00
   17.97241450  0.18091536E+00    1.321000  0.90491498E+00
   17.98601966  0.17967328E+00    1.322000  0.90115308E+00
   17.99962482  0.17545764E+00    1.323000  0.88240283E+00
   18.01322998  0.17674373E+00    1.324000  0.89128164E+00
   18.02683513  0.17229297E+00    1.325000  0.87118749E+00
   18.04044029  0.17064004E+00    1.326000  0.86515719E+00
   18.05404545  0.16838715E+00    1.327000  0.85603173E+00
   18.06765061  0.16976455E+00    1.328000  0.86534969E+00
   18.08125577  0.16597195E+00    1.329000  0.84828142E+00
   18.09486093  0.16305283E+00    1.330000  0.83558592E+00
   18.10846609  0.16229164E+00    1.331000  0.83389880E+00
   18.12207124  0.16069151E+00    1.332000  0.82786877E+00
   18.13567640  0.15974733E+00    1.333000  0.82518346E+00
   18.14928156  0.16334487E+00    1.334000  0.84599485E+00
   18.16288672  0.16153895E+00    1.335000  0.83884510E+00
   18.17649188  0.15872660E+00    1.336000  0.82640614E+00
   18.19009704  0.15531136E+00    1.337000  0.81074326E+00
   18.20370220  0.16017217E+00    1.338000  0.83830208E+00
   18.21730735  0.15961963E+00    1.339000  0.83758747E+00
   18.23091251  0.15188901E+00    1.340000  0.79909368E+00
   18.24451767  0.15194269E+00    1.341000  0.80144863E+00
   18.25812283  0.14858232E+00    1.342000  0.78575048E+00
   18.27172799  0.15070511E+00    1.343000  0.79903217E+00
   18.28533315  0.15001498E+00    1.344000  0.79741938E+00
   18.29893831  0.15175469E+00    1.345000  0.80873699E+00
   18.31254346  0.14956784E+00    1.346000  0.79912290E+00
   18.32614862  0.14250834E+00    1.347000  0.76334873E+00
   18.33975378  0.14370366E+00    1.348000  0.77171166E+00
   18.35335894  0.14162288E+00    1.349000  0.76246929E+00
   18.36696410  0.13881143E+00    1.350000  0.74922645E+00
   18.38056926  0.13559611E+00    1.351000  0.73372153E+00
   18.39417442  0.13651539E+00    1.352000  0.74055800E+00
   18.40777957  0.13548785E+00    1.353000  0.73683196E+00
   18.42138473  0.13561337E+00    1.354000  0.73936443E+00
   18.43498989  0.13471476E+00    1.355000  0.73630274E+00
   18.44859505  0.13183512E+00    1.356000  0.72236194E+00
   18.46220021  0.13171670E+00    1.357000  0.72350977E+00
   18.47580537  0.13033440E+00    1.358000  0.71769467E+00
   18.48941053  0.13026286E+00    1.359000  0.71907759E+00
   18.50301568  0.12892848E+00    1.360000  0.71347020E+00
   18.51662084  0.12730445E+00    1.361000  0.70621955E+00
   18.53022600  0.12674745E+00    1.362000  0.70485846E+00
   18.54383116  0.12735253E+00    1.363000  0.70996052E+00
   18.55743632  0.12480177E+00    1.364000  0.69744301E+00
   18.57104148  0.12304965E+00    1.365000  0.68932989E+00
   18.58464664  0.12384775E+00    1.366000  0.69549020E+00
   18.59825179  0.12404671E+00    1.367000  0.69829955E+00
   18.61185695  0.12169637E+00    1.368000  0.68672870E+00
   18.62546211  0.12228097E+00    1.369000  0.69169551E+00
   18.63906727  0.12353682E+00    1.370000  0.70048448E+00
   18.65267243  0.12256925E+00    1.371000  0.69666999E+00
   18.66627759  0.12592878E+00    1.372000  0.71748294E+00
   18.67988275  0.12275537E+00    1.373000  0.70107676E+00
   18.69348790  0.12383264E+00    1.374000  0.70891836E+00
   18.70709306  0.13528511E+02    1.375000  0.77632688E+02
   18.72069822  0.12366160E+00    1.376000  0.71131277E+00
   18.73430338  0.12230112E+00    1.377000  0.70515542E+00
   18.74790854  0.11908182E+00    1.378000  0.68821811E+00
   18.76151370  0.11784516E+00    1.379000  0.68267843E+00
   18.77511886  0.12342289E+00    1.380000  0.71667382E+00
   18.78872402  0.12121156E+00    1.381000  0.70548677E+00
   18.80232917  0.11754236E+00    1.382000  0.68573430E+00
   18.81593433  0.11874489E+00    1.383000  0.69436950E+00
   18.82953949  0.11694587E+00    1.384000  0.68544477E+00
   18.84314465  0.11764379E+00    1.385000  0.69114015E+00
   18.85674981  0.11449760E+00    1.386000  0.67421855E+00
   18.87035497  0.11397684E+00    1.387000  0.67270674E+00
   18.88396013  0.11135555E+00    1.388000  0.65875442E+00
   18.89756528  0.11594122E+00    1.389000  0.68746371E+00
   18.91117044  0.11123942E+00    1.390000  0.66110215E+00
   18.92477560  0.10862548E+00    1.391000  0.64704903E+00
   18.93838076  0.11113692E+00    1.392000  0.66352491E+00
   18.95198592  0.11080599E+00    1.393000  0.66306057E+00
   18.96559108  0.11026826E+00    1.394000  0.66134690E+00
   18.97919624  0.11024237E+00    1.395000  0.66269534E+00
   18.99280139  0.11264054E+00    1.396000  0.67864782E+00
   19.00640655  0.10693528E+00    1.397000  0.64573287E+00
   19.02001171  0.10792830E+00    1.398000  0.65320142E+00
   19.03361687  0.10785646E+00    1.399000  0.65423785E+00
   19.04722203  0.10564224E+00    1.400000  0.64224778E+00
   19.06082719  0.10530369E+00    1.401000  0.64162598E+00
   19.07443235  0.10520837E+00    1.402000  0.64248028E+00
   19.08803750  0.10026137E+00    1.403000  0.61363782E+00
   19.10164266  0.10308702E+00    1.404000  0.63233803E+00
   19.11524782  0.10328899E+00    1.405000  0.63498582E+00
   19.12885298  0.99860818E-01    1.406000  0.61527272E+00
   19.14245814  0.10311716E+00    1.407000  0.63674258E+00
   19.15606330  0.97817512E-01    1.408000  0.60535183E+00
   19.16966846  0.98464269E-01    1.409000  0.61069743E+00
   19.18327361  0.97605632E-01    1.410000  0.60670335E+00
   19.19687877  0.97086204E-01    1.411000  0.60479895E+00
   19.21048393  0.95518583E-01    1.412000  0.59633636E+00
   19.22408909  0.96008790E-01    1.413000  0.60070639E+00
   19.23769425  0.93537507E-01    1.414000  0.58651999E+00
   19.25129941  0.94092889E-01    1.415000  0.59128594E+00
   19.26490457  0.93476058E-01    1.416000  0.58868478E+00
   19.27850972  0.94344999E-01    1.417000  0.59544402E+00
   19.29211488  0.93948721E-01    1.418000  0.59422447E+00
   19.30572004  0.95749799E-01    1.419000  0.60692233E+00
   19.31932520  0.94557391E-01    1.420000  0.60065390E+00
   19.33293036  0.94658252E-01    1.421000  0.60258577E+00
   19.34653552  0.93561884E-01    1.422000  0.59688261E+00
   19.36014068  0.91326549E-01    1.423000  0.58386791E+00
   19.37374583  0.91244446E-01    1.424000  0.58458762E+00
   19.38735099  0.89664462E-01    1.425000  0.57568799E+00
   19.40095615  0.90606287E-01    1.426000  0.58297086E+00
   19.41456131  0.10948502E+01    1.427000  0.70593211E+01
   19.42816647  0.91993439E-01    1.428000  0.59440560E+00
   19.44177163  0.87560264E-01    1.429000  0.56695548E+00
   19.45537679  0.90446624E-01    1.430000  0.58687848E+00
   19.46898194  0.87622330E-01    1.431000  0.56974776E+00
   19.48258710  0.85640498E-01    1.432000  0.55802944E+00
   19.49619226  0.89342094E-01    1.433000  0.58336753E+00
   19.50979742  0.89504065E-01    1.434000  0.58564600E+00
   19.52340258  0.48625557E+00    1.435000  0.31883165E+01
   19.53700774  0.87208057E-01    1.436000  0.57300179E+00
   19.55061290  0.86797536E-01    1.437000  0.57148841E+00
   19.56421805  0.85789864E-01    1.438000  0.56602395E+00
   19.57782321  0.84735982E-01    1.439000  0.56022648E+00
   19.59142837  0.85271169E-01    1.440000  0.56492797E+00
   19.99958313  0.84576050E+00    1.470000  0.59493226E+01
   24.99947891  0.13768314E-01    1.837500  0.16586869E+00
   29.99937469  0.56300842E-02    2.205000  0.96049095E-01
   34.99927048  0.32584140E-02    2.572500  0.71922380E-01
   39.99916626  0.19482258E-02    2.940000  0.52768986E-01
   44.99906204  0.12464589E-02    3.307500  0.40009467E-01
   49.99895782  0.84603361E-03    3.675000  0.31397449E-01
   54.99885361  0.59732328E-03    4.042500  0.25161761E-01
   59.99874939  0.42207483E-03    4.410000  0.19895357E-01
   64.99864517  0.31311851E-03    4.777500  0.16329093E-01
   69.99854095  0.23801866E-03    5.145000  0.13605795E-01
   74.99843674  0.18354676E-03    5.512500  0.11412124E-01
   79.99833252  0.14309451E-03    5.880000  0.96142927E-02
   84.99822830  0.11536742E-03    6.247500  0.83296724E-02
   89.99812408  0.90583602E-04    6.615000  0.69943312E-02
   94.99801987  0.73155834E-04    6.982500  0.60153805E-02
   99.99791565  0.59699280E-04    7.350000  0.52081524E-02
  104.99781143  0.48841328E-04    7.717500  0.45057409E-02
  109.99770721  0.39724176E-04    8.085000  0.38637908E-02
  114.99760300  0.33582072E-04    8.452500  0.34347178E-02
  119.99749878  0.29077968E-04    8.820000  0.31198089E-02
  124.99739456  0.23632920E-04    9.187500  0.26540716E-02
  129.99729034  0.19987471E-04    9.555000  0.23448671E-02
  134.99718613  0.17239241E-04    9.922500  0.21088710E-02
