       eV          sigma            Ry          om               in 10^-16                                                                       
   13.00498226  0.00000000E+00    0.955886  0.00000000E+00
   13.00653161  0.21694025E+00    0.956000  0.56223757E+00
   13.02013677  0.12999701E+01    0.957000  0.33868259E+01
   13.03374193  0.15535730E+01    0.958000  0.40687314E+01
   13.04734709  0.13099852E+01    0.959000  0.34486557E+01
   13.06095225  0.13456926E+01    0.960000  0.35610145E+01
   13.07455741  0.13624922E+01    0.961000  0.36240550E+01
   13.08816257  0.14127607E+01    0.962000  0.37770335E+01
   13.10176772  0.14675527E+01    0.963000  0.39435384E+01
   13.11537288  0.14707294E+01    0.964000  0.39721360E+01
   13.12897804  0.14787936E+01    0.965000  0.40140873E+01
   13.14258320  0.14817417E+01    0.966000  0.40423011E+01
   13.15618836  0.14889265E+01    0.967000  0.40822113E+01
   13.16979352  0.14990234E+01    0.968000  0.41303414E+01
   13.18339868  0.15085065E+01    0.969000  0.41770472E+01
   13.19700383  0.15614834E+01    0.970000  0.43450394E+01
   13.21060899  0.15833428E+01    0.971000  0.44274634E+01
   13.22421415  0.16034082E+01    0.972000  0.45054429E+01
   13.23781931  0.16311997E+01    0.973000  0.46057849E+01
   13.25142447  0.16328344E+01    0.974000  0.46326731E+01
   13.26502963  0.16081852E+01    0.975000  0.45846747E+01
   13.27863479  0.16935975E+01    0.976000  0.48512728E+01
   13.30584510  0.17121230E+01    0.978000  0.49510468E+01
   13.31945026  0.17346950E+01    0.979000  0.50399815E+01
   13.33305542  0.17921852E+01    0.980000  0.52314596E+01
   13.34666058  0.18447839E+01    0.981000  0.54101608E+01
   13.36026574  0.19187072E+01    0.982000  0.56531259E+01
   13.37387090  0.19435780E+01    0.983000  0.57529145E+01
   13.38747605  0.19734958E+01    0.984000  0.58683892E+01
   13.40108121  0.19765060E+01    0.985000  0.59043008E+01
   13.41468637  0.19693009E+01    0.986000  0.59096394E+01
   13.42829153  0.19854600E+01    0.987000  0.59852134E+01
   13.44189669  0.19982404E+01    0.988000  0.60509969E+01
   13.45550185  0.20347366E+01    0.989000  0.61892679E+01
   13.46910701  0.20518476E+01    0.990000  0.62693043E+01
   13.48271216  0.20585293E+01    0.991000  0.63177990E+01
   13.49631732  0.20705863E+01    0.992000  0.63830466E+01
   13.50992248  0.20857603E+01    0.993000  0.64582744E+01
   13.52352764  0.20969140E+01    0.994000  0.65214131E+01
   13.53713280  0.21308064E+01    0.995000  0.66558836E+01
   13.55073796  0.21611590E+01    0.996000  0.67801735E+01
   13.56434312  0.21673234E+01    0.997000  0.68290761E+01
   13.57794827  0.22460055E+01    0.998000  0.71076340E+01
   13.59155343  0.22574141E+01    0.999000  0.71745293E+01
   13.60515859  0.22335732E+01    1.000000  0.71292249E+01
   13.61876375  0.22166399E+01    1.001000  0.71054122E+01
   13.63236891  0.20303839E+01    1.002000  0.65360661E+01
   13.64597407  0.18153044E+01    1.003000  0.58684591E+01
   13.65957923  0.16466782E+01    1.004000  0.53457907E+01
   13.67318438  0.16386036E+01    1.005000  0.53419287E+01
   13.70039470  0.19557365E+01    1.007000  0.64291515E+01
   13.71399986  0.17249273E+01    1.008000  0.56939341E+01
   13.75481534  0.14090239E+01    1.011000  0.47088051E+01
   13.76842049  0.14909121E+01    1.012000  0.50028035E+01
   13.78202565  0.15735690E+01    1.013000  0.53016253E+01
   13.79563081  0.16870674E+01    1.014000  0.57070334E+01
   13.80923597  0.18054037E+01    1.015000  0.61319693E+01
   13.82284113  0.18802304E+01    1.016000  0.64117616E+01
   13.83644629  0.19070668E+01    1.017000  0.65292896E+01
   13.85005145  0.18887759E+01    1.018000  0.64924299E+01
   13.86365660  0.19385764E+01    1.019000  0.66900558E+01
   13.87726176  0.19891030E+01    1.020000  0.68915560E+01
   13.89086692  0.20465257E+01    1.021000  0.71184213E+01
   13.90447208  0.20935565E+01    1.022000  0.73105651E+01
   13.91807724  0.21211706E+01    1.023000  0.74359254E+01
   13.93168240  0.20454268E+01    1.024000  0.71983004E+01
   13.94528756  0.20397815E+01    1.025000  0.72062565E+01
   13.95889272  0.19703849E+01    1.026000  0.69879653E+01
   13.97249787  0.20042659E+01    1.027000  0.71354630E+01
   13.98610303  0.20580599E+01    1.028000  0.73550500E+01
   13.99970819  0.20683214E+01    1.029000  0.74199348E+01
   14.01331335  0.20155615E+01    1.030000  0.72581561E+01
   14.02691851  0.19874512E+01    1.031000  0.71840389E+01
   14.04052367  0.20038108E+01    1.032000  0.72705067E+01
   14.05412883  0.20490704E+01    1.033000  0.74626741E+01
   14.06773398  0.20235167E+01    1.034000  0.73972094E+01
   14.08133914  0.20298714E+01    1.035000  0.74481281E+01
   14.09494430  0.20633612E+01    1.036000  0.75991558E+01
   14.10854946  0.21365186E+01    1.037000  0.78977305E+01
   14.12215462  0.21526003E+01    1.038000  0.79865395E+01
   14.13575978  0.21504957E+01    1.039000  0.80080644E+01
   14.14936494  0.21396882E+01    1.040000  0.79970053E+01
   14.16297009  0.21261763E+01    1.041000  0.79755070E+01
   14.17657525  0.21271500E+01    1.042000  0.80081747E+01
   14.19018041  0.21167806E+01    1.043000  0.79980103E+01
   14.20378557  0.21198183E+01    1.044000  0.80384032E+01
   14.21739073  0.21168801E+01    1.045000  0.80561364E+01
   14.23099589  0.20956269E+01    1.046000  0.80038390E+01
   14.24460105  0.20897970E+01    1.047000  0.80100784E+01
   14.25820620  0.20993310E+01    1.048000  0.80752574E+01
   14.27181136  0.21035980E+01    1.049000  0.81203648E+01
   14.28541652  0.20827843E+01    1.050000  0.80684290E+01
   14.29902168  0.20818310E+01    1.051000  0.80931334E+01
   14.31262684  0.20671497E+01    1.052000  0.80642562E+01
   14.32623200  0.20341568E+01    1.053000  0.79632929E+01
   14.33983716  0.20088111E+01    1.054000  0.78914707E+01
   14.35344231  0.20482429E+01    1.055000  0.80743144E+01
   14.36704747  0.20858117E+01    1.056000  0.82508646E+01
   14.38065263  0.20376707E+01    1.057000  0.80882274E+01
   14.39425779  0.20174535E+01    1.058000  0.80354972E+01
   14.40786295  0.20392016E+01    1.059000  0.81499351E+01
   14.42146811  0.20343216E+01    1.060000  0.81581804E+01
   14.43507327  0.20428350E+01    1.061000  0.82201868E+01
   14.44867842  0.21011663E+01    1.062000  0.84835672E+01
   14.46228358  0.21289387E+01    1.063000  0.86247393E+01
   14.47588874  0.21347589E+01    1.064000  0.86774371E+01
   14.48949390  0.21544681E+01    1.065000  0.87869393E+01
   14.50309906  0.21683868E+01    1.066000  0.88732843E+01
   14.51670422  0.21981665E+01    1.067000  0.90251300E+01
   14.53030938  0.21874707E+01    1.068000  0.90110535E+01
   14.54391453  0.21850823E+01    1.069000  0.90310201E+01
   14.55751969  0.21908667E+01    1.070000  0.90848116E+01
   14.57112485  0.22013146E+01    1.071000  0.91581624E+01
   14.58473001  0.22160062E+01    1.072000  0.92495114E+01
   14.59833517  0.22231155E+01    1.073000  0.93095095E+01
   14.61194033  0.22739308E+01    1.074000  0.95533208E+01
   14.62554549  0.22837654E+01    1.075000  0.96257894E+01
   14.63915064  0.22725000E+01    1.076000  0.96093051E+01
   14.65275580  0.22864301E+01    1.077000  0.96993965E+01
   14.66636096  0.23037428E+01    1.078000  0.98042635E+01
   14.67996612  0.22799688E+01    1.079000  0.97341859E+01
   14.69357128  0.23016172E+01    1.080000  0.98580075E+01
   14.70717644  0.23097121E+01    1.081000  0.99241840E+01
   14.72078160  0.23101334E+01    1.082000  0.99575051E+01
   14.73438675  0.23104437E+01    1.083000  0.99903583E+01
   14.74799191  0.23167851E+01    1.084000  0.10049380E+02
   14.76159707  0.23173385E+01    1.085000  0.10083390E+02
   14.77520223  0.23062056E+01    1.086000  0.10066405E+02
   14.78880739  0.23285162E+01    1.087000  0.10195551E+02
   14.80241255  0.23028562E+01    1.088000  0.10114609E+02
   14.81601771  0.22988772E+01    1.089000  0.10128490E+02
   14.82962286  0.23098996E+01    1.090000  0.10208561E+02
   14.84322802  0.23185351E+01    1.091000  0.10278351E+02
   14.85683318  0.23241923E+01    1.092000  0.10335133E+02
   14.87043834  0.23398559E+01    1.093000  0.10436702E+02
   14.88404350  0.23302390E+01    1.094000  0.10425592E+02
   14.89764866  0.23392745E+01    1.095000  0.10497926E+02
   14.91125382  0.23189595E+01    1.096000  0.10438390E+02
   14.92485898  0.23307818E+01    1.097000  0.10523399E+02
   14.93846413  0.23452790E+01    1.098000  0.10620844E+02
   14.95206929  0.23313805E+01    1.099000  0.10589704E+02
   14.96567445  0.23184869E+01    1.100000  0.10562763E+02
   14.97927961  0.23110548E+01    1.101000  0.10560427E+02
   14.99288477  0.23312669E+01    1.102000  0.10684586E+02
   15.00648993  0.23276328E+01    1.103000  0.10699680E+02
   15.02009509  0.23266817E+01    1.104000  0.10727045E+02
   15.03370024  0.23292533E+01    1.105000  0.10770673E+02
   15.04730540  0.23320969E+01    1.106000  0.10815633E+02
   15.06091056  0.23378579E+01    1.107000  0.10874240E+02
   15.07451572  0.23430231E+01    1.108000  0.10930225E+02
   15.08812088  0.23450008E+01    1.109000  0.10971438E+02
   15.10172604  0.23364396E+01    1.110000  0.10963253E+02
   15.11533120  0.23433345E+01    1.111000  0.11027570E+02
   15.12893635  0.23518207E+01    1.112000  0.11099585E+02
   15.14254151  0.23459051E+01    1.113000  0.11103665E+02
   15.15614667  0.23477962E+01    1.114000  0.11144641E+02
   15.16975183  0.23577622E+01    1.115000  0.11224109E+02
   15.18335699  0.23679578E+01    1.116000  0.11304945E+02
   15.19696215  0.23735559E+01    1.117000  0.11364047E+02
   15.21056731  0.23740365E+01    1.118000  0.11398731E+02
   15.22417246  0.23817964E+01    1.119000  0.11468478E+02
   15.23777762  0.23876190E+01    1.120000  0.11529082E+02
   15.25138278  0.23830230E+01    1.121000  0.11539395E+02
   15.26498794  0.23780200E+01    1.122000  0.11547606E+02
   15.27859310  0.23916176E+01    1.123000  0.11646258E+02
   15.29219826  0.23876455E+01    1.124000  0.11659484E+02
   15.30580342  0.24117934E+01    1.125000  0.11810302E+02
   15.31940857  0.24201620E+01    1.126000  0.11884294E+02
   15.33301373  0.24279606E+01    1.127000  0.11955708E+02
   15.34661889  0.24191917E+01    1.128000  0.11945527E+02
   15.36022405  0.24386749E+01    1.129000  0.12074996E+02
   15.37382921  0.24414633E+01    1.130000  0.12122105E+02
   15.38743437  0.24457673E+01    1.131000  0.12176836E+02
   15.40103953  0.24478747E+01    1.132000  0.12220718E+02
   15.41464468  0.24592742E+01    1.133000  0.12311174E+02
   15.42824984  0.24561856E+01    1.134000  0.12329216E+02
   15.44185500  0.24615631E+01    1.135000  0.12389786E+02
   15.45546016  0.24802250E+01    1.136000  0.12517548E+02
   15.46906532  0.24788354E+01    1.137000  0.12544347E+02
   15.48267048  0.24956684E+01    1.138000  0.12663574E+02
   15.50988079  0.24873848E+01    1.140000  0.12689399E+02
   15.52348595  0.24892480E+01    1.141000  0.12732858E+02
   15.53709111  0.24802473E+01    1.142000  0.12720650E+02
   15.55069627  0.24633694E+01    1.143000  0.12667688E+02
   15.56430143  0.24521169E+01    1.144000  0.12643271E+02
   15.57790659  0.24872199E+01    1.145000  0.12858191E+02
   15.59151175  0.24846254E+01    1.146000  0.12878669E+02
   15.60511690  0.24786112E+01    1.147000  0.12881305E+02
   15.61872206  0.24834260E+01    1.148000  0.12940202E+02
   15.63232722  0.24838458E+01    1.149000  0.12976270E+02
   15.64593238  0.24968732E+01    1.150000  0.13078387E+02
   15.65953754  0.25068485E+01    1.151000  0.13164831E+02
   15.67314270  0.25009175E+01    1.152000  0.13167798E+02
   15.68674786  0.25035788E+01    1.153000  0.13215960E+02
   15.70035301  0.25133817E+01    1.154000  0.13301991E+02
   15.71395817  0.25249890E+01    1.155000  0.13397864E+02
   15.72756333  0.24899108E+01    1.156000  0.13245699E+02
   15.74116849  0.24858436E+01    1.157000  0.13257970E+02
   15.75477365  0.24840289E+01    1.158000  0.13282175E+02
   15.76837881  0.24850424E+01    1.159000  0.13321491E+02
   15.78198397  0.24849663E+01    1.160000  0.13354979E+02
   15.79558912  0.24775802E+01    1.161000  0.13349079E+02
   15.80919428  0.24655467E+01    1.162000  0.13317874E+02
   15.82279944  0.24782004E+01    1.163000  0.13420028E+02
   15.83640460  0.24695895E+01    1.164000  0.13407084E+02
   15.85000976  0.24833015E+01    1.165000  0.13515398E+02
   15.86361492  0.24678415E+01    1.166000  0.13464919E+02
   15.87722008  0.24624164E+01    1.167000  0.13468907E+02
   15.89082524  0.24466517E+01    1.168000  0.13416051E+02
   15.90443039  0.24546781E+01    1.169000  0.13493546E+02
   15.91803555  0.24556387E+01    1.170000  0.13532322E+02
   15.93164071  0.24304506E+01    1.171000  0.13426670E+02
   15.94524587  0.24308487E+01    1.172000  0.13462027E+02
   15.95885103  0.24329229E+01    1.173000  0.13506700E+02
   15.97245619  0.24462207E+01    1.174000  0.13613892E+02
   15.98606135  0.24559754E+01    1.175000  0.13701680E+02
   15.99966650  0.24555827E+01    1.176000  0.13732984E+02
   16.01327166  0.24563291E+01    1.177000  0.13770664E+02
   16.02687682  0.24448012E+01    1.178000  0.13739384E+02
   16.04048198  0.24386973E+01    1.179000  0.13738346E+02
   16.05408714  0.24487046E+01    1.180000  0.13828123E+02
   16.06769230  0.24567911E+01    1.181000  0.13907300E+02
   16.08129746  0.24498877E+01    1.182000  0.13901639E+02
   16.09490261  0.24447971E+01    1.183000  0.13906101E+02
   16.10850777  0.24389215E+01    1.184000  0.13905948E+02
   16.12211293  0.24341398E+01    1.185000  0.13911887E+02
   16.13571809  0.24350142E+01    1.186000  0.13950099E+02
   16.14932325  0.24361994E+01    1.187000  0.13990120E+02
   16.16292841  0.24429284E+01    1.188000  0.14062084E+02
   16.17653357  0.24411693E+01    1.189000  0.14085257E+02
   16.19013872  0.24376200E+01    1.190000  0.14098028E+02
   16.20374388  0.24474607E+01    1.191000  0.14188326E+02
   16.21734904  0.24526867E+01    1.192000  0.14252078E+02
   16.23095420  0.24729341E+01    1.193000  0.14403463E+02
   16.24455936  0.24724264E+01    1.194000  0.14434231E+02
   16.25816452  0.24742645E+01    1.195000  0.14478712E+02
   16.27176968  0.24719047E+01    1.196000  0.14498621E+02
   16.28537483  0.24753560E+01    1.197000  0.14552629E+02
   16.29897999  0.24833525E+01    1.198000  0.14633514E+02
   16.31258515  0.24987852E+01    1.199000  0.14758538E+02
   16.32619031  0.25117889E+01    1.200000  0.14869603E+02
   16.33979547  0.25045489E+01    1.201000  0.14860906E+02
   16.35340063  0.24982826E+01    1.202000  0.14857802E+02
   16.36700579  0.24993129E+01    1.203000  0.14898021E+02
   16.39421610  0.25156079E+01    1.205000  0.15063781E+02
   16.40782126  0.25134088E+01    1.206000  0.15084896E+02
   16.42142642  0.25180893E+01    1.207000  0.15147335E+02
   16.43503158  0.25211090E+01    1.208000  0.15199889E+02
   16.44863674  0.25239674E+01    1.209000  0.15251550E+02
   16.46224190  0.25203436E+01    1.210000  0.15264031E+02
   16.47584705  0.25220995E+01    1.211000  0.15309068E+02
   16.48945221  0.25273651E+01    1.212000  0.15375504E+02
   16.50305737  0.25236312E+01    1.213000  0.15387212E+02
   16.51666253  0.25305382E+01    1.214000  0.15463843E+02
   16.53026769  0.25365697E+01    1.215000  0.15535301E+02
   16.54387285  0.25407305E+01    1.216000  0.15595440E+02
   16.55747801  0.25364202E+01    1.217000  0.15603581E+02
   16.57108316  0.25409616E+01    1.218000  0.15666178E+02
   16.58468832  0.25432642E+01    1.219000  0.15715066E+02
   16.59829348  0.25392030E+01    1.220000  0.15724607E+02
   16.61189864  0.25407547E+01    1.221000  0.15768873E+02
   16.62550380  0.25402431E+01    1.222000  0.15800348E+02
   16.63910896  0.25361800E+01    1.223000  0.15809670E+02
   16.65271412  0.25351837E+01    1.224000  0.15838040E+02
   16.67992443  0.25517160E+01    1.226000  0.16010935E+02
   16.69352959  0.25449534E+01    1.227000  0.16003217E+02
   16.70713475  0.25534433E+01    1.228000  0.16091433E+02
   16.72073991  0.25470645E+01    1.229000  0.16085978E+02
   16.73434507  0.25412726E+01    1.230000  0.16084063E+02
   16.74795023  0.25318201E+01    1.231000  0.16058772E+02
   16.76155538  0.25206045E+01    1.232000  0.16022016E+02
   16.77516054  0.25111230E+01    1.233000  0.15996000E+02
   16.78876570  0.25119377E+01    1.234000  0.16035454E+02
   16.80237086  0.25038835E+01    1.235000  0.16018192E+02
   16.81597602  0.25011321E+01    1.236000  0.16034707E+02
   16.82958118  0.25020191E+01    1.237000  0.16074522E+02
   16.84318634  0.24932185E+01    1.238000  0.16051990E+02
   16.85679150  0.24944539E+01    1.239000  0.16093969E+02
   16.87039665  0.25179722E+01    1.240000  0.16280053E+02
   16.88400181  0.24964863E+01    1.241000  0.16175188E+02
   16.89760697  0.24889909E+01    1.242000  0.16160575E+02
   16.91121213  0.24843583E+01    1.243000  0.16164384E+02
   16.92481729  0.24848408E+01    1.244000  0.16201417E+02
   16.93842245  0.24812380E+01    1.245000  0.16211772E+02
   16.95202761  0.24763775E+01    1.246000  0.16213793E+02
   16.96563276  0.24746279E+01    1.247000  0.16236093E+02
   16.97923792  0.24679862E+01    1.248000  0.16226181E+02
   16.99284308  0.24756288E+01    1.249000  0.16310197E+02
   17.00644824  0.24630252E+01    1.250000  0.16260757E+02
   17.02005340  0.24740930E+01    1.251000  0.16367574E+02
   17.03365856  0.24675513E+01    1.252000  0.16357955E+02
   17.04726372  0.24675901E+01    1.253000  0.16391871E+02
   17.06086887  0.24795665E+01    1.254000  0.16505251E+02
   17.07447403  0.24755916E+01    1.255000  0.16512560E+02
   17.08807919  0.24755472E+01    1.256000  0.16546031E+02
   17.10168435  0.24760104E+01    1.257000  0.16582901E+02
   17.11528951  0.24639656E+01    1.258000  0.16535841E+02
   17.12889467  0.24692969E+01    1.259000  0.16605302E+02
   17.14249983  0.24823555E+01    1.260000  0.16726978E+02
   17.15610498  0.24859928E+01    1.261000  0.16785397E+02
   17.16971014  0.24846410E+01    1.262000  0.16810161E+02
   17.18331530  0.24834389E+01    1.263000  0.16835903E+02
   17.19692046  0.24852927E+01    1.264000  0.16882371E+02
   17.21052562  0.24816140E+01    1.265000  0.16891232E+02
   17.22413078  0.24750872E+01    1.266000  0.16880568E+02
   17.23773594  0.24749983E+01    1.267000  0.16913722E+02
   17.25134109  0.24614495E+01    1.268000  0.16854707E+02
   17.26494625  0.24641065E+01    1.269000  0.16906512E+02
   17.27855141  0.24645796E+01    1.270000  0.16943376E+02
   17.29215657  0.24611379E+01    1.271000  0.16953286E+02
   17.30576173  0.24628883E+01    1.272000  0.16998938E+02
   17.31936689  0.24613137E+01    1.273000  0.17021643E+02
   17.33297205  0.24654644E+01    1.274000  0.17083978E+02
   17.34657720  0.24730279E+01    1.275000  0.17170121E+02
   17.36018236  0.24700300E+01    1.276000  0.17182999E+02
   17.37378752  0.24604834E+01    1.277000  0.17150149E+02
   17.38739268  0.24542669E+01    1.278000  0.17140296E+02
   17.40099784  0.24536313E+01    1.279000  0.17169325E+02
   17.41460300  0.24495889E+01    1.280000  0.17174452E+02
   17.42820816  0.24453641E+01    1.281000  0.17178187E+02
   17.44181331  0.24519098E+01    1.282000  0.17257614E+02
   17.45541847  0.24615803E+01    1.283000  0.17359256E+02
   17.46902363  0.24531118E+01    1.284000  0.17332997E+02
   17.48262879  0.24724150E+01    1.285000  0.17503113E+02
   17.49623395  0.24830967E+01    1.286000  0.17612603E+02
   17.50983911  0.24669979E+01    1.287000  0.17532065E+02
   17.52344427  0.24715961E+01    1.288000  0.17598456E+02
   17.53704942  0.24800238E+01    1.289000  0.17692292E+02
   17.55065458  0.24986214E+01    1.290000  0.17859048E+02
   17.56425974  0.24827455E+01    1.291000  0.17779440E+02
   17.57786490  0.24850900E+01    1.292000  0.17830127E+02
   17.59147006  0.24859090E+01    1.293000  0.17869912E+02
   17.60507522  0.24948193E+01    1.294000  0.17967994E+02
   17.61868038  0.24942334E+01    1.295000  0.17997796E+02
   17.63228553  0.25064256E+01    1.296000  0.18119961E+02
   17.64589069  0.25118408E+01    1.297000  0.18193372E+02
   17.65949585  0.25116194E+01    1.298000  0.18226028E+02
   17.67310101  0.42260712E+01    1.299000  0.30724908E+02
   17.68670617  0.24941920E+01    1.300000  0.18167606E+02
   17.70031133  0.24912338E+01    1.301000  0.18180040E+02
   17.71391649  0.25049468E+01    1.302000  0.18314281E+02
   17.72752164  0.25147901E+01    1.303000  0.18420550E+02
   17.74112680  0.25202634E+01    1.304000  0.18495019E+02
   17.75473196  0.25236872E+01    1.305000  0.18554569E+02
   17.76833712  0.25230705E+01    1.306000  0.18584450E+02
   17.78194228  0.25349807E+01    1.307000  0.18706757E+02
   17.79554744  0.25352637E+01    1.308000  0.18743427E+02
   17.80915260  0.25402272E+01    1.309000  0.18814772E+02
   17.82275776  0.25407381E+01    1.310000  0.18853213E+02
   17.83636291  0.25378490E+01    1.311000  0.18866392E+02
   17.84996807  0.25401393E+01    1.312000  0.18918067E+02
   17.86357323  0.25371970E+01    1.313000  0.18930762E+02
   17.87717839  0.25341734E+01    1.314000  0.18942769E+02
   17.89078355  0.25374685E+01    1.315000  0.19002012E+02
   17.90438871  0.25350375E+01    1.316000  0.19018386E+02
   17.91799387  0.25271656E+01    1.317000  0.18993801E+02
   17.93159902  0.25210440E+01    1.318000  0.18982180E+02
   17.94520418  0.25202283E+01    1.319000  0.19010415E+02
   17.95880934  0.25282410E+01    1.320000  0.19105342E+02
   17.97241450  0.25195685E+01    1.321000  0.19074174E+02
   17.98601966  0.25190126E+01    1.322000  0.19104326E+02
   17.99962482  0.25318304E+01    1.323000  0.19236072E+02
   18.01322998  0.25367716E+01    1.324000  0.19308216E+02
   18.02683513  0.25361431E+01    1.325000  0.19338026E+02
   18.04044029  0.25328211E+01    1.326000  0.19347245E+02
   18.05404545  0.25293344E+01    1.327000  0.19355112E+02
   18.06765061  0.25135554E+01    1.328000  0.19268653E+02
   18.08125577  0.25067999E+01    1.329000  0.19251060E+02
   18.09486093  0.24911827E+01    1.330000  0.19165108E+02
   18.10846609  0.24741090E+01    1.331000  0.19067505E+02
   18.12207124  0.24738582E+01    1.332000  0.19099316E+02
   18.13567640  0.24730416E+01    1.333000  0.19126745E+02
   18.14928156  0.24777619E+01    1.334000  0.19197050E+02
   18.16288672  0.24852863E+01    1.335000  0.19289247E+02
   18.17649188  0.24897817E+01    1.336000  0.19358099E+02
   18.19009704  0.24924342E+01    1.337000  0.19412720E+02
   18.20370220  0.24961728E+01    1.338000  0.19475888E+02
   18.21730735  0.25004960E+01    1.339000  0.19543726E+02
   18.23091251  0.24970718E+01    1.340000  0.19551024E+02
   18.24451767  0.25028597E+01    1.341000  0.19630481E+02
   18.25812283  0.24996676E+01    1.342000  0.19639541E+02
   18.27172799  0.25008969E+01    1.343000  0.19683313E+02
   18.28533315  0.24995958E+01    1.344000  0.19707168E+02
   18.29893831  0.24942522E+01    1.345000  0.19699061E+02
   18.31254346  0.24962006E+01    1.346000  0.19748498E+02
   18.32614862  0.24955337E+01    1.347000  0.19777262E+02
   18.33975378  0.24941322E+01    1.348000  0.19800176E+02
   18.35335894  0.24852493E+01    1.349000  0.19763557E+02
   18.36696410  0.24788901E+01    1.350000  0.19746799E+02
   18.38056926  0.24712332E+01    1.351000  0.19719513E+02
   18.39417442  0.24637825E+01    1.352000  0.19693666E+02
   18.40777957  0.24576237E+01    1.353000  0.19677960E+02
   18.42138473  0.24608383E+01    1.354000  0.19737266E+02
   18.43498989  0.24601148E+01    1.355000  0.19765020E+02
   18.44859505  0.24598209E+01    1.356000  0.19796212E+02
   18.46220021  0.24555863E+01    1.357000  0.19795628E+02
   18.47580537  0.24568753E+01    1.358000  0.19839532E+02
   18.48941053  0.24537340E+01    1.359000  0.19847635E+02
   18.50301568  0.24396147E+01    1.360000  0.19766705E+02
   18.51662084  0.24556776E+01    1.361000  0.19930349E+02
   18.53022600  0.24582337E+01    1.362000  0.19984626E+02
   18.54383116  0.24397171E+01    1.363000  0.19867371E+02
   18.55743632  0.24529447E+01    1.364000  0.20008546E+02
   18.57104148  0.24591256E+01    1.365000  0.20092507E+02
   18.58464664  0.24504893E+01    1.366000  0.20055369E+02
   18.59825179  0.24543195E+01    1.367000  0.20120194E+02
   18.61185695  0.24548252E+01    1.368000  0.20157825E+02
   18.62546211  0.24561606E+01    1.369000  0.20202293E+02
   18.63906727  0.24504885E+01    1.370000  0.20189065E+02
   18.65267243  0.24624832E+01    1.371000  0.20321476E+02
   18.66627759  0.24602421E+01    1.372000  0.20336540E+02
   18.67988275  0.24623191E+01    1.373000  0.20387296E+02
   18.69348790  0.24642771E+01    1.374000  0.20437121E+02
   18.70709306  0.46939127E+01    1.375000  0.38992304E+02
   18.72069822  0.24580341E+01    1.376000  0.20452403E+02
   18.73430338  0.24569340E+01    1.377000  0.20476763E+02
   18.74790854  0.24520984E+01    1.378000  0.20469909E+02
   18.76151370  0.24526651E+01    1.379000  0.20508095E+02
   18.77511886  0.24445739E+01    1.380000  0.20473785E+02
   18.78872402  0.24394763E+01    1.381000  0.20464367E+02
   18.80232917  0.24240705E+01    1.382000  0.20368196E+02
   18.81593433  0.24253921E+01    1.383000  0.20412384E+02
   18.82953949  0.24262487E+01    1.384000  0.20452688E+02
   18.84314465  0.24265914E+01    1.385000  0.20488677E+02
   18.85674981  0.24164064E+01    1.386000  0.20435641E+02
   18.87035497  0.24124657E+01    1.387000  0.20435222E+02
   18.88396013  0.24147359E+01    1.388000  0.20487390E+02
   18.89756528  0.24164691E+01    1.389000  0.20535056E+02
   18.91117044  0.24189981E+01    1.390000  0.20589544E+02
   18.92477560  0.24177931E+01    1.391000  0.20612267E+02
   18.93838076  0.24206023E+01    1.392000  0.20669234E+02
   18.95198592  0.24208570E+01    1.393000  0.20704430E+02
   18.96559108  0.24202743E+01    1.394000  0.20732460E+02
   18.97919624  0.24278597E+01    1.395000  0.20830555E+02
   18.99280139  0.24293853E+01    1.396000  0.20876782E+02
   19.00640655  0.24339532E+01    1.397000  0.20949236E+02
   19.02001171  0.24302933E+01    1.398000  0.20950885E+02
   19.03361687  0.24359944E+01    1.399000  0.21033261E+02
   19.04722203  0.24368160E+01    1.400000  0.21073594E+02
   19.06082719  0.24386097E+01    1.401000  0.21122369E+02
   19.07443235  0.24413665E+01    1.402000  0.21179549E+02
   19.08803750  0.24423859E+01    1.403000  0.21221708E+02
   19.10164266  0.24429908E+01    1.404000  0.21260287E+02
   19.11524782  0.24364157E+01    1.405000  0.21236300E+02
   19.12885298  0.24365655E+01    1.406000  0.21270842E+02
   19.14245814  0.24375066E+01    1.407000  0.21312306E+02
   19.15606330  0.24386634E+01    1.408000  0.21355685E+02
   19.16966846  0.24378740E+01    1.409000  0.21382025E+02
   19.18327361  0.24414939E+01    1.410000  0.21447078E+02
   19.19687877  0.24389548E+01    1.411000  0.21458041E+02
   19.21048393  0.24356063E+01    1.412000  0.21461804E+02
   19.22408909  0.24332824E+01    1.413000  0.21474517E+02
   19.23769425  0.24401038E+01    1.414000  0.21568002E+02
   19.25129941  0.24359744E+01    1.415000  0.21564730E+02
   19.26490457  0.24397423E+01    1.416000  0.21631365E+02
   19.27850972  0.24366310E+01    1.417000  0.21637016E+02
   19.29211488  0.24337972E+01    1.418000  0.21645050E+02
   19.30572004  0.24312378E+01    1.419000  0.21655451E+02
   19.31932520  0.24273464E+01    1.420000  0.21653900E+02
   19.33293036  0.24320453E+01    1.421000  0.21728992E+02
   19.34653552  0.24375287E+01    1.422000  0.21811232E+02
   19.36014068  0.24383653E+01    1.423000  0.21851978E+02
   19.37374583  0.24388381E+01    1.424000  0.21889482E+02
   19.38735099  0.24342563E+01    1.425000  0.21881563E+02
   19.40095615  0.24355971E+01    1.426000  0.21926838E+02
   19.41456131  0.24438100E+01    1.427000  0.22034110E+02
   19.42816647  0.24326235E+01    1.428000  0.21966431E+02
   19.44177163  0.24317503E+01    1.429000  0.21991716E+02
   19.45537679  0.24332053E+01    1.430000  0.22038065E+02
   19.46898194  0.24334982E+01    1.431000  0.22073911E+02
   19.48258710  0.24291220E+01    1.432000  0.22067350E+02
   19.49619226  0.24307875E+01    1.433000  0.22115637E+02
   19.50979742  0.24310664E+01    1.434000  0.22151335E+02
   19.52340258  0.24340383E+01    1.435000  0.22211615E+02
   19.53700774  0.24288167E+01    1.436000  0.22197096E+02
   19.55061290  0.24232970E+01    1.437000  0.22179706E+02
   19.56421805  0.24244304E+01    1.438000  0.22223150E+02
   19.57782321  0.24231906E+01    1.439000  0.22244839E+02
   19.59142837  0.24252846E+01    1.440000  0.22297143E+02
   19.99958313  0.25918516E+01    1.470000  0.24889113E+02
   24.99947891  0.20142547E+01    1.837500  0.29439691E+02
   29.99937469  0.16773449E+01    2.205000  0.32923795E+02
   34.99927048  0.14118247E+01    2.572500  0.34789283E+02
   39.99916626  0.12151524E+01    2.940000  0.36034380E+02
   44.99906204  0.10526905E+01    3.307500  0.36493672E+02
   49.99895782  0.92336411E+00    3.675000  0.36638989E+02
   54.99885361  0.81964724E+00    4.042500  0.36632278E+02
   59.99874939  0.73591429E+00    4.410000  0.36579047E+02
   64.99864517  0.66795961E+00    4.777500  0.36549697E+02
   69.99854095  0.61190101E+00    5.145000  0.36549623E+02
   74.99843674  0.56530612E+00    5.512500  0.36600242E+02
   79.99833252  0.52704384E+00    5.880000  0.36764973E+02
   84.99822830  0.49589761E+00    6.247500  0.37078164E+02
   89.99812408  0.46989663E+00    6.615000  0.37489595E+02
   94.99801987  0.44809446E+00    6.982500  0.37996387E+02
   99.99791565  0.43134019E+00    7.350000  0.38737942E+02
  104.99781143  0.41812919E+00    7.717500  0.39647500E+02
  109.99770721  0.40767515E+00    8.085000  0.40699848E+02
  114.99760300  0.40177336E+00    8.452500  0.42124675E+02
  119.99749878  0.39830004E+00    8.820000  0.43757124E+02
  124.99739456  0.39842245E+00    9.187500  0.45767802E+02
  129.99729034  0.40312193E+00    9.555000  0.48328430E+02
  134.99718613  0.41044984E+00    9.922500  0.51264460E+02
