       eV          sigma            Ry          om               in 10^-16                                                                       
   10.42155556  0.00000000E+00    0.766000  0.00000000E+00
   10.43515664  0.23464443E+00    0.767000  0.81829741E+00
   10.44876180  0.10421616E+00    0.768000  0.36391660E+00
   10.46236696  0.13250945E+00    0.769000  0.46331755E+00
   10.47597212  0.13703295E+00    0.770000  0.47975698E+00
   10.48957727  0.12517535E+00    0.771000  0.43881226E+00
   10.50318243  0.11253827E+00    0.772000  0.39502366E+00
   10.51678759  0.10194607E+00    0.773000  0.35830719E+00
   10.53039275  0.94288243E-01    0.774000  0.33182115E+00
   10.54399791  0.88582146E-01    0.775000  0.31214290E+00
   10.55760307  0.84265962E-01    0.776000  0.29731681E+00
   10.57120823  0.80934444E-01    0.777000  0.28593016E+00
   10.58481338  0.78310918E-01    0.778000  0.27701767E+00
   10.59841854  0.76206215E-01    0.779000  0.26991897E+00
   10.61202370  0.74463132E-01    0.780000  0.26408362E+00
   10.62562886  0.73031316E-01    0.781000  0.25933774E+00
   10.63923402  0.71820619E-01    0.782000  0.25536505E+00
   10.65283918  0.70777707E-01    0.783000  0.25197869E+00
   10.66644434  0.69861422E-01    0.784000  0.24903423E+00
   10.68004949  0.69038356E-01    0.785000  0.24641416E+00
   10.69365465  0.68282330E-01    0.786000  0.24402619E+00
   10.70725981  0.67574149E-01    0.787000  0.24180255E+00
   10.72086497  0.66898299E-01    0.788000  0.23968831E+00
   10.73447013  0.65930461E-01    0.789000  0.23652044E+00
   10.74807529  0.65269851E-01    0.790000  0.23444732E+00
   10.76168045  0.64590082E-01    0.791000  0.23229929E+00
   10.77528560  0.62911942E-01    0.792000  0.22654988E+00
   10.78889076  0.62542940E-01    0.793000  0.22550545E+00
   10.80249592  0.62637446E-01    0.794000  0.22613100E+00
   10.81610108  0.62865896E-01    0.795000  0.22724158E+00
   10.82970624  0.63579066E-01    0.796000  0.23010856E+00
   10.84331140  0.64550550E-01    0.797000  0.23391810E+00
   10.85691656  0.65772651E-01    0.798000  0.23864580E+00
   10.87052171  0.67261888E-01    0.799000  0.24435509E+00
   10.88412687  0.69016459E-01    0.800000  0.25104306E+00
   10.89773203  0.71234908E-01    0.801000  0.25943642E+00
   10.91133719  0.74058043E-01    0.802000  0.27005496E+00
   10.92494235  0.77915058E-01    0.803000  0.28447395E+00
   10.93854751  0.84207234E-01    0.804000  0.30783005E+00
   10.95215267  0.99063952E-01    0.805000  0.36259106E+00
   10.96575782  0.94644782E-01    0.806000  0.34684647E+00
   10.97936298  0.92275106E-01    0.807000  0.33858183E+00
   10.99296814  0.91067549E-01    0.808000  0.33456505E+00
   11.00657330  0.90456656E-01    0.809000  0.33273203E+00
   11.02017846  0.90226059E-01    0.810000  0.33229405E+00
   11.03378362  0.90255428E-01    0.811000  0.33281259E+00
   11.04738878  0.90511963E-01    0.812000  0.33417009E+00
   11.06099394  0.90802795E-01    0.813000  0.33565670E+00
   11.07459909  0.91251618E-01    0.814000  0.33773070E+00
   11.08820425  0.91774432E-01    0.815000  0.34008296E+00
   11.10180941  0.92352931E-01    0.816000  0.34264658E+00
   11.11541457  0.92974346E-01    0.817000  0.34537488E+00
   11.12901973  0.93628067E-01    0.818000  0.34822899E+00
   11.14262489  0.94310414E-01    0.819000  0.35119564E+00
   11.15623005  0.95007576E-01    0.820000  0.35422373E+00
   11.16983520  0.95719038E-01    0.821000  0.35731154E+00
   11.18344036  0.96440121E-01    0.822000  0.36044178E+00
   11.19704552  0.97168338E-01    0.823000  0.36360527E+00
   11.21065068  0.97900090E-01    0.824000  0.36678863E+00
   11.22425584  0.98632079E-01    0.825000  0.36997953E+00
   11.23786100  0.99363616E-01    0.826000  0.37317539E+00
   11.25146616  0.10009049E+00    0.827000  0.37636035E+00
   11.26507131  0.10081083E+00    0.828000  0.37952734E+00
   11.27867647  0.10152247E+00    0.829000  0.38266810E+00
   11.29228163  0.10222039E+00    0.830000  0.38576354E+00
   11.30588679  0.10290777E+00    0.831000  0.38882550E+00
   11.31949195  0.10357762E+00    0.832000  0.39182740E+00
   11.33309711  0.10422860E+00    0.833000  0.39476393E+00
   11.34670227  0.10485858E+00    0.834000  0.39762674E+00
   11.36030742  0.10546423E+00    0.835000  0.40040289E+00
   11.37391258  0.10604393E+00    0.836000  0.40308596E+00
   11.38751774  0.10659507E+00    0.837000  0.40566555E+00
   11.40112290  0.10711489E+00    0.838000  0.40813086E+00
   11.41472806  0.10760212E+00    0.839000  0.41047656E+00
   11.42833322  0.10805281E+00    0.840000  0.41268712E+00
   11.44193838  0.10846526E+00    0.841000  0.41475556E+00
   11.45554353  0.10883746E+00    0.842000  0.41667365E+00
   11.46914869  0.10916608E+00    0.843000  0.41842812E+00
   11.48275385  0.10944924E+00    0.844000  0.42001110E+00
   11.49635901  0.10968297E+00    0.845000  0.42140675E+00
   11.50996417  0.10986461E+00    0.846000  0.42260413E+00
   11.52356933  0.10998963E+00    0.847000  0.42358512E+00
   11.53717449  0.11005245E+00    0.848000  0.42432744E+00
   11.55077964  0.11004640E+00    0.849000  0.42480450E+00
   11.56438480  0.10996230E+00    0.850000  0.42497980E+00
   11.57798996  0.10977786E+00    0.851000  0.42476613E+00
   11.59159512  0.10950749E+00    0.852000  0.42421788E+00
   11.60520028  0.10908977E+00    0.853000  0.42309571E+00
   11.61880544  0.10898485E+00    0.854000  0.42318432E+00
   11.63241060  0.10736354E+00    0.855000  0.41737700E+00
   11.64601575  0.10587454E+00    0.856000  0.41206986E+00
   11.65962091  0.10358560E+00    0.857000  0.40363218E+00
   11.67322607  0.10280970E+00    0.858000  0.40107624E+00
   11.68683123  0.10257332E+00    0.859000  0.40062046E+00
   11.70043639  0.10293620E+00    0.860000  0.40250582E+00
   11.71404155  0.10407930E+00    0.861000  0.40744882E+00
   11.72764671  0.10678810E+00    0.862000  0.41853876E+00
   11.74125186  0.11953122E+00    0.863000  0.46902687E+00
   11.75485702  0.13622922E+00    0.864000  0.53516730E+00
   11.76846218  0.11136149E+00    0.865000  0.43798244E+00
   11.78206734  0.11199547E+00    0.866000  0.44098511E+00
   11.79567250  0.11236569E+00    0.867000  0.44295374E+00
   11.80927766  0.11458326E+00    0.868000  0.45221656E+00
   11.82288282  0.11675127E+00    0.869000  0.46130372E+00
   11.83648797  0.11732202E+00    0.870000  0.46409229E+00
   11.85009313  0.11747237E+00    0.871000  0.46522114E+00
   11.86369829  0.11738791E+00    0.872000  0.46542041E+00
   11.87730345  0.11723966E+00    0.873000  0.46536569E+00
   11.89090861  0.11691831E+00    0.874000  0.46462172E+00
   11.90451377  0.11552134E+00    0.875000  0.45959556E+00
   11.91811893  0.11441160E+00    0.876000  0.45570074E+00
   11.93172408  0.11322123E+00    0.877000  0.45147429E+00
   11.94532924  0.11210130E+00    0.878000  0.44751821E+00
   11.95893440  0.11114544E+00    0.879000  0.44420770E+00
   11.97253956  0.11059838E+00    0.880000  0.44252417E+00
   11.98614472  0.11044573E+00    0.881000  0.44241556E+00
   11.99974988  0.11296694E+00    0.882000  0.45302850E+00
   12.01335504  0.11048920E+00    0.883000  0.44359444E+00
   12.02696020  0.11066506E+00    0.884000  0.44480367E+00
   12.04056535  0.11288525E+00    0.885000  0.45424069E+00
   12.05417051  0.11362100E+00    0.886000  0.45771790E+00
   12.06777567  0.11408194E+00    0.887000  0.46009346E+00
   12.08138083  0.11447941E+00    0.888000  0.46221699E+00
   12.09498599  0.11479228E+00    0.889000  0.46400217E+00
   12.10859115  0.11502993E+00    0.890000  0.46548577E+00
   12.12219631  0.11523149E+00    0.891000  0.46682537E+00
   12.13580146  0.11534917E+00    0.892000  0.46782659E+00
   12.14940662  0.11546637E+00    0.893000  0.46882691E+00
   12.16301178  0.11563726E+00    0.894000  0.47004654E+00
   12.17661694  0.11590372E+00    0.895000  0.47165667E+00
   12.19022210  0.11652133E+00    0.896000  0.47469976E+00
   12.20382726  0.11718179E+00    0.897000  0.47792324E+00
   12.21743242  0.11784731E+00    0.898000  0.48117335E+00
   12.23103757  0.11848136E+00    0.899000  0.48430090E+00
   12.24464273  0.11908587E+00    0.900000  0.48731336E+00
   12.25824789  0.11968273E+00    0.901000  0.49029992E+00
   12.27185305  0.12026910E+00    0.902000  0.49324894E+00
   12.28545821  0.12084471E+00    0.903000  0.49615909E+00
   12.29906337  0.12138991E+00    0.904000  0.49894949E+00
   12.31266853  0.12182905E+00    0.905000  0.50130842E+00
   12.32627368  0.12179206E+00    0.906000  0.50170997E+00
   12.33987884  0.12020333E+00    0.907000  0.49571192E+00
   12.35348400  0.11764616E+00    0.908000  0.48570119E+00
   12.36708916  0.11895449E+00    0.909000  0.49164347E+00
   12.38069432  0.12087981E+00    0.910000  0.50015053E+00
   12.39429948  0.12196567E+00    0.911000  0.50519792E+00
   12.40790464  0.12273431E+00    0.912000  0.50893975E+00
   12.42150979  0.12335246E+00    0.913000  0.51206391E+00
   12.43511495  0.12391107E+00    0.914000  0.51494619E+00
   12.44872011  0.12443381E+00    0.915000  0.51768435E+00
   12.46232527  0.12493279E+00    0.916000  0.52032835E+00
   12.47593043  0.12541212E+00    0.917000  0.52289488E+00
   12.48953559  0.12587399E+00    0.918000  0.52539295E+00
   12.50314075  0.12632045E+00    0.919000  0.52783082E+00
   12.51674590  0.12675103E+00    0.920000  0.53020631E+00
   12.53035106  0.12716569E+00    0.921000  0.53251903E+00
   12.54395622  0.12756306E+00    0.922000  0.53476309E+00
   12.55756138  0.12794152E+00    0.923000  0.53693135E+00
   12.57116654  0.12829712E+00    0.924000  0.53900704E+00
   12.58477170  0.12862617E+00    0.925000  0.54097430E+00
   12.59837686  0.12891952E+00    0.926000  0.54279422E+00
   12.61198201  0.12916246E+00    0.927000  0.54440437E+00
   12.62558717  0.12932264E+00    0.928000  0.54566753E+00
   12.63919233  0.12931997E+00    0.929000  0.54624425E+00
   12.65279749  0.12891368E+00    0.930000  0.54511421E+00
   12.66640265  0.12719101E+00    0.931000  0.53840818E+00
   12.68000781  0.12180380E+00    0.932000  0.51615760E+00
   12.69361297  0.12346541E+00    0.933000  0.52376022E+00
   12.70721812  0.12780040E+00    0.934000  0.54273103E+00
   12.72082328  0.12925026E+00    0.935000  0.54947585E+00
   12.73442844  0.12969362E+00    0.936000  0.55195036E+00
   12.74803360  0.12974660E+00    0.937000  0.55276576E+00
   12.76163876  0.12932304E+00    0.938000  0.55154927E+00
   12.77524392  0.12934763E+00    0.939000  0.55224224E+00
   12.78884908  0.13574137E+00    0.940000  0.58015714E+00
   12.80245423  0.13323040E+00    0.941000  0.57003104E+00
   12.81605939  0.13776928E+00    0.942000  0.59007722E+00
   12.82966455  0.13323522E+00    0.943000  0.57126326E+00
   12.84326971  0.13297773E+00    0.944000  0.57076387E+00
   12.85687487  0.13313016E+00    0.945000  0.57202343E+00
   12.87048003  0.13816349E+00    0.946000  0.59427847E+00
   12.88408519  0.13928160E+00    0.947000  0.59972104E+00
   12.89769034  0.13910695E+00    0.948000  0.59960152E+00
   12.91129550  0.14024841E+00    0.949000  0.60515931E+00
   12.92490066  0.14002645E+00    0.950000  0.60483823E+00
   12.93850582  0.14167749E+00    0.951000  0.61261404E+00
   12.95211098  0.14096848E+00    0.952000  0.61018923E+00
   12.96571614  0.13946310E+00    0.953000  0.60430720E+00
   12.97932130  0.14147251E+00    0.954000  0.61365743E+00
   12.99292646  0.14073826E+00    0.955000  0.61111241E+00
   13.00653161  0.14013268E+00    0.956000  0.60912003E+00
   13.02013677  0.13988045E+00    0.957000  0.60865967E+00
   13.03374193  0.14005137E+00    0.958000  0.61004018E+00
   13.04734709  0.13969745E+00    0.959000  0.60913372E+00
   13.06095225  0.13953324E+00    0.960000  0.60905212E+00
   13.07455741  0.14033726E+00    0.961000  0.61319971E+00
   13.08816257  0.14112867E+00    0.962000  0.61729945E+00
   13.10176772  0.14155383E+00    0.963000  0.61980272E+00
   13.11537288  0.14189237E+00    0.964000  0.62193019E+00
   13.12897804  0.14213198E+00    0.965000  0.62362669E+00
   13.14258320  0.14251308E+00    0.966000  0.62594677E+00
   13.15618836  0.14297679E+00    0.967000  0.62863357E+00
   13.16979352  0.14314991E+00    0.968000  0.63004562E+00
   13.18339868  0.14345009E+00    0.969000  0.63201902E+00
   13.19700383  0.14323388E+00    0.970000  0.63171770E+00
   13.21060899  0.14356009E+00    0.971000  0.63380916E+00
   13.22421415  0.14484423E+00    0.972000  0.64013712E+00
   13.23781931  0.14517011E+00    0.973000  0.64223741E+00
   13.25142447  0.14482223E+00    0.974000  0.64135686E+00
   13.26502963  0.14530667E+00    0.975000  0.64416292E+00
   13.27863479  0.14683321E+00    0.976000  0.65159789E+00
   13.30584510  0.14788014E+00    0.978000  0.65758860E+00
   13.31945026  0.14769240E+00    0.979000  0.65742528E+00
   13.33305542  0.14802110E+00    0.980000  0.65956143E+00
   13.34666058  0.14851822E+00    0.981000  0.66245182E+00
   13.36026574  0.14952954E+00    0.982000  0.66764262E+00
   13.37387090  0.15029839E+00    0.983000  0.67175888E+00
   13.38747605  0.15053951E+00    0.984000  0.67352104E+00
   13.40108121  0.15099226E+00    0.985000  0.67623319E+00
   13.41468637  0.15085120E+00    0.986000  0.67628730E+00
   13.42829153  0.15090404E+00    0.987000  0.67721032E+00
   13.44189669  0.15075642E+00    0.988000  0.67723333E+00
   13.45550185  0.15325219E+00    0.989000  0.68914171E+00
   13.46910701  0.15202831E+00    0.990000  0.68432944E+00
   13.48271216  0.15197492E+00    0.991000  0.68478010E+00
   13.49631732  0.15176609E+00    0.992000  0.68452918E+00
   13.50992248  0.15170063E+00    0.993000  0.68492371E+00
   13.52352764  0.15129015E+00    0.994000  0.68375827E+00
   13.53713280  0.15101636E+00    0.995000  0.68320751E+00
   13.55073796  0.15074655E+00    0.996000  0.68267232E+00
   13.56434312  0.15053299E+00    0.997000  0.68238963E+00
   13.57794827  0.14999966E+00    0.998000  0.68065397E+00
   13.59155343  0.15044371E+00    0.999000  0.68335295E+00
   13.60515859  0.15243135E+00    1.000000  0.69307439E+00
   13.61876375  0.15261991E+00    1.001000  0.69462568E+00
   13.63236891  0.15348980E+00    1.002000  0.69928273E+00
   13.64597407  0.15427124E+00    1.003000  0.70354432E+00
   13.65957923  0.15492648E+00    1.004000  0.70723694E+00
   13.67318438  0.15533338E+00    1.005000  0.70980069E+00
   13.70039470  0.15495323E+00    1.007000  0.70947267E+00
   13.71399986  0.15461192E+00    1.008000  0.70861290E+00
   13.75481534  0.15783963E+00    1.011000  0.72555905E+00
   13.76842049  0.15857844E+00    1.012000  0.72967624E+00
   13.78202565  0.15861141E+00    1.013000  0.73054913E+00
   13.79563081  0.15753977E+00    1.014000  0.72632957E+00
   13.80923597  0.15924176E+00    1.015000  0.73490057E+00
   13.82284113  0.15959798E+00    1.016000  0.73727015E+00
   13.83644629  0.16044389E+00    1.017000  0.74190739E+00
   13.85005145  0.16056533E+00    1.018000  0.74319898E+00
   13.86365660  0.16086578E+00    1.019000  0.74532111E+00
   13.87726176  0.16106696E+00    1.020000  0.74698556E+00
   13.89086692  0.16166842E+00    1.021000  0.75051003E+00
   13.90447208  0.16247064E+00    1.022000  0.75497287E+00
   13.91807724  0.16371670E+00    1.023000  0.76150750E+00
   13.93168240  0.16434672E+00    1.024000  0.76518521E+00
   13.94528756  0.16360896E+00    1.025000  0.76249413E+00
   13.95889272  0.16317833E+00    1.026000  0.76122915E+00
   13.97249787  0.16406208E+00    1.027000  0.76609780E+00
   13.98610303  0.16425102E+00    1.028000  0.76772688E+00
   13.99970819  0.16541089E+00    1.029000  0.77390033E+00
   14.01331335  0.16592598E+00    1.030000  0.77706470E+00
   14.02691851  0.16630222E+00    1.031000  0.77958284E+00
   14.04052367  0.16658913E+00    1.032000  0.78168527E+00
   14.05412883  0.16705184E+00    1.033000  0.78461598E+00
   14.06773398  0.16811616E+00    1.034000  0.79037930E+00
   14.08133914  0.16883965E+00    1.035000  0.79454840E+00
   14.09494430  0.16929978E+00    1.036000  0.79748350E+00
   14.10854946  0.16981622E+00    1.037000  0.80068831E+00
   14.12215462  0.17062979E+00    1.038000  0.80530013E+00
   14.13575978  0.17043798E+00    1.039000  0.80516981E+00
   14.14936494  0.17039050E+00    1.040000  0.80572023E+00
   14.16297009  0.17088088E+00    1.041000  0.80881603E+00
   14.17657525  0.17051941E+00    1.042000  0.80788047E+00
   14.19018041  0.17091805E+00    1.043000  0.81054623E+00
   14.20378557  0.17099730E+00    1.044000  0.81169958E+00
   14.21739073  0.17202073E+00    1.045000  0.81733979E+00
   14.23099589  0.17288533E+00    1.046000  0.82223390E+00
   14.24460105  0.17264129E+00    1.047000  0.82185822E+00
   14.25820620  0.17297571E+00    1.048000  0.82423674E+00
   14.27181136  0.17352286E+00    1.049000  0.82763292E+00
   14.28541652  0.17427618E+00    1.050000  0.83201833E+00
   14.29902168  0.17425881E+00    1.051000  0.83272774E+00
   14.31262684  0.17467448E+00    1.052000  0.83550829E+00
   14.32623200  0.17484471E+00    1.053000  0.83711752E+00
   14.33983716  0.17493632E+00    1.054000  0.83835153E+00
   14.35344231  0.17581151E+00    1.055000  0.84334509E+00
   14.36704747  0.17679115E+00    1.056000  0.84884814E+00
   14.38065263  0.17681233E+00    1.057000  0.84975375E+00
   14.39425779  0.17780532E+00    1.058000  0.85533446E+00
   14.40786295  0.17854125E+00    1.059000  0.85968645E+00
   14.42146811  0.17911825E+00    1.060000  0.86327918E+00
   14.43507327  0.17927939E+00    1.061000  0.86487097E+00
   14.44867842  0.17872373E+00    1.062000  0.86300299E+00
   14.46228358  0.17864450E+00    1.063000  0.86343267E+00
   14.47588874  0.17881179E+00    1.064000  0.86505426E+00
   14.48949390  0.17881585E+00    1.065000  0.86588691E+00
   14.50309906  0.17900689E+00    1.066000  0.86762591E+00
   14.51670422  0.17911354E+00    1.067000  0.86895720E+00
   14.53030938  0.17962487E+00    1.068000  0.87225463E+00
   14.54391453  0.17985593E+00    1.069000  0.87419442E+00
   14.55751969  0.18037891E+00    1.070000  0.87755651E+00
   14.57112485  0.18085621E+00    1.071000  0.88070091E+00
   14.58473001  0.18100401E+00    1.072000  0.88224363E+00
   14.59833517  0.18161977E+00    1.073000  0.88607075E+00
   14.61194033  0.18187775E+00    1.074000  0.88815635E+00
   14.62554549  0.18157048E+00    1.075000  0.88748142E+00
   14.63915064  0.18237884E+00    1.076000  0.89226178E+00
   14.65275580  0.18308378E+00    1.077000  0.89654301E+00
   14.66636096  0.18362343E+00    1.078000  0.90002054E+00
   14.67996612  0.18414933E+00    1.079000  0.90343548E+00
   14.69357128  0.18385615E+00    1.080000  0.90283312E+00
   14.70717644  0.18457699E+00    1.081000  0.90721204E+00
   14.72078160  0.18591589E+00    1.082000  0.91463818E+00
   14.73438675  0.18577889E+00    1.083000  0.91480889E+00
   14.74799191  0.18647216E+00    1.084000  0.91907052E+00
   14.76159707  0.18771756E+00    1.085000  0.92606231E+00
   14.77520223  0.18801524E+00    1.086000  0.92838567E+00
   14.78880739  0.18828395E+00    1.087000  0.93056862E+00
   14.80241255  0.18920397E+00    1.088000  0.93597595E+00
   14.81601771  0.18952780E+00    1.089000  0.93843969E+00
   14.82962286  0.18946161E+00    1.090000  0.93897340E+00
   14.84322802  0.18999149E+00    1.091000  0.94246332E+00
   14.85683318  0.19074452E+00    1.092000  0.94706607E+00
   14.87043834  0.19073626E+00    1.093000  0.94789226E+00
   14.88404350  0.19120982E+00    1.094000  0.95111511E+00
   14.89764866  0.19139574E+00    1.095000  0.95291012E+00
   14.91125382  0.19121602E+00    1.096000  0.95288480E+00
   14.92485898  0.19229526E+00    1.097000  0.95913729E+00
   14.93846413  0.19323799E+00    1.098000  0.96471809E+00
   14.95206929  0.19243974E+00    1.099000  0.96160788E+00
   14.96567445  0.19302807E+00    1.100000  0.96542539E+00
   14.97927961  0.19193608E+00    1.101000  0.96083651E+00
   14.99288477  0.19267854E+00    1.102000  0.96542937E+00
   15.00648993  0.19381642E+00    1.103000  0.97201202E+00
   15.02009509  0.19437744E+00    1.104000  0.97570939E+00
   15.03370024  0.19381333E+00    1.105000  0.97375901E+00
   15.04730540  0.19444131E+00    1.106000  0.97779817E+00
   15.06091056  0.19478550E+00    1.107000  0.98041469E+00
   15.07451572  0.19555559E+00    1.108000  0.98517994E+00
   15.08812088  0.19618025E+00    1.109000  0.98921889E+00
   15.10172604  0.19617797E+00    1.110000  0.99009935E+00
   15.11533120  0.19677098E+00    1.111000  0.99398692E+00
   15.12893635  0.19709719E+00    1.112000  0.99653090E+00
   15.14254151  0.19700971E+00    1.113000  0.99698438E+00
   15.15614667  0.19720489E+00    1.114000  0.99886877E+00
   15.16975183  0.19736196E+00    1.115000  0.10005617E+01
   15.18335699  0.19760673E+00    1.116000  0.10027011E+01
   15.19696215  0.19804757E+00    1.117000  0.10058385E+01
   15.21056731  0.19805898E+00    1.118000  0.10067970E+01
   15.22417246  0.19851807E+00    1.119000  0.10100333E+01
   15.23777762  0.19967178E+00    1.120000  0.10168111E+01
   15.25138278  0.19997674E+00    1.121000  0.10192733E+01
   15.26498794  0.20021154E+00    1.122000  0.10213804E+01
   15.27859310  0.20062929E+00    1.123000  0.10244238E+01
   15.29219826  0.20162743E+00    1.124000  0.10304371E+01
   15.30580342  0.20150426E+00    1.125000  0.10307238E+01
   15.31940857  0.20200895E+00    1.126000  0.10342239E+01
   15.33301373  0.20160380E+00    1.127000  0.10330663E+01
   15.34661889  0.20258406E+00    1.128000  0.10390105E+01
   15.36022405  0.20315794E+00    1.129000  0.10428775E+01
   15.37382921  0.20316288E+00    1.130000  0.10438266E+01
   15.38743437  0.20332104E+00    1.131000  0.10455637E+01
   15.40103953  0.20366776E+00    1.132000  0.10482727E+01
   15.41464468  0.20383297E+00    1.133000  0.10500498E+01
   15.42824984  0.20444289E+00    1.134000  0.10541214E+01
   15.44185500  0.20491282E+00    1.135000  0.10574761E+01
   15.45546016  0.20491159E+00    1.136000  0.10584014E+01
   15.46906532  0.20565441E+00    1.137000  0.10631733E+01
   15.48267048  0.20626541E+00    1.138000  0.10672698E+01
   15.50988079  0.20686114E+00    1.140000  0.10722334E+01
   15.52348595  0.20822338E+00    1.141000  0.10802411E+01
   15.53709111  0.20922174E+00    1.142000  0.10863718E+01
   15.55069627  0.21061857E+00    1.143000  0.10945824E+01
   15.56430143  0.21289290E+00    1.144000  0.11073700E+01
   15.57790659  0.21504400E+00    1.145000  0.11195368E+01
   15.59151175  0.21707161E+00    1.146000  0.11310797E+01
   15.60511690  0.21741001E+00    1.147000  0.11338315E+01
   15.61872206  0.21678756E+00    1.148000  0.11315710E+01
   15.63232722  0.21571432E+00    1.149000  0.11269498E+01
   15.64593238  0.21446758E+00    1.150000  0.11214116E+01
   15.65953754  0.21365039E+00    1.151000  0.11181101E+01
   15.67314270  0.21281683E+00    1.152000  0.11147154E+01
   15.68674786  0.21245041E+00    1.153000  0.11137621E+01
   15.70035301  0.21256816E+00    1.154000  0.11153459E+01
   15.71395817  0.21254631E+00    1.155000  0.11161977E+01
   15.72756333  0.21245526E+00    1.156000  0.11166855E+01
   15.74116849  0.21294946E+00    1.157000  0.11202513E+01
   15.75477365  0.21317708E+00    1.158000  0.11224180E+01
   15.76837881  0.21320262E+00    1.159000  0.11235219E+01
   15.78198397  0.21318078E+00    1.160000  0.11243761E+01
   15.79558912  0.21347646E+00    1.161000  0.11269062E+01
   15.80919428  0.21306090E+00    1.162000  0.11256813E+01
   15.82279944  0.21368118E+00    1.163000  0.11299300E+01
   15.83640460  0.21447826E+00    1.164000  0.11351201E+01
   15.85000976  0.21585960E+00    1.165000  0.11434123E+01
   15.86361492  0.21649723E+00    1.166000  0.11477742E+01
   15.87722008  0.21676231E+00    1.167000  0.11501651E+01
   15.89082524  0.21662263E+00    1.168000  0.11504089E+01
   15.90443039  0.21663263E+00    1.169000  0.11514470E+01
   15.91803555  0.21706815E+00    1.170000  0.11547488E+01
   15.93164071  0.21709302E+00    1.171000  0.11558682E+01
   15.94524587  0.21706236E+00    1.172000  0.11566919E+01
   15.95885103  0.21702219E+00    1.173000  0.11574646E+01
   15.97245619  0.21696411E+00    1.174000  0.11581413E+01
   15.98606135  0.21714086E+00    1.175000  0.11600721E+01
   15.99966650  0.21646428E+00    1.176000  0.11574417E+01
   16.01327166  0.21595742E+00    1.177000  0.11557134E+01
   16.02687682  0.21377196E+00    1.178000  0.11449897E+01
   16.04048198  0.20848358E+00    1.179000  0.11176124E+01
   16.05408714  0.20847824E+00    1.180000  0.11185317E+01
   16.06769230  0.22372227E+00    1.181000  0.12013365E+01
   16.08129746  0.22606186E+00    1.182000  0.12149274E+01
   16.09490261  0.22591886E+00    1.183000  0.12151861E+01
   16.10850777  0.22557623E+00    1.184000  0.12143688E+01
   16.12211293  0.22562580E+00    1.185000  0.12156615E+01
   16.13571809  0.22509297E+00    1.186000  0.12138141E+01
   16.14932325  0.22512616E+00    1.187000  0.12150167E+01
   16.16292841  0.22527204E+00    1.188000  0.12168283E+01
   16.17653357  0.22531794E+00    1.189000  0.12181007E+01
   16.19013872  0.22580151E+00    1.190000  0.12217416E+01
   16.20374388  0.22759279E+00    1.191000  0.12324685E+01
   16.21734904  0.23200142E+00    1.192000  0.12573971E+01
   16.23095420  0.23357489E+00    1.193000  0.12669870E+01
   16.24455936  0.23221741E+00    1.194000  0.12606794E+01
   16.25816452  0.23083078E+00    1.195000  0.12542011E+01
   16.27176968  0.23032746E+00    1.196000  0.12525136E+01
   16.28537483  0.23024430E+00    1.197000  0.12531083E+01
   16.29897999  0.22990554E+00    1.198000  0.12523099E+01
   16.31258515  0.23057352E+00    1.199000  0.12569968E+01
   16.32619031  0.22935992E+00    1.200000  0.12514236E+01
   16.33979547  0.22932865E+00    1.201000  0.12522957E+01
   16.35340063  0.22941079E+00    1.202000  0.12537873E+01
   16.36700579  0.22917819E+00    1.203000  0.12535581E+01
   16.39421610  0.22835261E+00    1.205000  0.12511189E+01
   16.40782126  0.22883193E+00    1.206000  0.12547855E+01
   16.42142642  0.22917522E+00    1.207000  0.12577099E+01
   16.43503158  0.22980288E+00    1.208000  0.12621994E+01
   16.44863674  0.23020134E+00    1.209000  0.12654346E+01
   16.46224190  0.23056385E+00    1.210000  0.12684757E+01
   16.47584705  0.23081182E+00    1.211000  0.12708894E+01
   16.48945221  0.23104844E+00    1.212000  0.12732428E+01
   16.50305737  0.23135118E+00    1.213000  0.12759630E+01
   16.51666253  0.23134346E+00    1.214000  0.12769723E+01
   16.53026769  0.23171683E+00    1.215000  0.12800868E+01
   16.54387285  0.23219744E+00    1.216000  0.12837976E+01
   16.55747801  0.23223744E+00    1.217000  0.12850747E+01
   16.57108316  0.23215594E+00    1.218000  0.12856793E+01
   16.58468832  0.23244340E+00    1.219000  0.12883281E+01
   16.59829348  0.23320755E+00    1.220000  0.12936238E+01
   16.61189864  0.23415200E+00    1.221000  0.12999274E+01
   16.62550380  0.23471301E+00    1.222000  0.13041091E+01
   16.63910896  0.23571183E+00    1.223000  0.13107305E+01
   16.65271412  0.23709857E+00    1.224000  0.13195198E+01
   16.67992443  0.23889043E+00    1.226000  0.13316644E+01
   16.69352959  0.23962974E+00    1.227000  0.13368751E+01
   16.70713475  0.24030705E+00    1.228000  0.13417464E+01
   16.72073991  0.24078986E+00    1.229000  0.13455370E+01
   16.73434507  0.24104668E+00    1.230000  0.13480681E+01
   16.74795023  0.24146481E+00    1.231000  0.13515044E+01
   16.76155538  0.24147470E+00    1.232000  0.13526577E+01
   16.77516054  0.24218368E+00    1.233000  0.13577303E+01
   16.78876570  0.24190675E+00    1.234000  0.13572777E+01
   16.80237086  0.24293049E+00    1.235000  0.13641262E+01
   16.81597602  0.24310394E+00    1.236000  0.13662055E+01
   16.82958118  0.24359415E+00    1.237000  0.13700680E+01
   16.84318634  0.24451963E+00    1.238000  0.13763850E+01
   16.85679150  0.24502491E+00    1.239000  0.13803433E+01
   16.87039665  0.24566436E+00    1.240000  0.13850626E+01
   16.88400181  0.24217603E+00    1.241000  0.13664964E+01
   16.89760697  0.24181023E+00    1.242000  0.13655318E+01
   16.91121213  0.24176679E+00    1.243000  0.13663858E+01
   16.92481729  0.24246999E+00    1.244000  0.13714625E+01
   16.93842245  0.24292342E+00    1.245000  0.13751317E+01
   16.95202761  0.24345150E+00    1.246000  0.13792280E+01
   16.96563276  0.24428974E+00    1.247000  0.13850876E+01
   16.97923792  0.24547513E+00    1.248000  0.13929247E+01
   16.99284308  0.24649603E+00    1.249000  0.13998385E+01
   17.00644824  0.24867952E+00    1.250000  0.14133691E+01
   17.02005340  0.25024139E+00    1.251000  0.14233838E+01
   17.03365856  0.25071838E+00    1.252000  0.14272369E+01
   17.04726372  0.25062650E+00    1.253000  0.14278534E+01
   17.06086887  0.25087733E+00    1.254000  0.14304231E+01
   17.07447403  0.25033259E+00    1.255000  0.14284554E+01
   17.08807919  0.24990163E+00    1.256000  0.14271325E+01
   17.10168435  0.25047622E+00    1.257000  0.14315527E+01
   17.11528951  0.25037507E+00    1.258000  0.14321130E+01
   17.12889467  0.24993529E+00    1.259000  0.14307339E+01
   17.14249983  0.25019793E+00    1.260000  0.14333750E+01
   17.15610498  0.25029130E+00    1.261000  0.14350479E+01
   17.16971014  0.24996042E+00    1.262000  0.14342873E+01
   17.18331530  0.25055835E+00    1.263000  0.14388575E+01
   17.19692046  0.25027650E+00    1.264000  0.14383769E+01
   17.21052562  0.25135658E+00    1.265000  0.14457272E+01
   17.22413078  0.24992939E+00    1.266000  0.14386548E+01
   17.23773594  0.24978620E+00    1.267000  0.14389663E+01
   17.25134109  0.24948752E+00    1.268000  0.14383800E+01
   17.26494625  0.24938298E+00    1.269000  0.14389112E+01
   17.27855141  0.24965636E+00    1.270000  0.14416237E+01
   17.29215657  0.24821286E+00    1.271000  0.14344169E+01
   17.30576173  0.24646044E+00    1.272000  0.14254103E+01
   17.31936689  0.24381687E+00    1.273000  0.14112297E+01
   17.33297205  0.25081127E+00    1.274000  0.14528542E+01
   17.34657720  0.25496399E+00    1.275000  0.14780686E+01
   17.36018236  0.25454200E+00    1.276000  0.14767796E+01
   17.37378752  0.25344955E+00    1.277000  0.14715939E+01
   17.38739268  0.25305544E+00    1.278000  0.14704562E+01
   17.40099784  0.25344457E+00    1.279000  0.14738697E+01
   17.41460300  0.25302256E+00    1.280000  0.14725660E+01
   17.42820816  0.25126551E+00    1.281000  0.14634826E+01
   17.44181331  0.25201817E+00    1.282000  0.14690123E+01
   17.45541847  0.25292573E+00    1.283000  0.14754525E+01
   17.46902363  0.25352985E+00    1.284000  0.14801294E+01
   17.48262879  0.25458755E+00    1.285000  0.14874619E+01
   17.49623395  0.25569188E+00    1.286000  0.14950767E+01
   17.50983911  0.25476937E+00    1.287000  0.14908410E+01
   17.52344427  0.25226552E+00    1.288000  0.14773361E+01
   17.53704942  0.25332673E+00    1.289000  0.14847027E+01
   17.55065458  0.25464243E+00    1.290000  0.14935716E+01
   17.56425974  0.25617465E+00    1.291000  0.15037234E+01
   17.57786490  0.25762597E+00    1.292000  0.15134139E+01
   17.59147006  0.26011832E+00    1.293000  0.15292378E+01
   17.60507522  0.26067881E+00    1.294000  0.15337182E+01
   17.61868038  0.26146210E+00    1.295000  0.15395155E+01
   17.63228553  0.26216887E+00    1.296000  0.15448691E+01
   17.64589069  0.26254349E+00    1.297000  0.15482703E+01
   17.65949585  0.26396596E+00    1.298000  0.15578591E+01
   17.67310101  0.26403241E+00    1.299000  0.15594518E+01
   17.68670617  0.26346085E+00    1.300000  0.15572739E+01
   17.70031133  0.26254438E+00    1.301000  0.15530505E+01
   17.71391649  0.26223552E+00    1.302000  0.15524158E+01
   17.72752164  0.26236506E+00    1.303000  0.15543756E+01
   17.74112680  0.26253663E+00    1.304000  0.15565858E+01
   17.75473196  0.26249984E+00    1.305000  0.15575612E+01
   17.76833712  0.26288146E+00    1.306000  0.15610208E+01
   17.78194228  0.26328253E+00    1.307000  0.15645995E+01
   17.79554744  0.26331285E+00    1.308000  0.15659769E+01
   17.80915260  0.26366643E+00    1.309000  0.15692786E+01
   17.82275776  0.26399044E+00    1.310000  0.15724073E+01
   17.83636291  0.26408437E+00    1.311000  0.15741675E+01
   17.84996807  0.26457770E+00    1.312000  0.15783112E+01
   17.86357323  0.26492238E+00    1.313000  0.15815719E+01
   17.87717839  0.26549129E+00    1.314000  0.15861754E+01
   17.89078355  0.26641848E+00    1.315000  0.15929262E+01
   17.90438871  0.26708162E+00    1.316000  0.15981055E+01
   17.91799387  0.26778184E+00    1.317000  0.16035129E+01
   17.93159902  0.26825613E+00    1.318000  0.16075727E+01
   17.94520418  0.26855026E+00    1.319000  0.16105564E+01
   17.95880934  0.26935567E+00    1.320000  0.16166113E+01
   17.97241450  0.26980433E+00    1.321000  0.16205308E+01
   17.98601966  0.27015783E+00    1.322000  0.16238824E+01
   17.99962482  0.27045416E+00    1.323000  0.16268933E+01
   18.01322998  0.27073111E+00    1.324000  0.16297902E+01
   18.02683513  0.27123220E+00    1.325000  0.16340400E+01
   18.04044029  0.27129230E+00    1.326000  0.16356356E+01
   18.05404545  0.27172842E+00    1.327000  0.16395005E+01
   18.06765061  0.27195300E+00    1.328000  0.16420920E+01
   18.08125577  0.27216259E+00    1.329000  0.16445950E+01
   18.09486093  0.27223205E+00    1.330000  0.16462525E+01
   18.10846609  0.27268225E+00    1.331000  0.16502148E+01
   18.12207124  0.27282112E+00    1.332000  0.16522957E+01
   18.13567640  0.27317022E+00    1.333000  0.16556520E+01
   18.14928156  0.27373251E+00    1.334000  0.16603046E+01
   18.16288672  0.27363780E+00    1.335000  0.16609743E+01
   18.17649188  0.27400326E+00    1.336000  0.16644385E+01
   18.19009704  0.27423900E+00    1.337000  0.16671174E+01
   18.20370220  0.27502378E+00    1.338000  0.16731386E+01
   18.21730735  0.27577754E+00    1.339000  0.16789781E+01
   18.23091251  0.27630504E+00    1.340000  0.16834459E+01
   18.24451767  0.27659396E+00    1.341000  0.16864638E+01
   18.25812283  0.27699756E+00    1.342000  0.16901841E+01
   18.27172799  0.27646846E+00    1.343000  0.16882127E+01
   18.28533315  0.27569097E+00    1.344000  0.16847186E+01
   18.29893831  0.27564577E+00    1.345000  0.16856957E+01
   18.31254346  0.27530956E+00    1.346000  0.16848914E+01
   18.32614862  0.27587648E+00    1.347000  0.16896153E+01
   18.33975378  0.27654373E+00    1.348000  0.16949593E+01
   18.35335894  0.27711050E+00    1.349000  0.16996930E+01
   18.36696410  0.27758972E+00    1.350000  0.17038945E+01
   18.38056926  0.27800047E+00    1.351000  0.17076798E+01
   18.39417442  0.27749011E+00    1.352000  0.17058065E+01
   18.40777957  0.27750533E+00    1.353000  0.17071618E+01
   18.42138473  0.27724794E+00    1.354000  0.17068390E+01
   18.43498989  0.27729458E+00    1.355000  0.17083869E+01
   18.44859505  0.27788551E+00    1.356000  0.17132911E+01
   18.46220021  0.27778779E+00    1.357000  0.17139516E+01
   18.47580537  0.27770334E+00    1.358000  0.17146932E+01
   18.48941053  0.27800309E+00    1.359000  0.17178081E+01
   18.50301568  0.27817132E+00    1.360000  0.17201124E+01
   18.51662084  0.27804686E+00    1.361000  0.17206070E+01
   18.53022600  0.27813240E+00    1.362000  0.17224009E+01
   18.54383116  0.27829285E+00    1.363000  0.17246599E+01
   18.55743632  0.27789933E+00    1.364000  0.17234847E+01
   18.57104148  0.27777025E+00    1.365000  0.17239471E+01
   18.58464664  0.27779524E+00    1.366000  0.17253653E+01
   18.59825179  0.27773090E+00    1.367000  0.17262285E+01
   18.61185695  0.27719219E+00    1.368000  0.17241405E+01
   18.62546211  0.27715193E+00    1.369000  0.17251502E+01
   18.63906727  0.27743300E+00    1.370000  0.17281612E+01
   18.65267243  0.27683459E+00    1.371000  0.17256923E+01
   18.66627759  0.27694668E+00    1.372000  0.17276503E+01
   18.67988275  0.27851913E+00    1.373000  0.17387259E+01
   18.69348790  0.28118166E+00    1.374000  0.17566259E+01
   18.70709306  0.28533923E+00    1.375000  0.17838969E+01
   18.72069822  0.28656215E+00    1.376000  0.17928453E+01
   18.73430338  0.28664242E+00    1.377000  0.17946508E+01
   18.74790854  0.28678735E+00    1.378000  0.17968622E+01
   18.76151370  0.28660758E+00    1.379000  0.17970390E+01
   18.77511886  0.28700698E+00    1.380000  0.18008482E+01
   18.78872402  0.28855066E+00    1.381000  0.18118461E+01
   18.80232917  0.28972879E+00    1.382000  0.18205611E+01
   18.81593433  0.28987027E+00    1.383000  0.18227681E+01
   18.82953949  0.28959664E+00    1.384000  0.18223642E+01
   18.84314465  0.28934258E+00    1.385000  0.18220810E+01
   18.85674981  0.28953459E+00    1.386000  0.18246066E+01
   18.87035497  0.28961721E+00    1.387000  0.18264441E+01
   18.88396013  0.28921774E+00    1.388000  0.18252399E+01
   18.89756528  0.28899707E+00    1.389000  0.18251613E+01
   18.91117044  0.28898734E+00    1.390000  0.18264138E+01
   18.92477560  0.28931338E+00    1.391000  0.18297898E+01
   18.93838076  0.28942880E+00    1.392000  0.18318358E+01
   18.95198592  0.28946872E+00    1.393000  0.18334046E+01
   18.96559108  0.28958093E+00    1.394000  0.18354320E+01
   18.97919624  0.29001417E+00    1.395000  0.18394966E+01
   18.99280139  0.28964215E+00    1.396000  0.18384539E+01
   19.00640655  0.29007109E+00    1.397000  0.18424954E+01
   19.02001171  0.29013309E+00    1.398000  0.18442084E+01
   19.03361687  0.29018754E+00    1.399000  0.18458739E+01
   19.04722203  0.29025224E+00    1.400000  0.18476052E+01
   19.06082719  0.29023213E+00    1.401000  0.18487968E+01
   19.07443235  0.29057414E+00    1.402000  0.18522966E+01
   19.08803750  0.29081025E+00    1.403000  0.18551240E+01
   19.10164266  0.29141414E+00    1.404000  0.18603013E+01
   19.11524782  0.29269174E+00    1.405000  0.18697879E+01
   19.12885298  0.29177588E+00    1.406000  0.18652638E+01
   19.14245814  0.29219498E+00    1.407000  0.18692716E+01
   19.15606330  0.29247212E+00    1.408000  0.18723744E+01
   19.16966846  0.29260900E+00    1.409000  0.18745811E+01
   19.18327361  0.29277867E+00    1.410000  0.18769993E+01
   19.19687877  0.29322009E+00    1.411000  0.18811624E+01
   19.21048393  0.29325169E+00    1.412000  0.18826985E+01
   19.22408909  0.29314763E+00    1.413000  0.18833633E+01
   19.23769425  0.29316617E+00    1.414000  0.18848154E+01
   19.25129941  0.29364899E+00    1.415000  0.18892547E+01
   19.26490457  0.29402779E+00    1.416000  0.18930287E+01
   19.27850972  0.29451598E+00    1.417000  0.18975109E+01
   19.29211488  0.29506441E+00    1.418000  0.19023859E+01
   19.30572004  0.29522196E+00    1.419000  0.19047440E+01
   19.31932520  0.29361313E+00    1.420000  0.18956990E+01
   19.33293036  0.29598583E+00    1.421000  0.19123640E+01
   19.34653552  0.29657888E+00    1.422000  0.19175442E+01
   19.36014068  0.29676357E+00    1.423000  0.19200876E+01
   19.37374583  0.29706097E+00    1.424000  0.19233625E+01
   19.38735099  0.29734840E+00    1.425000  0.19265755E+01
   19.40095615  0.29733261E+00    1.426000  0.19278251E+01
   19.41456131  0.29799206E+00    1.427000  0.19334557E+01
   19.42816647  0.29799720E+00    1.428000  0.19348440E+01
   19.44177163  0.29755333E+00    1.429000  0.19333149E+01
   19.45537679  0.29705521E+00    1.430000  0.19314291E+01
   19.46898194  0.29774370E+00    1.431000  0.19372594E+01
   19.48258710  0.29725171E+00    1.432000  0.19354098E+01
   19.49619226  0.29766353E+00    1.433000  0.19394446E+01
   19.50979742  0.29814981E+00    1.434000  0.19439686E+01
   19.52340258  0.29827053E+00    1.435000  0.19461119E+01
   19.53700774  0.29835787E+00    1.436000  0.19480383E+01
   19.55061290  0.29833823E+00    1.437000  0.19492666E+01
   19.56421805  0.29901543E+00    1.438000  0.19550508E+01
   19.57782321  0.29964406E+00    1.439000  0.19605234E+01
   19.59142837  0.29979003E+00    1.440000  0.19628415E+01
   19.99958313  0.30633895E+00    1.470000  0.20475057E+01
   24.99947891  0.37124661E+00    1.837500  0.31016687E+01
   29.99937469  0.40259891E+00    2.205000  0.40363308E+01
   34.99927048  0.41613151E+00    2.572500  0.48673384E+01
   39.99916626  0.42186569E+00    2.940000  0.56393246E+01
   44.99906204  0.42276695E+00    3.307500  0.63577938E+01
   49.99895782  0.42069802E+00    3.675000  0.70296446E+01
   54.99885361  0.42134976E+00    4.042500  0.77445884E+01
   59.99874939  0.41802353E+00    4.410000  0.83819464E+01
   64.99864517  0.41365919E+00    4.777500  0.89856383E+01
   69.99854095  0.40802046E+00    5.145000  0.95449329E+01
   74.99843674  0.40150756E+00    5.512500  0.10063473E+02
   79.99833252  0.39446035E+00    5.880000  0.10545963E+02
   84.99822830  0.38713092E+00    6.247500  0.10996885E+02
   89.99812408  0.37966179E+00    6.615000  0.11419111E+02
   94.99801987  0.37217394E+00    6.982500  0.11815782E+02
   99.99791565  0.36474902E+00    7.350000  0.12189532E+02
  104.99781143  0.35743080E+00    7.717500  0.12542213E+02
  109.99770721  0.35024679E+00    8.085000  0.12875371E+02
  114.99760300  0.34323182E+00    8.452500  0.13191017E+02
  119.99749878  0.33638799E+00    8.820000  0.13490083E+02
  124.99739456  0.32972806E+00    9.187500  0.13773960E+02
  129.99729034  0.32326548E+00    9.555000  0.14044154E+02
  134.99718613  0.31697945E+00    9.922500  0.14300716E+02
