       eV          sigma            Ry          om               in 10^-16                                                                       
   12.98593721  0.00000000E+00    0.954486  0.00000000E+00
   12.99292646  0.10490192E+01    0.955000  0.24102067E+00
   13.00653161  0.41492949E+01    0.956000  0.96276714E+00
   13.02013677  0.69104589E+01    0.957000  0.16191544E+01
   13.03374193  0.64294675E+01    0.958000  0.15210725E+01
   13.04734709  0.63647929E+01    0.959000  0.15202416E+01
   13.06095225  0.59344896E+01    0.960000  0.14309544E+01
   13.07455741  0.64154200E+01    0.961000  0.15615036E+01
   13.08816257  0.69630663E+01    0.962000  0.17106297E+01
   13.10176772  0.61653487E+01    0.963000  0.15286692E+01
   13.11537288  0.57581517E+01    0.964000  0.14407972E+01
   13.12897804  0.56891033E+01    0.965000  0.14364536E+01
   13.14258320  0.56546379E+01    0.966000  0.14406066E+01
   13.15618836  0.54248394E+01    0.967000  0.13943947E+01
   13.16979352  0.57543262E+01    0.968000  0.14921675E+01
   13.18339868  0.56276050E+01    0.969000  0.14721009E+01
   13.19700383  0.55113156E+01    0.970000  0.14542107E+01
   13.21060899  0.54592874E+01    0.971000  0.14528937E+01
   13.22421415  0.55281166E+01    0.972000  0.14837790E+01
   13.23781931  0.56132099E+01    0.973000  0.15193796E+01
   13.25142447  0.53415156E+01    0.974000  0.14579810E+01
   13.26502963  0.51321827E+01    0.975000  0.14125105E+01
   13.27863479  0.47797997E+01    0.976000  0.13263919E+01
   13.30584510  0.43463960E+01    0.978000  0.12258848E+01
   13.31945026  0.42900634E+01    0.979000  0.12197494E+01
   13.33305542  0.43934248E+01    0.980000  0.12591251E+01
   13.34666058  0.42920395E+01    0.981000  0.12398263E+01
   13.36026574  0.41509042E+01    0.982000  0.12084937E+01
   13.37387090  0.43077681E+01    0.983000  0.12639563E+01
   13.38747605  0.46651543E+01    0.984000  0.13794239E+01
   13.40108121  0.45342617E+01    0.985000  0.13510289E+01
   13.41468637  0.43709579E+01    0.986000  0.13123078E+01
   13.42829153  0.46142121E+01    0.987000  0.13958308E+01
   13.44189669  0.47112855E+01    0.988000  0.14359068E+01
   13.45550185  0.44954098E+01    0.989000  0.13803320E+01
   13.46910701  0.45001628E+01    0.990000  0.13920221E+01
   13.48271216  0.46151002E+01    0.991000  0.14380673E+01
   13.49631732  0.46388277E+01    0.992000  0.14560067E+01
   13.50992248  0.46095685E+01    0.993000  0.14573024E+01
   13.52352764  0.45848412E+01    0.994000  0.14599081E+01
   13.53713280  0.46539377E+01    0.995000  0.14924901E+01
   13.55073796  0.46614252E+01    0.996000  0.15054886E+01
   13.56434312  0.48833529E+01    0.997000  0.15882658E+01
   13.57794827  0.49804735E+01    0.998000  0.16311760E+01
   13.59155343  0.51113698E+01    0.999000  0.16856666E+01
   13.60515859  0.50316412E+01    1.000000  0.16708120E+01
   13.61876375  0.49273512E+01    1.001000  0.16473832E+01
   13.63236891  0.48675560E+01    1.002000  0.16384575E+01
   13.64597407  0.48204741E+01    1.003000  0.16335682E+01
   13.65957923  0.47219327E+01    1.004000  0.16109092E+01
   13.67318438  0.43487539E+01    1.005000  0.14934840E+01
   13.70039470  0.48297968E+01    1.007000  0.16806477E+01
   13.71399986  0.46671600E+01    1.008000  0.16346645E+01
   13.75481534  0.33859236E+01    1.011000  0.12090064E+01
   13.76842049  0.32142730E+01    1.012000  0.11550227E+01
   13.78202565  0.32304771E+01    1.013000  0.11681897E+01
   13.79563081  0.35469735E+01    1.014000  0.12907033E+01
   13.80923597  0.37138852E+01    1.015000  0.13598837E+01
   13.82284113  0.37967672E+01    1.016000  0.13988635E+01
   13.83644629  0.35036604E+01    1.017000  0.12988378E+01
   13.85005145  0.31762526E+01    1.018000  0.11846857E+01
   13.86365660  0.29476950E+01    1.019000  0.11061391E+01
   13.87726176  0.27892408E+01    1.020000  0.10530193E+01
   13.89086692  0.27000866E+01    1.021000  0.10254994E+01
   13.90447208  0.27005421E+01    1.022000  0.10318118E+01
   13.91807724  0.26920545E+01    1.023000  0.10346890E+01
   13.93168240  0.27293929E+01    1.024000  0.10552450E+01
   13.94528756  0.29388726E+01    1.025000  0.11429158E+01
   13.95889272  0.32155054E+01    1.026000  0.12578073E+01
   13.97249787  0.32549850E+01    1.027000  0.12806504E+01
   13.98610303  0.31470923E+01    1.028000  0.12453554E+01
   13.99970819  0.30593652E+01    1.029000  0.12175955E+01
   14.01331335  0.31117711E+01    1.030000  0.12455268E+01
   14.02691851  0.29890560E+01    1.031000  0.12032038E+01
   14.04052367  0.28604103E+01    1.032000  0.11579221E+01
   14.05412883  0.27512782E+01    1.033000  0.11199991E+01
   14.06773398  0.28562538E+01    1.034000  0.11692263E+01
   14.08133914  0.28587793E+01    1.035000  0.11767593E+01
   14.09494430  0.28368606E+01    1.036000  0.11741862E+01
   14.10854946  0.28853515E+01    1.037000  0.12008163E+01
   14.12215462  0.29277098E+01    1.038000  0.12251007E+01
   14.13575978  0.28545443E+01    1.039000  0.12009741E+01
   14.14936494  0.29014992E+01    1.040000  0.12273254E+01
   14.16297009  0.29970745E+01    1.041000  0.12745670E+01
   14.17657525  0.29948800E+01    1.042000  0.12804423E+01
   14.19018041  0.30678663E+01    1.043000  0.13186216E+01
   14.20378557  0.30644596E+01    1.044000  0.13241241E+01
   14.21739073  0.30204377E+01    1.045000  0.13119693E+01
   14.23099589  0.30120145E+01    1.046000  0.13151581E+01
   14.24460105  0.30566502E+01    1.047000  0.13415967E+01
   14.25820620  0.30711755E+01    1.048000  0.13549540E+01
   14.27181136  0.31499799E+01    1.049000  0.13968824E+01
   14.28541652  0.31250853E+01    1.050000  0.13929473E+01
   14.29902168  0.30439815E+01    1.051000  0.13637170E+01
   14.31262684  0.29761121E+01    1.052000  0.13400771E+01
   14.32623200  0.28888228E+01    1.053000  0.13073401E+01
   14.33983716  0.28120839E+01    1.054000  0.12790048E+01
   14.35344231  0.28741295E+01    1.055000  0.13137587E+01
   14.36704747  0.28538099E+01    1.056000  0.13109585E+01
   14.38065263  0.26588718E+01    1.057000  0.12274542E+01
   14.39425779  0.26394999E+01    1.058000  0.12245119E+01
   14.40786295  0.24880713E+01    1.059000  0.11599178E+01
   14.42146811  0.23846824E+01    1.060000  0.11171401E+01
   14.43507327  0.22897705E+01    1.061000  0.10778828E+01
   14.44867842  0.20803469E+01    1.062000  0.98402850E+00
   14.46228358  0.21600814E+01    1.063000  0.10266546E+01
   14.47588874  0.21214048E+01    1.064000  0.10130950E+01
   14.48949390  0.21307908E+01    1.065000  0.10224215E+01
   14.50309906  0.21173161E+01    1.066000  0.10207694E+01
   14.51670422  0.21621593E+01    1.067000  0.10473040E+01
   14.53030938  0.22065104E+01    1.068000  0.10738030E+01
   14.54391453  0.21052766E+01    1.069000  0.10293235E+01
   14.55751969  0.21188674E+01    1.070000  0.10407854E+01
   14.57112485  0.21152110E+01    1.071000  0.10437981E+01
   14.58473001  0.22002945E+01    1.072000  0.10907866E+01
   14.59833517  0.22608889E+01    1.073000  0.11259659E+01
   14.61194033  0.22842594E+01    1.074000  0.11427979E+01
   14.62554549  0.23101903E+01    1.075000  0.11610229E+01
   14.63915064  0.23596660E+01    1.076000  0.11912522E+01
   14.65275580  0.22992549E+01    1.077000  0.11659814E+01
   14.66636096  0.22980713E+01    1.078000  0.11706056E+01
   14.67996612  0.22902083E+01    1.079000  0.11718069E+01
   14.69357128  0.23086305E+01    1.080000  0.11864812E+01
   14.70717644  0.22794258E+01    1.081000  0.11766540E+01
   14.72078160  0.22507490E+01    1.082000  0.11669677E+01
   14.73438675  0.22786132E+01    1.083000  0.11865949E+01
   14.74799191  0.22702004E+01    1.084000  0.11873750E+01
   14.76159707  0.22661529E+01    1.085000  0.11904099E+01
   14.77520223  0.22777790E+01    1.086000  0.12016954E+01
   14.78880739  0.22012491E+01    1.087000  0.11663246E+01
   14.80241255  0.21936893E+01    1.088000  0.11673062E+01
   14.81601771  0.21826188E+01    1.089000  0.11663773E+01
   14.82962286  0.21799792E+01    1.090000  0.11699227E+01
   14.84322802  0.22053879E+01    1.091000  0.11885724E+01
   14.85683318  0.21760748E+01    1.092000  0.11777215E+01
   14.87043834  0.22075242E+01    1.093000  0.11997609E+01
   14.88404350  0.22525956E+01    1.094000  0.12293777E+01
   14.89764866  0.22953943E+01    1.095000  0.12579539E+01
   14.91125382  0.23109412E+01    1.096000  0.12717278E+01
   14.92485898  0.24397005E+01    1.097000  0.13481314E+01
   14.93846413  0.23212555E+01    1.098000  0.12879581E+01
   14.95206929  0.22685490E+01    1.099000  0.12638710E+01
   14.96567445  0.22695361E+01    1.100000  0.12695805E+01
   14.97927961  0.22497241E+01    1.101000  0.12636122E+01
   14.99288477  0.21926243E+01    1.102000  0.12365254E+01
   15.00648993  0.21583250E+01    1.103000  0.12220891E+01
   15.02009509  0.20724683E+01    1.104000  0.11781868E+01
   15.03370024  0.20933860E+01    1.105000  0.11948375E+01
   15.04730540  0.20996978E+01    1.106000  0.12032135E+01
   15.06091056  0.20983666E+01    1.107000  0.12072211E+01
   15.07451572  0.20735606E+01    1.108000  0.11976639E+01
   15.08812088  0.20732098E+01    1.109000  0.12021745E+01
   15.10172604  0.20727623E+01    1.110000  0.12066272E+01
   15.11533120  0.20619450E+01    1.111000  0.12050177E+01
   15.12893635  0.20456421E+01    1.112000  0.12001407E+01
   15.14254151  0.20208273E+01    1.113000  0.11901765E+01
   15.15614667  0.19548523E+01    1.114000  0.11557643E+01
   15.16975183  0.19043170E+01    1.115000  0.11302157E+01
   15.18335699  0.18742348E+01    1.116000  0.11166227E+01
   15.19696215  0.18937658E+01    1.117000  0.11325641E+01
   15.21056731  0.18525684E+01    1.118000  0.11121377E+01
   15.22417246  0.18539645E+01    1.119000  0.11171906E+01
   15.23777762  0.18518689E+01    1.120000  0.11201378E+01
   15.25138278  0.18804631E+01    1.121000  0.11417086E+01
   15.26498794  0.18428647E+01    1.122000  0.11230706E+01
   15.27859310  0.18328098E+01    1.123000  0.11211097E+01
   15.29219826  0.18282577E+01    1.124000  0.11224816E+01
   15.30580342  0.18043689E+01    1.125000  0.11119168E+01
   15.31940857  0.17800233E+01    1.126000  0.11009609E+01
   15.33301373  0.17754818E+01    1.127000  0.11021883E+01
   15.34661889  0.17623686E+01    1.128000  0.10980544E+01
   15.36022405  0.17179703E+01    1.129000  0.10742974E+01
   15.37382921  0.16868915E+01    1.130000  0.10586979E+01
   15.38743437  0.16470399E+01    1.131000  0.10374313E+01
   15.40103953  0.16520183E+01    1.132000  0.10443228E+01
   15.41464468  0.16664724E+01    1.133000  0.10572485E+01
   15.42824984  0.16427959E+01    1.134000  0.10459623E+01
   15.44185500  0.16547343E+01    1.135000  0.10573253E+01
   15.45546016  0.16786034E+01    1.136000  0.10763931E+01
   15.46906532  0.17175348E+01    1.137000  0.11052622E+01
   15.48267048  0.17062744E+01    1.138000  0.11018950E+01
   15.50988079  0.17130362E+01    1.140000  0.11140505E+01
   15.52348595  0.16949027E+01    1.141000  0.11061108E+01
   15.53709111  0.16785211E+01    1.142000  0.10992360E+01
   15.55069627  0.16585228E+01    1.143000  0.10899099E+01
   15.56430143  0.16732564E+01    1.144000  0.11033962E+01
   15.57790659  0.17174400E+01    1.145000  0.11364366E+01
   15.59151175  0.17204178E+01    1.146000  0.11423182E+01
   15.60511690  0.16929272E+01    1.147000  0.11279138E+01
   15.61872206  0.16978196E+01    1.148000  0.11350332E+01
   15.63232722  0.16835448E+01    1.149000  0.11293175E+01
   15.64593238  0.16851327E+01    1.150000  0.11342136E+01
   15.65953754  0.16570002E+01    1.151000  0.11190455E+01
   15.67314270  0.16409373E+01    1.152000  0.11119280E+01
   15.68674786  0.16285554E+01    1.153000  0.11072402E+01
   15.70035301  0.16238820E+01    1.154000  0.11077545E+01
   15.71395817  0.16416625E+01    1.155000  0.11236159E+01
   15.72756333  0.16544582E+01    1.156000  0.11361350E+01
   15.74116849  0.16521517E+01    1.157000  0.11383071E+01
   15.75477365  0.16948924E+01    1.158000  0.11716079E+01
   15.76837881  0.17210664E+01    1.159000  0.11936136E+01
   15.78198397  0.16899815E+01    1.160000  0.11758972E+01
   15.79558912  0.17087758E+01    1.161000  0.11928591E+01
   15.80919428  0.16842136E+01    1.162000  0.11795417E+01
   15.82279944  0.16788037E+01    1.163000  0.11795694E+01
   15.83640460  0.16874293E+01    1.164000  0.11894662E+01
   15.85000976  0.17109670E+01    1.165000  0.12099476E+01
   15.86361492  0.16566009E+01    1.166000  0.11752675E+01
   15.87722008  0.16368446E+01    1.167000  0.11649727E+01
   15.89082524  0.16260293E+01    1.168000  0.11609719E+01
   15.90443039  0.16552777E+01    1.169000  0.11856181E+01
   15.91803555  0.16734521E+01    1.170000  0.12024402E+01
   15.93164071  0.17033102E+01    1.171000  0.12277667E+01
   15.94524587  0.16696028E+01    1.172000  0.12072657E+01
   15.95885103  0.16799729E+01    1.173000  0.12185834E+01
   15.97245619  0.16922922E+01    1.174000  0.12313666E+01
   15.98606135  0.16646428E+01    1.175000  0.12150324E+01
   15.99966650  0.16093699E+01    1.176000  0.11783471E+01
   16.01327166  0.15928394E+01    1.177000  0.11698650E+01
   16.02687682  0.15937094E+01    1.178000  0.11741271E+01
   16.04048198  0.15886049E+01    1.179000  0.11739780E+01
   16.05408714  0.16188248E+01    1.180000  0.11999907E+01
   16.06769230  0.15700401E+01    1.181000  0.11673973E+01
   16.08129746  0.15734137E+01    1.182000  0.11734827E+01
   16.09490261  0.15657545E+01    1.183000  0.11713299E+01
   16.10850777  0.15557133E+01    1.184000  0.11673549E+01
   16.12211293  0.15525312E+01    1.185000  0.11684967E+01
   16.13571809  0.15496039E+01    1.186000  0.11698164E+01
   16.14932325  0.15338319E+01    1.187000  0.11613969E+01
   16.16292841  0.15594548E+01    1.188000  0.11843435E+01
   16.17653357  0.15386195E+01    1.189000  0.11720178E+01
   16.19013872  0.15419173E+01    1.190000  0.11780352E+01
   16.20374388  0.15552513E+01    1.191000  0.11917582E+01
   16.21734904  0.15682060E+01    1.192000  0.12052503E+01
   16.23095420  0.15928830E+01    1.193000  0.12278371E+01
   16.24455936  0.15761061E+01    1.194000  0.12184882E+01
   16.25816452  0.15327358E+01    1.195000  0.11884431E+01
   16.27176968  0.15074266E+01    1.196000  0.11722460E+01
   16.28537483  0.14682184E+01    1.197000  0.11450937E+01
   16.29897999  0.14623510E+01    1.198000  0.11438421E+01
   16.31258515  0.14365293E+01    1.199000  0.11269103E+01
   16.32619031  0.14515885E+01    1.200000  0.11420238E+01
   16.33979547  0.14490905E+01    1.201000  0.11433529E+01
   16.35340063  0.14567994E+01    1.202000  0.11527472E+01
   16.36700579  0.14951444E+01    1.203000  0.11864882E+01
   16.39421610  0.14748070E+01    1.205000  0.11770549E+01
   16.40782126  0.14613724E+01    1.206000  0.11696549E+01
   16.42142642  0.14416691E+01    1.207000  0.11571622E+01
   16.43503158  0.14720735E+01    1.208000  0.11849131E+01
   16.44863674  0.14673077E+01    1.209000  0.11844127E+01
   16.46224190  0.14383849E+01    1.210000  0.11643362E+01
   16.47584705  0.14272291E+01    1.211000  0.11585505E+01
   16.48945221  0.14528842E+01    1.212000  0.11826790E+01
   16.50305737  0.14321285E+01    1.213000  0.11690392E+01
   16.51666253  0.14276159E+01    1.214000  0.11686011E+01
   16.53026769  0.14177056E+01    1.215000  0.11637119E+01
   16.54387285  0.14106692E+01    1.216000  0.11611431E+01
   16.55747801  0.14344751E+01    1.217000  0.11839993E+01
   16.57108316  0.14315676E+01    1.218000  0.11848540E+01
   16.58468832  0.14328573E+01    1.219000  0.11891789E+01
   16.59829348  0.14212882E+01    1.220000  0.11828084E+01
   16.61189864  0.14269449E+01    1.221000  0.11907600E+01
   16.62550380  0.14171033E+01    1.222000  0.11857690E+01
   16.63910896  0.14362505E+01    1.223000  0.12050557E+01
   16.65271412  0.14435068E+01    1.224000  0.12144256E+01
   16.67992443  0.14696053E+01    1.226000  0.12430643E+01
   16.69352959  0.14418055E+01    1.227000  0.12228277E+01
   16.70713475  0.14588423E+01    1.228000  0.12405935E+01
   16.72073991  0.14504240E+01    1.229000  0.12367320E+01
   16.73434507  0.14759573E+01    1.230000  0.12618589E+01
   16.74795023  0.14457236E+01    1.231000  0.12392975E+01
   16.76155538  0.14453803E+01    1.232000  0.12422892E+01
   16.77516054  0.14627560E+01    1.233000  0.12605488E+01
   16.78876570  0.14740310E+01    1.234000  0.12736163E+01
   16.80237086  0.14783027E+01    1.235000  0.12806679E+01
   16.81597602  0.14623439E+01    1.236000  0.12701672E+01
   16.82958118  0.14672005E+01    1.237000  0.12777211E+01
   16.84318634  0.14595766E+01    1.238000  0.12743999E+01
   16.85679150  0.14631530E+01    1.239000  0.12808489E+01
   16.87039665  0.14250131E+01    1.240000  0.12507008E+01
   16.88400181  0.14242493E+01    1.241000  0.12532683E+01
   16.89760697  0.14355882E+01    1.242000  0.12665096E+01
   16.91121213  0.14338035E+01    1.243000  0.12681947E+01
   16.92481729  0.14247188E+01    1.244000  0.12633983E+01
   16.93842245  0.14094149E+01    1.245000  0.12530314E+01
   16.95202761  0.14164649E+01    1.246000  0.12625193E+01
   16.96563276  0.14070537E+01    1.247000  0.12573298E+01
   16.97923792  0.14051570E+01    1.248000  0.12588294E+01
   16.99284308  0.14305633E+01    1.249000  0.12848422E+01
   17.00644824  0.14441083E+01    1.250000  0.13002905E+01
   17.02005340  0.14398364E+01    1.251000  0.12997174E+01
   17.03365856  0.14664705E+01    1.252000  0.13270934E+01
   17.04726372  0.14509322E+01    1.253000  0.13163305E+01
   17.06086887  0.14753662E+01    1.254000  0.13418518E+01
   17.07447403  0.14773050E+01    1.255000  0.13469737E+01
   17.08807919  0.14465100E+01    1.256000  0.13221840E+01
   17.10168435  0.14273078E+01    1.257000  0.13078770E+01
   17.11528951  0.14346252E+01    1.258000  0.13178436E+01
   17.12889467  0.14532319E+01    1.259000  0.13382395E+01
   17.14249983  0.14484147E+01    1.260000  0.13370963E+01
   17.15610498  0.14569472E+01    1.261000  0.13482852E+01
   17.16971014  0.14477482E+01    1.262000  0.13430636E+01
   17.18331530  0.14154714E+01    1.263000  0.13163386E+01
   17.19692046  0.14266787E+01    1.264000  0.13300044E+01
   17.21052562  0.14338962E+01    1.265000  0.13399927E+01
   17.22413078  0.14273263E+01    1.266000  0.13370979E+01
   17.23773594  0.14264548E+01    1.267000  0.13395244E+01
   17.25134109  0.14184069E+01    1.268000  0.13351916E+01
   17.26494625  0.14252276E+01    1.269000  0.13448522E+01
   17.27855141  0.14079376E+01    1.270000  0.13317381E+01
   17.29215657  0.13972163E+01    1.271000  0.13247735E+01
   17.30576173  0.13890413E+01    1.272000  0.13201802E+01
   17.31936689  0.13825403E+01    1.273000  0.13171445E+01
   17.33297205  0.13656339E+01    1.274000  0.13041424E+01
   17.34657720  0.13748228E+01    1.275000  0.13160431E+01
   17.36018236  0.13885522E+01    1.276000  0.13323422E+01
   17.37378752  0.13746562E+01    1.277000  0.13221339E+01
   17.38739268  0.13695763E+01    1.278000  0.13203617E+01
   17.40099784  0.13635783E+01    1.279000  0.13176792E+01
   17.41460300  0.13704379E+01    1.280000  0.13274234E+01
   17.42820816  0.13553218E+01    1.281000  0.13158630E+01
   17.44181331  0.13323005E+01    1.282000  0.12965408E+01
   17.45541847  0.13064766E+01    1.283000  0.12743801E+01
   17.46902363  0.13411698E+01    1.284000  0.13112700E+01
   17.48262879  0.13386255E+01    1.285000  0.13118257E+01
   17.49623395  0.13584977E+01    1.286000  0.13343884E+01
   17.50983911  0.13378615E+01    1.287000  0.13171600E+01
   17.52344427  0.13266705E+01    1.288000  0.13091582E+01
   17.53704942  0.13572556E+01    1.289000  0.13424251E+01
   17.55065458  0.13615113E+01    1.290000  0.13497296E+01
   17.56425974  0.13634223E+01    1.291000  0.13547237E+01
   17.57786490  0.13763671E+01    1.292000  0.13707149E+01
   17.59147006  0.13730353E+01    1.293000  0.13705182E+01
   17.60507522  0.13911429E+01    1.294000  0.13917553E+01
   17.61868038  0.13797990E+01    1.295000  0.13835432E+01
   17.63228553  0.13844373E+01    1.296000  0.13913415E+01
   17.64589069  0.14050761E+01    1.297000  0.14152775E+01
   17.65949585  0.14033895E+01    1.298000  0.14167691E+01
   17.67310101  0.13853985E+01    1.299000  0.14017562E+01
   17.68670617  0.13747357E+01    1.300000  0.13940928E+01
   17.70031133  0.14055165E+01    1.301000  0.14285023E+01
   17.71391649  0.13719822E+01    1.302000  0.13975386E+01
   17.72752164  0.13805951E+01    1.303000  0.14094506E+01
   17.74112680  0.14204062E+01    1.304000  0.14533229E+01
   17.75473196  0.14095085E+01    1.305000  0.14453771E+01
   17.76833712  0.14081701E+01    1.306000  0.14472059E+01
   17.78194228  0.13835114E+01    1.307000  0.14250090E+01
   17.79554744  0.13700163E+01    1.308000  0.14142237E+01
   17.80915260  0.13673151E+01    1.309000  0.14145438E+01
   17.82275776  0.13690025E+01    1.310000  0.14194017E+01
   17.83636291  0.13750465E+01    1.311000  0.14287943E+01
   17.84996807  0.13591868E+01    1.312000  0.14154046E+01
   17.86357323  0.13953557E+01    1.313000  0.14562417E+01
   17.87717839  0.13632931E+01    1.314000  0.14258794E+01
   17.89078355  0.13669357E+01    1.315000  0.14327968E+01
   17.90438871  0.13798839E+01    1.316000  0.14495059E+01
   17.91799387  0.13546810E+01    1.317000  0.14261111E+01
   17.93159902  0.13423826E+01    1.318000  0.14162160E+01
   17.94520418  0.13475084E+01    1.319000  0.14246872E+01
   17.95880934  0.13596046E+01    1.320000  0.14405671E+01
   17.97241450  0.13687364E+01    1.321000  0.14533543E+01
   17.98601966  0.13730260E+01    1.322000  0.14610306E+01
   17.99962482  0.13712679E+01    1.323000  0.14622772E+01
   18.01322998  0.13711565E+01    1.324000  0.14652756E+01
   18.02683513  0.13639203E+01    1.325000  0.14606435E+01
   18.04044029  0.13600678E+01    1.326000  0.14596097E+01
   18.05404545  0.13591501E+01    1.327000  0.14617148E+01
   18.06765061  0.13647162E+01    1.328000  0.14708034E+01
   18.08125577  0.13678209E+01    1.329000  0.14772591E+01
   18.09486093  0.13660690E+01    1.330000  0.14784726E+01
   18.10846609  0.13634916E+01    1.331000  0.14787829E+01
   18.12207124  0.13656394E+01    1.332000  0.14842170E+01
   18.13567640  0.13648175E+01    1.333000  0.14864265E+01
   18.14928156  0.13691165E+01    1.334000  0.14942211E+01
   18.16288672  0.13712408E+01    1.335000  0.14996568E+01
   18.17649188  0.13826558E+01    1.336000  0.15152842E+01
   18.19009704  0.13851733E+01    1.337000  0.15211922E+01
   18.20370220  0.13777763E+01    1.338000  0.15162011E+01
   18.21730735  0.13782379E+01    1.339000  0.15198424E+01
   18.23091251  0.13762057E+01    1.340000  0.15207300E+01
   18.24451767  0.13746060E+01    1.341000  0.15220874E+01
   18.25812283  0.13870492E+01    1.342000  0.15390189E+01
   18.27172799  0.13903206E+01    1.343000  0.15458095E+01
   18.28533315  0.13835164E+01    1.344000  0.15413896E+01
   18.29893831  0.13796812E+01    1.345000  0.15402533E+01
   18.31254346  0.13839106E+01    1.346000  0.15481212E+01
   18.32614862  0.14597669E+01    1.347000  0.16362970E+01
   18.33975378  0.13860394E+01    1.348000  0.15568046E+01
   18.35335894  0.13928925E+01    1.349000  0.15676686E+01
   18.36696410  0.13919249E+01    1.350000  0.15697440E+01
   18.38056926  0.13762831E+01    1.351000  0.15552328E+01
   18.39417442  0.13778457E+01    1.352000  0.15601310E+01
   18.40777957  0.13706724E+01    1.353000  0.15551247E+01
   18.42138473  0.13821677E+01    1.354000  0.15713092E+01
   18.43498989  0.13675879E+01    1.355000  0.15578433E+01
   18.44859505  0.13567700E+01    1.356000  0.15486049E+01
   18.46220021  0.13515192E+01    1.357000  0.15456843E+01
   18.47580537  0.13455091E+01    1.358000  0.15418696E+01
   18.48941053  0.13427265E+01    1.359000  0.15417335E+01
   18.50301568  0.13597046E+01    1.360000  0.15643190E+01
   18.51662084  0.13575428E+01    1.361000  0.15649182E+01
   18.53022600  0.13709266E+01    1.362000  0.15834631E+01
   18.54383116  0.13755454E+01    1.363000  0.15919251E+01
   18.55743632  0.13821124E+01    1.364000  0.16026672E+01
   18.57104148  0.14203412E+01    1.365000  0.16502255E+01
   18.58464664  0.13844924E+01    1.366000  0.16117220E+01
   18.59825179  0.13619149E+01    1.367000  0.15885352E+01
   18.61185695  0.13745289E+01    1.368000  0.16063730E+01
   18.62546211  0.13737242E+01    1.369000  0.16085556E+01
   18.63906727  0.13687453E+01    1.370000  0.16058373E+01
   18.65267243  0.13603476E+01    1.371000  0.15990776E+01
   18.66627759  0.13572547E+01    1.372000  0.15985274E+01
   18.67988275  0.13580778E+01    1.373000  0.16025843E+01
   18.69348790  0.13664591E+01    1.374000  0.16155811E+01
   18.70709306  0.13616871E+01    1.375000  0.16130347E+01
   18.72069822  0.13559009E+01    1.376000  0.16092630E+01
   18.73430338  0.13600326E+01    1.377000  0.16172587E+01
   18.74790854  0.13695379E+01    1.378000  0.16316752E+01
   18.76151370  0.13644165E+01    1.379000  0.16286754E+01
   18.77511886  0.13629899E+01    1.380000  0.16300711E+01
   18.78872402  0.13460850E+01    1.381000  0.16129139E+01
   18.80232917  0.13613199E+01    1.382000  0.16342635E+01
   18.81593433  0.13640244E+01    1.383000  0.16406112E+01
   18.82953949  0.13838754E+01    1.384000  0.16676336E+01
   18.84314465  0.13697767E+01    1.385000  0.16537581E+01
   18.85674981  0.13628978E+01    1.386000  0.16485514E+01
   18.87035497  0.13614484E+01    1.387000  0.16498934E+01
   18.88396013  0.13638972E+01    1.388000  0.16559617E+01
   18.89756528  0.13582374E+01    1.389000  0.16521777E+01
   18.91117044  0.13525369E+01    1.390000  0.16483184E+01
   18.92477560  0.13673782E+01    1.391000  0.16695139E+01
   18.93838076  0.13678503E+01    1.392000  0.16731999E+01
   18.95198592  0.13712514E+01    1.393000  0.16804777E+01
   18.96559108  0.14242236E+01    1.394000  0.17486333E+01
   18.97919624  0.13783314E+01    1.395000  0.16954213E+01
   18.99280139  0.13702316E+01    1.396000  0.16885732E+01
   19.00640655  0.13669145E+01    1.397000  0.16875930E+01
   19.02001171  0.13615005E+01    1.398000  0.16840041E+01
   19.03361687  0.13508549E+02    1.399000  0.16739079E+02
   19.04722203  0.13645451E+01    1.400000  0.16939742E+01
   19.06082719  0.13392801E+01    1.401000  0.16656544E+01
   19.07443235  0.13526258E+01    1.402000  0.16853274E+01
   19.08803750  0.13483187E+01    1.403000  0.16830262E+01
   19.10164266  0.13506711E+01    1.404000  0.16890331E+01
   19.11524782  0.13562627E+01    1.405000  0.16991088E+01
   19.12885298  0.13520196E+01    1.406000  0.16968668E+01
   19.14245814  0.13414913E+01    1.407000  0.16867029E+01
   19.15606330  0.13336553E+01    1.408000  0.16798824E+01
   19.16966846  0.13410113E+01    1.409000  0.16921967E+01
   19.18327361  0.13416485E+01    1.410000  0.16960509E+01
   19.19687877  0.13445704E+01    1.411000  0.17028013E+01
   19.21048393  0.13459138E+01    1.412000  0.17075625E+01
   19.22408909  0.13436140E+01    1.413000  0.17076993E+01
   19.23769425  0.13491796E+01    1.414000  0.17178403E+01
   19.25129941  0.13465043E+01    1.415000  0.17174950E+01
   19.26490457  0.13464041E+01    1.416000  0.17204282E+01
   19.27850972  0.13389842E+01    1.417000  0.17139911E+01
   19.29211488  0.13464793E+01    1.418000  0.17266464E+01
   19.30572004  0.13538472E+01    1.419000  0.17391724E+01
   19.31932520  0.13502659E+01    1.420000  0.17376415E+01
   19.33293036  0.13545846E+01    1.421000  0.17462787E+01
   19.34653552  0.13516178E+01    1.422000  0.17455268E+01
   19.36014068  0.13374221E+01    1.423000  0.17302345E+01
   19.37374583  0.13333296E+01    1.424000  0.17279711E+01
   19.38735099  0.13303568E+01    1.425000  0.17271429E+01
   19.40095615  0.13255677E+01    1.426000  0.17239390E+01
   19.41456131  0.23873544E+01    1.427000  0.31102506E+01
   19.42816647  0.13337212E+01    1.428000  0.17406070E+01
   19.44177163  0.13323786E+01    1.429000  0.17418838E+01
   19.45537679  0.13389107E+01    1.430000  0.17534674E+01
   19.46898194  0.13332262E+01    1.431000  0.17490538E+01
   19.48258710  0.13369979E+01    1.432000  0.17570415E+01
   19.49619226  0.13399264E+01    1.433000  0.17639361E+01
   19.50979742  0.13430866E+01    1.434000  0.17711498E+01
   19.52340258  0.13500670E+01    1.435000  0.17834242E+01
   19.53700774  0.13454426E+01    1.436000  0.17803741E+01
   19.55061290  0.13475793E+01    1.437000  0.17862651E+01
   19.56421805  0.13586533E+01    1.438000  0.18040329E+01
   19.57782321  0.13331328E+01    1.439000  0.17731772E+01
   19.59142837  0.13385824E+01    1.440000  0.17834688E+01
   19.99958313  0.25901762E+01    1.470000  0.36276929E+01
   24.99947891  0.12243339E+01    1.837500  0.27376502E+01
   29.99937469  0.10677664E+01    2.205000  0.32796512E+01
   34.99927048  0.93596429E+00    2.572500  0.36567939E+01
   39.99916626  0.81984522E+00    2.940000  0.38880783E+01
   44.99906204  0.71879355E+00    3.307500  0.40093787E+01
   49.99895782  0.63666476E+00    3.675000  0.40831870E+01
   54.99885361  0.57066630E+00    4.042500  0.41366892E+01
   59.99874939  0.51678951E+00    4.410000  0.41779072E+01
   64.99864517  0.47272640E+00    4.777500  0.42166362E+01
   69.99854095  0.43667532E+00    5.145000  0.42598978E+01
   74.99843674  0.40697550E+00    5.512500  0.43101846E+01
   79.99833252  0.38163339E+00    5.880000  0.43606369E+01
   84.99822830  0.35989946E+00    6.247500  0.44129863E+01
   89.99812408  0.34239172E+00    6.615000  0.44843706E+01
   94.99801987  0.32770207E+00    6.982500  0.45657639E+01
   99.99791565  0.31422907E+00    7.350000  0.46405793E+01
  104.99781143  0.30387823E+00    7.717500  0.47415990E+01
  109.99770721  0.29507050E+00    8.085000  0.48506903E+01
  114.99760300  0.28657404E+00    8.452500  0.49504414E+01
  119.99749878  0.28114014E+00    8.820000  0.50914584E+01
  124.99739456  0.27504944E+00    9.187500  0.52109522E+01
  129.99729034  0.27088517E+00    9.555000  0.53583754E+01
  134.99718613  0.26758849E+00    9.922500  0.55167271E+01
