       eV          sigma            Ry          om               in 10^-16                                                                       
   13.31994413  0.00000000E+00    0.979036  0.00000000E+00
   13.33305542  0.40437659E+00    0.980000  0.75012095E-01
   13.34666058  0.46599697E+00    0.981000  0.89620902E-01
   13.36026574  0.80253473E+00    0.982000  0.15981755E+00
   13.37387090  0.85767724E+00    0.983000  0.17664821E+00
   13.38747605  0.77896924E+00    0.984000  0.16575014E+00
   13.40108121  0.77865042E+00    0.985000  0.17099285E+00
   13.41468637  0.11280156E+01    0.986000  0.25540727E+00
   13.42829153  0.15227301E+01    0.987000  0.35516454E+00
   13.44189669  0.16931421E+01    0.988000  0.40645933E+00
   13.45550185  0.15864793E+01    0.989000  0.39167374E+00
   13.46910701  0.17945327E+01    0.990000  0.45527751E+00
   13.48271216  0.19806207E+01    0.991000  0.51599671E+00
   13.49631732  0.20347816E+01    0.992000  0.54398447E+00
   13.50992248  0.18385053E+01    0.993000  0.50405037E+00
   13.52352764  0.15712405E+01    0.994000  0.44149238E+00
   13.53713280  0.19413310E+01    0.995000  0.55872189E+00
   13.55073796  0.19147912E+01    0.996000  0.56414290E+00
   13.56434312  0.19441288E+01    0.997000  0.58604577E+00
   13.57794827  0.19735134E+01    0.998000  0.60836334E+00
   13.59155343  0.19877745E+01    0.999000  0.62631652E+00
   13.60515859  0.21570432E+01    1.000000  0.69436190E+00
   13.61876375  0.20250491E+01    1.001000  0.66568364E+00
   13.63236891  0.21274055E+01    1.002000  0.71384003E+00
   13.64597407  0.24287536E+01    1.003000  0.83152043E+00
   13.65957923  0.34693591E+01    1.004000  0.12114491E+01
   13.67318438  0.24804704E+01    1.005000  0.88306105E+00
   13.70039470  0.26675219E+01    1.007000  0.98603843E+00
   13.71399986  0.24470574E+01    1.008000  0.92123404E+00
   13.75481534  0.28844607E+01    1.011000  0.11449193E+01
   13.76842049  0.25117128E+01    1.012000  0.10140961E+01
   13.78202565  0.22769928E+01    1.013000  0.93485820E+00
   13.79563081  0.36728232E+01    1.014000  0.15329895E+01
   13.80923597  0.35506917E+01    1.015000  0.15062298E+01
   13.82284113  0.31101877E+01    1.016000  0.13405768E+01
   13.83644629  0.29358447E+01    1.017000  0.12854532E+01
   13.85005145  0.27575116E+01    1.018000  0.12261772E+01
   13.86365660  0.26054550E+01    1.019000  0.11763322E+01
   13.87726176  0.25795338E+01    1.020000  0.11822220E+01
   13.89086692  0.27253800E+01    1.021000  0.12676522E+01
   13.90447208  0.24184670E+01    1.022000  0.11413926E+01
   13.91807724  0.21590561E+01    1.023000  0.10336891E+01
   13.93168240  0.21959161E+01    1.024000  0.10663131E+01
   13.94528756  0.18944538E+01    1.025000  0.93284683E+00
   13.95889272  0.17770934E+01    1.026000  0.88717756E+00
   13.97249787  0.19546470E+01    1.027000  0.98914869E+00
   13.98610303  0.18541991E+01    1.028000  0.95096303E+00
   13.99970819  0.17715887E+01    1.029000  0.92067720E+00
   14.01331335  0.13897960E+01    1.030000  0.73174198E+00
   14.02691851  0.14043193E+01    1.031000  0.74896641E+00
   14.04052367  0.12836673E+01    1.032000  0.69337384E+00
   14.05412883  0.14664145E+01    1.033000  0.80208611E+00
   14.06773398  0.14038499E+01    1.034000  0.77743965E+00
   14.08133914  0.13475116E+01    1.035000  0.75543025E+00
   14.09494430  0.14278126E+01    1.036000  0.81018590E+00
   14.10854946  0.14979446E+01    1.037000  0.86019726E+00
   14.12215462  0.15803521E+01    1.038000  0.91829824E+00
   14.13575978  0.16653277E+01    1.039000  0.97903301E+00
   14.14936494  0.15891796E+01    1.040000  0.94510470E+00
   14.16297009  0.14854004E+01    1.041000  0.89351660E+00
   14.17657525  0.14459197E+01    1.042000  0.87962913E+00
   14.19018041  0.14986661E+01    1.043000  0.92193874E+00
   14.20378557  0.15737221E+01    1.044000  0.97884429E+00
   14.21739073  0.15182055E+01    1.045000  0.95466778E+00
   14.23099589  0.15703765E+01    1.046000  0.99818388E+00
   14.24460105  0.16253340E+01    1.047000  0.10442018E+01
   14.25820620  0.16219474E+01    1.048000  0.10530881E+01
   14.27181136  0.16820836E+01    1.049000  0.11036051E+01
   14.28541652  0.18439062E+01    1.050000  0.12223517E+01
   14.29902168  0.17594697E+01    1.051000  0.11783775E+01
   14.31262684  0.17417496E+01    1.052000  0.11783888E+01
   14.32623200  0.17073275E+01    1.053000  0.11667447E+01
   14.33983716  0.16424192E+01    1.054000  0.11335896E+01
   14.35344231  0.15695563E+01    1.055000  0.10940047E+01
   14.36704747  0.16443854E+01    1.056000  0.11573767E+01
   14.38065263  0.16146909E+01    1.057000  0.11474892E+01
   14.39425779  0.18027878E+01    1.058000  0.12934567E+01
   14.40786295  0.17436760E+01    1.059000  0.12629376E+01
   14.42146811  0.17581027E+01    1.060000  0.12853774E+01
   14.43507327  0.17230280E+01    1.061000  0.12714851E+01
   14.44867842  0.16810978E+01    1.062000  0.12520087E+01
   14.46228358  0.17995652E+01    1.063000  0.13525115E+01
   14.47588874  0.16551888E+01    1.064000  0.12552902E+01
   14.48949390  0.15897093E+01    1.065000  0.12164729E+01
   14.50309906  0.15556506E+01    1.066000  0.12010204E+01
   14.51670422  0.16062133E+01    1.067000  0.12510114E+01
   14.53030938  0.16262193E+01    1.068000  0.12776844E+01
   14.54391453  0.14400939E+01    1.069000  0.11412715E+01
   14.55751969  0.14116581E+01    1.070000  0.11283640E+01
   14.57112485  0.13963074E+01    1.071000  0.11256170E+01
   14.58473001  0.13854511E+01    1.072000  0.11263143E+01
   14.59833517  0.13808807E+01    1.073000  0.11320167E+01
   14.61194033  0.12966727E+01    1.074000  0.10718283E+01
   14.62554549  0.13493741E+01    1.075000  0.11245942E+01
   14.63915064  0.13050111E+01    1.076000  0.10965217E+01
   14.65275580  0.13161994E+01    1.077000  0.11148993E+01
   14.66636096  0.12635388E+01    1.078000  0.10789102E+01
   14.67996612  0.11881816E+01    1.079000  0.10226678E+01
   14.69357128  0.11850965E+01    1.080000  0.10280951E+01
   14.70717644  0.11557265E+01    1.081000  0.10104983E+01
   14.72078160  0.11604253E+01    1.082000  0.10225210E+01
   14.73438675  0.11605942E+01    1.083000  0.10305853E+01
   14.74799191  0.11259977E+01    1.084000  0.10075438E+01
   14.76159707  0.10919141E+01    1.085000  0.98449278E+00
   14.77520223  0.10582380E+01    1.086000  0.96134707E+00
   14.78880739  0.10954189E+01    1.087000  0.10025947E+01
   14.80241255  0.10227421E+01    1.088000  0.94305174E+00
   14.81601771  0.10203498E+01    1.089000  0.94780487E+00
   14.82962286  0.98297567E+00    1.090000  0.91979204E+00
   14.84322802  0.97081567E+00    1.091000  0.91503481E+00
   14.85683318  0.10624340E+01    1.092000  0.10086350E+01
   14.87043834  0.99490777E+00    1.093000  0.95131357E+00
   14.88404350  0.96074883E+00    1.094000  0.92520388E+00
   14.89764866  0.95649924E+00    1.095000  0.92763502E+00
   14.91125382  0.90045888E+00    1.096000  0.87942709E+00
   14.92485898  0.96488960E+00    1.097000  0.94893366E+00
   14.93846413  0.96495060E+00    1.098000  0.95557480E+00
   14.95206929  0.93500232E+00    1.099000  0.93229441E+00
   14.96567445  0.90051507E+00    1.100000  0.90404872E+00
   14.97927961  0.85400563E+00    1.101000  0.86318127E+00
   14.99288477  0.83214423E+00    1.102000  0.84676037E+00
   15.00648993  0.80097461E+00    1.103000  0.82050607E+00
   15.02009509  0.78550665E+00    1.104000  0.81001824E+00
   15.03370024  0.80641746E+00    1.105000  0.83708150E+00
   15.04730540  0.75520561E+00    1.106000  0.78907296E+00
   15.06091056  0.78912820E+00    1.107000  0.82989883E+00
   15.07451572  0.79973197E+00    1.108000  0.84650478E+00
   15.08812088  0.76765504E+00    1.109000  0.81778736E+00
   15.10172604  0.73602321E+00    1.110000  0.78910961E+00
   15.11533120  0.71024614E+00    1.111000  0.76631736E+00
   15.12893635  0.70795439E+00    1.112000  0.76867308E+00
   15.14254151  0.72737396E+00    1.113000  0.79471903E+00
   15.15614667  0.71743939E+00    1.114000  0.78875772E+00
   15.16975183  0.77708192E+00    1.115000  0.85962898E+00
   15.18335699  0.79606805E+00    1.116000  0.88606129E+00
   15.19696215  0.84687901E+00    1.117000  0.94839216E+00
   15.21056731  0.80049512E+00    1.118000  0.90190789E+00
   15.22417246  0.80505556E+00    1.119000  0.91253672E+00
   15.23777762  0.82902256E+00    1.120000  0.94535759E+00
   15.25138278  0.82904236E+00    1.121000  0.95103440E+00
   15.26498794  0.80374920E+00    1.122000  0.92750113E+00
   15.27859310  0.81874382E+00    1.123000  0.95038844E+00
   15.29219826  0.82866730E+00    1.124000  0.96755917E+00
   15.30580342  0.84269898E+00    1.125000  0.98969006E+00
   15.31940857  0.84196980E+00    1.126000  0.99457608E+00
   15.33301373  0.82166504E+00    1.127000  0.97619502E+00
   15.34661889  0.78576694E+00    1.128000  0.93890467E+00
   15.36022405  0.77056528E+00    1.129000  0.92599577E+00
   15.37382921  0.73921274E+00    1.130000  0.89336070E+00
   15.38743437  0.74558359E+00    1.131000  0.90614509E+00
   15.40103953  0.73141478E+00    1.132000  0.89391342E+00
   15.41464468  0.70779110E+00    1.133000  0.86986853E+00
   15.42824984  0.70267779E+00    1.134000  0.86837672E+00
   15.44185500  0.69539780E+00    1.135000  0.86412278E+00
   15.45546016  0.69502906E+00    1.136000  0.86840480E+00
   15.46906532  0.69244030E+00    1.137000  0.86989285E+00
   15.48267048  0.69274997E+00    1.138000  0.87500657E+00
   15.50988079  0.69614853E+00    1.140000  0.88879501E+00
   15.52348595  0.71450199E+00    1.141000  0.91710050E+00
   15.53709111  0.69656483E+00    1.142000  0.89882793E+00
   15.55069627  0.69934490E+00    1.143000  0.90718492E+00
   15.56430143  0.70254264E+00    1.144000  0.91612448E+00
   15.57790659  0.67611892E+00    1.145000  0.88627888E+00
   15.59151175  0.69562448E+00    1.146000  0.91659170E+00
   15.60511690  0.69196695E+00    1.147000  0.91649170E+00
   15.61872206  0.68568866E+00    1.148000  0.91285280E+00
   15.63232722  0.65361152E+00    1.149000  0.87460647E+00
   15.64593238  0.64904661E+00    1.150000  0.87292473E+00
   15.65953754  0.63841929E+00    1.151000  0.86298583E+00
   15.67314270  0.63293364E+00    1.152000  0.85988732E+00
   15.68674786  0.62231325E+00    1.153000  0.84970303E+00
   15.70035301  0.61419578E+00    1.154000  0.84280841E+00
   15.71395817  0.60036261E+00    1.155000  0.82792093E+00
   15.72756333  0.58575392E+00    1.156000  0.81176999E+00
   15.74116849  0.57081669E+00    1.157000  0.79496224E+00
   15.75477365  0.58394814E+00    1.158000  0.81723272E+00
   15.76837881  0.59528769E+00    1.159000  0.83716234E+00
   15.78198397  0.58095788E+00    1.160000  0.82097236E+00
   15.79558912  0.58682393E+00    1.161000  0.83326413E+00
   15.80919428  0.57395883E+00    1.162000  0.81891077E+00
   15.82279944  0.54637731E+00    1.163000  0.78328452E+00
   15.83640460  0.54579403E+00    1.164000  0.78617075E+00
   15.85000976  0.54712943E+00    1.165000  0.79182581E+00
   15.86361492  0.56316132E+00    1.166000  0.81886863E+00
   15.87722008  0.54136790E+00    1.167000  0.79087199E+00
   15.89082524  0.50818322E+00    1.168000  0.74585915E+00
   15.90443039  0.50665259E+00    1.169000  0.74706812E+00
   15.91803555  0.49457628E+00    1.170000  0.73263450E+00
   15.93164071  0.47964392E+00    1.171000  0.71378590E+00
   15.94524587  0.47759701E+00    1.172000  0.71399708E+00
   15.95885103  0.47953213E+00    1.173000  0.72016054E+00
   15.97245619  0.49393067E+00    1.174000  0.74515295E+00
   15.98606135  0.49249541E+00    1.175000  0.74634660E+00
   15.99966650  0.48140195E+00    1.176000  0.73281840E+00
   16.01327166  0.49466068E+00    1.177000  0.75637530E+00
   16.02687682  0.48326591E+00    1.178000  0.74224777E+00
   16.04048198  0.46859001E+00    1.179000  0.72290294E+00
   16.05408714  0.46172843E+00    1.180000  0.71546652E+00
   16.06769230  0.47709730E+00    1.181000  0.74253509E+00
   16.08129746  0.47334098E+00    1.182000  0.73991718E+00
   16.09490261  0.44721273E+00    1.183000  0.70212410E+00
   16.10850777  0.43873355E+00    1.184000  0.69180404E+00
   16.12211293  0.43321469E+00    1.185000  0.68605640E+00
   16.13571809  0.42408829E+00    1.186000  0.67449582E+00
   16.14932325  0.42267931E+00    1.187000  0.67513764E+00
   16.16292841  0.41659659E+00    1.188000  0.66826311E+00
   16.17653357  0.40370542E+00    1.189000  0.65033771E+00
   16.19013872  0.41348744E+00    1.190000  0.66891584E+00
   16.20374388  0.41279056E+00    1.191000  0.67060379E+00
   16.21734904  0.41192445E+00    1.192000  0.67200614E+00
   16.23095420  0.39342713E+00    1.193000  0.64451319E+00
   16.24455936  0.39731793E+00    1.194000  0.65359690E+00
   16.25816452  0.39679620E+00    1.195000  0.65544486E+00
   16.27176968  0.39407841E+00    1.196000  0.65364320E+00
   16.28537483  0.39061320E+00    1.197000  0.65055965E+00
   16.29897999  0.40697703E+00    1.198000  0.68058898E+00
   16.31258515  0.40038074E+00    1.199000  0.67228866E+00
   16.32619031  0.37886230E+00    1.200000  0.63874046E+00
   16.33979547  0.37244942E+00    1.201000  0.63046889E+00
   16.35340063  0.37200853E+00    1.202000  0.63225974E+00
   16.36700579  0.38897474E+00    1.203000  0.66374811E+00
   16.39421610  0.39645893E+00    1.205000  0.68192703E+00
   16.40782126  0.38601314E+00    1.206000  0.66659248E+00
   16.42142642  0.39542597E+00    1.207000  0.68554405E+00
   16.43503158  0.38944756E+00    1.208000  0.67783549E+00
   16.44863674  0.39513605E+00    1.209000  0.69043123E+00
   16.46224190  0.38847967E+00    1.210000  0.68144988E+00
   16.47584705  0.40750796E+00    1.211000  0.71760755E+00
   16.48945221  0.39976256E+00    1.212000  0.70669462E+00
   16.50305737  0.38646392E+00    1.213000  0.68582123E+00
   16.51666253  0.38983995E+00    1.214000  0.69447114E+00
   16.53026769  0.39892547E+00    1.215000  0.71337708E+00
   16.54387285  0.39761584E+00    1.216000  0.71374696E+00
   16.55747801  0.40826450E+00    1.217000  0.73564645E+00
   16.57108316  0.40758755E+00    1.218000  0.73720650E+00
   16.58468832  0.41486563E+00    1.219000  0.75319987E+00
   16.59829348  0.42218825E+00    1.220000  0.76937370E+00
   16.61189864  0.42778178E+00    1.221000  0.78248460E+00
   16.62550380  0.41914080E+00    1.222000  0.76953743E+00
   16.63910896  0.41990531E+00    1.223000  0.77380489E+00
   16.65271412  0.42851623E+00    1.224000  0.79259574E+00
   16.67992443  0.42617120E+00    1.226000  0.79407145E+00
   16.69352959  0.41804015E+00    1.227000  0.78177222E+00
   16.70713475  0.40995755E+00    1.228000  0.76945303E+00
   16.72073991  0.40909399E+00    1.229000  0.77062231E+00
   16.73434507  0.40729108E+00    1.230000  0.77000392E+00
   16.74795023  0.39165532E+00    1.231000  0.74311491E+00
   16.76155538  0.39630846E+00    1.232000  0.75464654E+00
   16.77516054  0.39126040E+00    1.233000  0.74770254E+00
   16.78876570  0.38283965E+00    1.234000  0.73422145E+00
   16.80237086  0.38377295E+00    1.235000  0.73862876E+00
   16.81597602  0.37177044E+00    1.236000  0.71806368E+00
   16.82958118  0.38068011E+00    1.237000  0.73786876E+00
   16.84318634  0.36817878E+00    1.238000  0.71614860E+00
   16.85679150  0.35707052E+00    1.239000  0.69697708E+00
   16.87039665  0.34974112E+00    1.240000  0.68505591E+00
   16.88400181  0.34821595E+00    1.241000  0.68444337E+00
   16.89760697  0.36379650E+00    1.242000  0.71754922E+00
   16.91121213  0.34864798E+00    1.243000  0.69004826E+00
   16.92481729  0.33814904E+00    1.244000  0.67157488E+00
   16.93842245  0.33065757E+00    1.245000  0.65895173E+00
   16.95202761  0.32385082E+00    1.246000  0.64759561E+00
   16.96563276  0.33378972E+00    1.247000  0.66974665E+00
   16.97923792  0.33301498E+00    1.248000  0.67046337E+00
   16.99284308  0.31238503E+00    1.249000  0.63105936E+00
   17.00644824  0.33687189E+00    1.250000  0.68282361E+00
   17.02005340  0.32536307E+00    1.251000  0.66171481E+00
   17.03365856  0.32476625E+00    1.252000  0.66271598E+00
   17.04726372  0.32379056E+00    1.253000  0.66293330E+00
   17.06086887  0.32445257E+00    1.254000  0.66650155E+00
   17.07447403  0.31881627E+00    1.255000  0.65709766E+00
   17.08807919  0.31030438E+00    1.256000  0.64167053E+00
   17.10168435  0.31669294E+00    1.257000  0.65704117E+00
   17.11528951  0.31952715E+00    1.258000  0.66510052E+00
   17.12889467  0.32163671E+00    1.259000  0.67168524E+00
   17.14249983  0.33624490E+00    1.260000  0.70448529E+00
   17.15610498  0.31355832E+00    1.261000  0.65909190E+00
   17.16971014  0.31888839E+00    1.262000  0.67247047E+00
   17.18331530  0.31314493E+00    1.263000  0.66249439E+00
   17.19692046  0.31061317E+00    1.264000  0.65925660E+00
   17.21052562  0.31342472E+00    1.265000  0.66736156E+00
   17.22413078  0.31424005E+00    1.266000  0.67124079E+00
   17.23773594  0.31519616E+00    1.267000  0.67543281E+00
   17.25134109  0.31282279E+00    1.268000  0.67248042E+00
   17.26494625  0.30461559E+00    1.269000  0.65691482E+00
   17.27855141  0.30157175E+00    1.270000  0.65240743E+00
   17.29215657  0.30214321E+00    1.271000  0.65570439E+00
   17.30576173  0.29824890E+00    1.272000  0.64928715E+00
   17.31936689  0.30545848E+00    1.273000  0.66706569E+00
   17.33297205  0.30107640E+00    1.274000  0.65954941E+00
   17.34657720  0.29964372E+00    1.275000  0.65845455E+00
   17.36018236  0.29554720E+00    1.276000  0.65146832E+00
   17.37378752  0.29281196E+00    1.277000  0.64743612E+00
   17.38739268  0.29122796E+00    1.278000  0.64591998E+00
   17.40099784  0.28061983E+00    1.279000  0.62430588E+00
   17.41460300  0.27706716E+00    1.280000  0.61829177E+00
   17.42820816  0.27853559E+00    1.281000  0.62346832E+00
   17.44181331  0.28227751E+00    1.282000  0.63376936E+00
   17.45541847  0.26705471E+00    1.283000  0.60141249E+00
   17.46902363  0.27947630E+00    1.284000  0.63129225E+00
   17.48262879  0.28932943E+00    1.285000  0.65552217E+00
   17.49623395  0.29049533E+00    1.286000  0.66014493E+00
   17.50983911  0.28403192E+00    1.287000  0.64739411E+00
   17.52344427  0.30193661E+00    1.288000  0.69026356E+00
   17.53704942  0.29338098E+00    1.289000  0.67270527E+00
   17.55065458  0.29798378E+00    1.290000  0.68529152E+00
   17.56425974  0.30295016E+00    1.291000  0.69877920E+00
   17.57786490  0.30384775E+00    1.292000  0.70292185E+00
   17.59147006  0.31257901E+00    1.293000  0.72525263E+00
   17.60507522  0.29745368E+00    1.294000  0.69218719E+00
   17.61868038  0.29617637E+00    1.295000  0.69123482E+00
   17.63228553  0.29717296E+00    1.296000  0.69558750E+00
   17.64589069  0.30180606E+00    1.297000  0.70849049E+00
   17.65949585  0.28997064E+00    1.298000  0.68268448E+00
   17.67310101  0.28354803E+00    1.299000  0.66949743E+00
   17.68670617  0.27948358E+00    1.300000  0.66180681E+00
   17.70031133  0.28262149E+00    1.301000  0.67116480E+00
   17.71391649  0.28229419E+00    1.302000  0.67231283E+00
   17.72752164  0.28010963E+00    1.303000  0.66902048E+00
   17.74112680  0.28379879E+00    1.304000  0.67976732E+00
   17.75473196  0.27636267E+00    1.305000  0.66384086E+00
   17.76833712  0.27826744E+00    1.306000  0.67031406E+00
   17.78194228  0.28207105E+00    1.307000  0.68140031E+00
   17.79554744  0.27670547E+00    1.308000  0.67032582E+00
   17.80915260  0.29558952E+00    1.309000  0.71808888E+00
   17.82275776  0.27686215E+00    1.310000  0.67448189E+00
   17.83636291  0.28319246E+00    1.311000  0.69183501E+00
   17.84996807  0.27572856E+00    1.312000  0.67548133E+00
   17.86357323  0.27511048E+00    1.313000  0.67584346E+00
   17.87717839  0.27123388E+00    1.314000  0.66816997E+00
   17.89078355  0.26539949E+00    1.315000  0.65560734E+00
   17.90438871  0.26894990E+00    1.316000  0.66621209E+00
   17.91799387  0.26660176E+00    1.317000  0.66221384E+00
   17.93159902  0.26128774E+00    1.318000  0.65079634E+00
   17.94520418  0.26246976E+00    1.319000  0.65553053E+00
   17.95880934  0.25506474E+00    1.320000  0.63877572E+00
   17.97241450  0.25306126E+00    1.321000  0.63548420E+00
   17.98601966  0.25201228E+00    1.322000  0.63456880E+00
   17.99962482  0.25126856E+00    1.323000  0.63440981E+00
   18.01322998  0.25121341E+00    1.324000  0.63598388E+00
   18.02683513  0.24915884E+00    1.325000  0.63248174E+00
   18.04044029  0.24813667E+00    1.326000  0.63157933E+00
   18.05404545  0.24470225E+00    1.327000  0.62450668E+00
   18.06765061  0.24398897E+00    1.328000  0.62435034E+00
   18.08125577  0.24192616E+00    1.329000  0.62072174E+00
   18.09486093  0.23415771E+00    1.330000  0.60238687E+00
   18.10846609  0.23191283E+00    1.331000  0.59819344E+00
   18.12207124  0.23421154E+00    1.332000  0.60572009E+00
   18.13567640  0.23232708E+00    1.333000  0.60243099E+00
   18.14928156  0.23052052E+00    1.334000  0.59931871E+00
   18.16288672  0.22562430E+00    1.335000  0.58812808E+00
   18.17649188  0.22164869E+00    1.336000  0.57927668E+00
   18.19009704  0.21601273E+00    1.337000  0.56602039E+00
   18.20370220  0.20765800E+00    1.338000  0.54554468E+00
   18.21730735  0.20938853E+00    1.339000  0.55151908E+00
   18.23091251  0.20902366E+00    1.340000  0.55198360E+00
   18.24451767  0.21563760E+00    1.341000  0.57092020E+00
   18.25812283  0.20706349E+00    1.342000  0.54963168E+00
   18.27172799  0.20695839E+00    1.343000  0.55076420E+00
   18.28533315  0.20717558E+00    1.344000  0.55275516E+00
   18.29893831  0.20594903E+00    1.345000  0.55088728E+00
   18.31254346  0.20563732E+00    1.346000  0.55145599E+00
   18.32614862  0.20360639E+00    1.347000  0.54739828E+00
   18.33975378  0.19926636E+00    1.348000  0.53708911E+00
   18.35335894  0.19386062E+00    1.349000  0.52384101E+00
   18.36696410  0.19808701E+00    1.350000  0.53661233E+00
   18.38056926  0.18994652E+00    1.351000  0.51585546E+00
   18.39417442  0.19199355E+00    1.352000  0.52272419E+00
   18.40777957  0.19382963E+00    1.353000  0.52904509E+00
   18.42138473  0.19423260E+00    1.354000  0.53146967E+00
   18.43498989  0.19235747E+00    1.355000  0.52765076E+00
   18.44859505  0.18763067E+00    1.356000  0.51596446E+00
   18.46220021  0.19140711E+00    1.357000  0.52765472E+00
   18.47580537  0.18855839E+00    1.358000  0.52108762E+00
   18.48941053  0.18619921E+00    1.359000  0.51583786E+00
   18.50301568  0.18681211E+00    1.360000  0.51880990E+00
   18.51662084  0.18052949E+00    1.361000  0.50259321E+00
   18.53022600  0.17914597E+00    1.362000  0.49996331E+00
   18.54383116  0.17157419E+00    1.363000  0.48000203E+00
   18.55743632  0.18620210E+00    1.364000  0.52219554E+00
   18.57104148  0.17768919E+00    1.365000  0.49953333E+00
   18.58464664  0.17655857E+00    1.366000  0.49755899E+00
   18.59825179  0.17443393E+00    1.367000  0.49276123E+00
   18.61185695  0.17644898E+00    1.368000  0.49965701E+00
   18.62546211  0.17368533E+00    1.369000  0.49301565E+00
   18.63906727  0.16925352E+00    1.370000  0.48159003E+00
   18.65267243  0.17477180E+00    1.371000  0.49848359E+00
   18.66627759  0.17510457E+00    1.372000  0.50062698E+00
   18.67988275  0.17370340E+00    1.373000  0.49780571E+00
   18.69348790  0.17246557E+00    1.374000  0.49543454E+00
   18.70709306  0.16556888E+00    1.375000  0.47675190E+00
   18.72069822  0.16400194E+00    1.376000  0.47335846E+00
   18.73430338  0.16809155E+00    1.377000  0.48630873E+00
   18.74790854  0.16377209E+00    1.378000  0.47492898E+00
   18.76151370  0.16001431E+00    1.379000  0.46512298E+00
   18.77511886  0.16148042E+00    1.380000  0.47048593E+00
   18.78872402  0.16428359E+00    1.381000  0.47977361E+00
   18.80232917  0.15932558E+00    1.382000  0.46638090E+00
   18.81593433  0.15999917E+00    1.383000  0.46944385E+00
   18.82953949  0.16234720E+00    1.384000  0.47744032E+00
   18.84314465  0.15724744E+00    1.385000  0.46351509E+00
   18.85674981  0.15660916E+00    1.386000  0.46270174E+00
   18.87035497  0.15331594E+00    1.387000  0.45401759E+00
   18.88396013  0.15482808E+00    1.388000  0.45955147E+00
   18.89756528  0.16016062E+00    1.389000  0.47647151E+00
   18.91117044  0.14856333E+00    1.390000  0.44298327E+00
   18.92477560  0.14888913E+00    1.391000  0.44497020E+00
   18.93838076  0.14480281E+00    1.392000  0.43374538E+00
   18.95198592  0.14482000E+00    1.393000  0.43478457E+00
   18.96559108  0.14284953E+00    1.394000  0.42984302E+00
   18.97919624  0.14292381E+00    1.395000  0.43104129E+00
   18.99280139  0.13636806E+00    1.396000  0.41219999E+00
   19.00640655  0.14363915E+00    1.397000  0.43515798E+00
   19.02001171  0.14141324E+00    1.398000  0.42937901E+00
   19.03361687  0.13642039E+00    1.399000  0.41514940E+00
   19.04722203  0.13589349E+00    1.400000  0.41447278E+00
   19.06082719  0.13463751E+00    1.401000  0.41156034E+00
   19.07443235  0.13282225E+00    1.402000  0.40691732E+00
   19.08803750  0.13201258E+00    1.403000  0.40533714E+00
   19.10164266  0.13637412E+00    1.404000  0.41965909E+00
   19.11524782  0.13525841E+00    1.405000  0.41714824E+00
   19.12885298  0.13358280E+00    1.406000  0.41289158E+00
   19.14245814  0.13219176E+00    1.407000  0.40949359E+00
   19.15606330  0.13042611E+00    1.408000  0.40491362E+00
   19.16966846  0.13285702E+00    1.409000  0.41336660E+00
   19.18327361  0.13216778E+00    1.410000  0.41212354E+00
   19.19687877  0.13235183E+00    1.411000  0.41360012E+00
   19.21048393  0.13236038E+00    1.412000  0.41452956E+00
   19.22408909  0.13315107E+00    1.413000  0.41791398E+00
   19.23769425  0.12776093E+00    1.414000  0.40186757E+00
   19.25129941  0.13019960E+00    1.415000  0.41042632E+00
   19.26490457  0.12779939E+00    1.416000  0.40373178E+00
   19.27850972  0.13290754E+00    1.417000  0.42077545E+00
   19.29211488  0.13464046E+00    1.418000  0.42717999E+00
   19.30572004  0.13139623E+00    1.419000  0.41778302E+00
   19.31932520  0.13005002E+00    1.420000  0.41438963E+00
   19.33293036  0.12926258E+00    1.421000  0.41276216E+00
   19.34653552  0.12784400E+00    1.422000  0.40910424E+00
   19.36014068  0.13181235E+00    1.423000  0.42270206E+00
   19.37374583  0.13192718E+00    1.424000  0.42397008E+00
   19.38735099  0.12815770E+00    1.425000  0.41273029E+00
   19.40095615  0.12973229E+00    1.426000  0.41868602E+00
   19.41456131  0.57610702E+00    1.427000  0.18632038E+01
   19.42816647  0.12006508E+00    1.428000  0.38912469E+00
   19.44177163  0.12387139E+00    1.429000  0.40230559E+00
   19.45537679  0.12427044E+00    1.430000  0.40444914E+00
   19.46898194  0.12247252E+00    1.431000  0.39943294E+00
   19.48258710  0.12692357E+00    1.432000  0.41481528E+00
   19.49619226  0.12889003E+00    1.433000  0.42212118E+00
   19.50979742  0.13056710E+00    1.434000  0.42850415E+00
   19.52340258  0.12684549E+00    1.435000  0.41715544E+00
   19.53700774  0.12636182E+00    1.436000  0.41642659E+00
   19.55061290  0.12769806E+00    1.437000  0.42170112E+00
   19.56421805  0.12357159E+00    1.438000  0.40891693E+00
   19.57782321  0.12288472E+00    1.439000  0.40748207E+00
   19.59142837  0.12431959E+00    1.440000  0.41308794E+00
   19.99958313  0.21768518E+01    1.470000  0.76786190E+01
   24.99947891  0.19329550E-01    1.837500  0.11663099E+00
   29.99937469  0.70464033E-02    2.205000  0.60177975E-01
   34.99927048  0.39330139E-02    2.572500  0.43446674E-01
   39.99916626  0.22398902E-02    2.940000  0.30357419E-01
   44.99906204  0.13430184E-02    3.307500  0.21568212E-01
   49.99895782  0.96764324E-03    3.675000  0.17965194E-01
   54.99885361  0.70855470E-03    4.042500  0.14930912E-01
   59.99874939  0.55074665E-03    4.410000  0.12985929E-01
   64.99864517  0.41812978E-03    4.777500  0.10906996E-01
   69.99854095  0.32827671E-03    5.145000  0.93859613E-02
   74.99843674  0.25879228E-03    5.512500  0.80479317E-02
   79.99833252  0.20939060E-03    5.880000  0.70364575E-02
   84.99822830  0.16263693E-03    6.247500  0.58729625E-02
   89.99812408  0.13097485E-03    6.615000  0.50578952E-02
   94.99801987  0.10823219E-03    6.982500  0.44509107E-02
   99.99791565  0.88889859E-04    7.350000  0.38782775E-02
  104.99781143  0.72261720E-04    7.717500  0.33339077E-02
  109.99770721  0.59936874E-04    8.085000  0.29155087E-02
  114.99760300  0.50570489E-04    8.452500  0.25866507E-02
  119.99749878  0.42083363E-04    8.820000  0.22580179E-02
  124.99739456  0.35587248E-04    9.187500  0.19986601E-02
  129.99729034  0.30104536E-04    9.555000  0.17661933E-02
  134.99718613  0.25432361E-04    9.922500  0.15558272E-02
