       eV          sigma            Ry          om               in 10^-16                                                                       
   13.02126328  0.00000000E+00    0.957083  0.00000000E+00
   13.03374193  0.18439697E+02    0.958000  0.10712587E+01
   13.04734709  0.24208896E+02    0.959000  0.15715311E+01
   13.06095225  0.33164937E+02    0.960000  0.23791078E+01
   13.07455741  0.39041721E+02    0.961000  0.30669548E+01
   13.08816257  0.41519359E+02    0.962000  0.35447578E+01
   13.10176772  0.58187089E+02    0.963000  0.53646297E+01
   13.11537288  0.62354233E+02    0.964000  0.61740927E+01
   13.12897804  0.65352572E+02    0.965000  0.69166948E+01
   13.14258320  0.68715624E+02    0.966000  0.77412828E+01
   13.15618836  0.70802399E+02    0.967000  0.84592584E+01
   13.16979352  0.73032902E+02    0.968000  0.92238508E+01
   13.18339868  0.75913243E+02    0.969000  0.10105373E+02
   13.19700383  0.78598603E+02    0.970000  0.10998899E+02
   13.21060899  0.82292855E+02    0.971000  0.12077117E+02
   13.22421415  0.93261567E+02    0.972000  0.14322923E+02
   13.23781931  0.94338842E+02    0.973000  0.15131778E+02
   13.25142447  0.96489764E+02    0.974000  0.16134861E+02
   13.26502963  0.97579413E+02    0.975000  0.16982581E+02
   13.27863479  0.96817400E+02    0.976000  0.17510275E+02
   13.30584510  0.99069337E+02    0.978000  0.19268902E+02
   13.31945026  0.98498059E+02    0.979000  0.19829565E+02
   13.33305542  0.10149882E+03    0.980000  0.21125919E+02
   13.34666058  0.10253476E+03    0.981000  0.22040846E+02
   13.36026574  0.11555396E+03    0.982000  0.25627550E+02
   13.37387090  0.11252142E+03    0.983000  0.25722411E+02
   13.38747605  0.10234390E+03    0.984000  0.24093834E+02
   13.40108121  0.99472120E+02    0.985000  0.24096178E+02
   13.41468637  0.98466095E+02    0.986000  0.24524036E+02
   13.42829153  0.96909273E+02    0.987000  0.24797233E+02
   13.44189669  0.93010465E+02    0.988000  0.24433952E+02
   13.45550185  0.93097324E+02    0.989000  0.25091712E+02
   13.46910701  0.93503539E+02    0.990000  0.25838908E+02
   13.48271216  0.98494651E+02    0.991000  0.27889912E+02
   13.49631732  0.98840894E+02    0.992000  0.28662069E+02
   13.50992248  0.10003129E+03    0.993000  0.29689494E+02
   13.52352764  0.99192141E+02    0.994000  0.30116944E+02
   13.53713280  0.96636889E+02    0.995000  0.30000195E+02
   13.55073796  0.95752788E+02    0.996000  0.30378785E+02
   13.56434312  0.95769408E+02    0.997000  0.31037224E+02
   13.57794827  0.94842136E+02    0.998000  0.31383553E+02
   13.59155343  0.93551585E+02    0.999000  0.31594546E+02
   13.60515859  0.92282314E+02    1.000000  0.31795267E+02
   13.61876375  0.90906362E+02    1.001000  0.31941191E+02
   13.63236891  0.89268323E+02    1.002000  0.31974471E+02
   13.64597407  0.87416080E+02    1.003000  0.31907222E+02
   13.65957923  0.87316848E+02    1.004000  0.32466520E+02
   13.67318438  0.87669966E+02    1.005000  0.33195744E+02
   13.70039470  0.84631720E+02    1.007000  0.33199739E+02
   13.71399986  0.85624607E+02    1.008000  0.34173210E+02
   13.75481534  0.77793820E+02    1.011000  0.32639611E+02
   13.76842049  0.75632409E+02    1.012000  0.32248585E+02
   13.78202565  0.72654681E+02    1.013000  0.31474443E+02
   13.79563081  0.67594652E+02    1.014000  0.29743417E+02
   13.80923597  0.63845928E+02    1.015000  0.28529322E+02
   13.82284113  0.62600274E+02    1.016000  0.28399652E+02
   13.83644629  0.62255069E+02    1.017000  0.28667636E+02
   13.85005145  0.60958575E+02    1.018000  0.28486367E+02
   13.86365660  0.60260814E+02    1.019000  0.28571289E+02
   13.87726176  0.60204793E+02    1.020000  0.28955336E+02
   13.89086692  0.60072479E+02    1.021000  0.29301406E+02
   13.90447208  0.59282249E+02    1.022000  0.29320274E+02
   13.91807724  0.59179838E+02    1.023000  0.29673241E+02
   13.93168240  0.59021830E+02    1.024000  0.29996555E+02
   13.94528756  0.58640121E+02    1.025000  0.30202497E+02
   13.95889272  0.57974601E+02    1.026000  0.30255120E+02
   13.97249787  0.57750314E+02    1.027000  0.30531940E+02
   13.98610303  0.57870744E+02    1.028000  0.30990300E+02
   13.99970819  0.58256881E+02    1.029000  0.31594403E+02
   14.01331335  0.58288178E+02    1.030000  0.32008913E+02
   14.02691851  0.57656732E+02    1.031000  0.32055385E+02
   14.04052367  0.56767144E+02    1.032000  0.31947964E+02
   14.05412883  0.55743685E+02    1.033000  0.31752155E+02
   14.06773398  0.55235140E+02    1.034000  0.31839197E+02
   14.08133914  0.54448559E+02    1.035000  0.31757138E+02
   14.09494430  0.54079332E+02    1.036000  0.31910618E+02
   14.10854946  0.53704350E+02    1.037000  0.32055626E+02
   14.12215462  0.53387241E+02    1.038000  0.32230458E+02
   14.13575978  0.53047713E+02    1.039000  0.32387277E+02
   14.14936494  0.52927997E+02    1.040000  0.32675166E+02
   14.16297009  0.53357378E+02    1.041000  0.33304153E+02
   14.17657525  0.52569001E+02    1.042000  0.33170601E+02
   14.19018041  0.52024137E+02    1.043000  0.33181611E+02
   14.20378557  0.51627321E+02    1.044000  0.33280626E+02
   14.21739073  0.51182309E+02    1.045000  0.33342830E+02
   14.23099589  0.50867568E+02    1.046000  0.33484718E+02
   14.24460105  0.50395850E+02    1.047000  0.33517909E+02
   14.25820620  0.49784284E+02    1.048000  0.33450699E+02
   14.27181136  0.49318293E+02    1.049000  0.33473954E+02
   14.28541652  0.49191380E+02    1.050000  0.33723309E+02
   14.29902168  0.48800395E+02    1.051000  0.33788096E+02
   14.31262684  0.48515131E+02    1.052000  0.33921470E+02
   14.32623200  0.48108667E+02    1.053000  0.33965383E+02
   14.33983716  0.47705902E+02    1.054000  0.34006389E+02
   14.35344231  0.48608222E+02    1.055000  0.34981111E+02
   14.36704747  0.47201847E+02    1.056000  0.34290933E+02
   14.38065263  0.46070759E+02    1.057000  0.33783438E+02
   14.39425779  0.45530629E+02    1.058000  0.33697892E+02
   14.40786295  0.44834021E+02    1.059000  0.33488099E+02
   14.42146811  0.44477718E+02    1.060000  0.33525310E+02
   14.43507327  0.43788326E+02    1.061000  0.33304322E+02
   14.44867842  0.43632857E+02    1.062000  0.33483661E+02
   14.46228358  0.43295630E+02    1.063000  0.33520159E+02
   14.47588874  0.43209046E+02    1.064000  0.33747819E+02
   14.48949390  0.42862755E+02    1.065000  0.33769685E+02
   14.50309906  0.42388682E+02    1.066000  0.33685283E+02
   14.51670422  0.42695817E+02    1.067000  0.34220550E+02
   14.53030938  0.42312484E+02    1.068000  0.34201889E+02
   14.54391453  0.42185566E+02    1.069000  0.34387013E+02
   14.55751969  0.42083679E+02    1.070000  0.34590980E+02
   14.57112485  0.42052041E+02    1.071000  0.34851778E+02
   14.58473001  0.41597011E+02    1.072000  0.34758359E+02
   14.59833517  0.41391140E+02    1.073000  0.34868630E+02
   14.61194033  0.41264229E+02    1.074000  0.35043148E+02
   14.62554549  0.41143275E+02    1.075000  0.35221034E+02
   14.63915064  0.40663285E+02    1.076000  0.35087466E+02
   14.65275580  0.40527894E+02    1.077000  0.35247049E+02
   14.66636096  0.40330851E+02    1.078000  0.35350745E+02
   14.67996612  0.40193350E+02    1.079000  0.35504349E+02
   14.69357128  0.39895917E+02    1.080000  0.35513713E+02
   14.70717644  0.39345851E+02    1.081000  0.35292413E+02
   14.72078160  0.39059022E+02    1.082000  0.35301524E+02
   14.73438675  0.39058996E+02    1.083000  0.35567890E+02
   14.74799191  0.38922288E+02    1.084000  0.35708859E+02
   14.76159707  0.38542317E+02    1.085000  0.35623124E+02
   14.77520223  0.38233694E+02    1.086000  0.35598638E+02
   14.78880739  0.37945443E+02    1.087000  0.35589048E+02
   14.80241255  0.37977850E+02    1.088000  0.35878459E+02
   14.81601771  0.37654281E+02    1.089000  0.35829586E+02
   14.82962286  0.37191950E+02    1.090000  0.35643316E+02
   14.84322802  0.36748160E+02    1.091000  0.35468634E+02
   14.85683318  0.36538369E+02    1.092000  0.35515347E+02
   14.87043834  0.36135114E+02    1.093000  0.35369831E+02
   14.88404350  0.35747839E+02    1.094000  0.35234565E+02
   14.89764866  0.35299242E+02    1.095000  0.35033157E+02
   14.91125382  0.35056507E+02    1.096000  0.35031344E+02
   14.92485898  0.34842506E+02    1.097000  0.35055129E+02
   14.93846413  0.34489826E+02    1.098000  0.34935524E+02
   14.95206929  0.34449634E+02    1.099000  0.35129766E+02
   14.96567445  0.34472769E+02    1.100000  0.35388469E+02
   14.97927961  0.34162996E+02    1.101000  0.35303466E+02
   14.99288477  0.33879244E+02    1.102000  0.35241304E+02
   15.00648993  0.33785018E+02    1.103000  0.35373710E+02
   15.02009509  0.33603354E+02    1.104000  0.35412685E+02
   15.03370024  0.33224914E+02    1.105000  0.35240469E+02
   15.04730540  0.32948650E+02    1.106000  0.35172162E+02
   15.06091056  0.32827164E+02    1.107000  0.35266365E+02
   15.07451572  0.32802068E+02    1.108000  0.35463121E+02
   15.08812088  0.32630882E+02    1.109000  0.35500597E+02
   15.10172604  0.32406861E+02    1.110000  0.35477895E+02
   15.11533120  0.32302841E+02    1.111000  0.35584330E+02
   15.12893635  0.32187222E+02    1.112000  0.35676489E+02
   15.14254151  0.32283355E+02    1.113000  0.36003222E+02
   15.15614667  0.31887517E+02    1.114000  0.35779252E+02
   15.16975183  0.31752514E+02    1.115000  0.35844331E+02
   15.18335699  0.31498942E+02    1.116000  0.35772911E+02
   15.19696215  0.31480453E+02    1.117000  0.35966616E+02
   15.21056731  0.31209223E+02    1.118000  0.35869587E+02
   15.22417246  0.31115188E+02    1.119000  0.35973722E+02
   15.23777762  0.30899915E+02    1.120000  0.35935578E+02
   15.25138278  0.30684602E+02    1.121000  0.35894451E+02
   15.26498794  0.30401446E+02    1.122000  0.35770563E+02
   15.27859310  0.30369021E+02    1.123000  0.35939534E+02
   15.29219826  0.30099767E+02    1.124000  0.35826178E+02
   15.30580342  0.29783336E+02    1.125000  0.35652675E+02
   15.31940857  0.29752216E+02    1.126000  0.35818338E+02
   15.33301373  0.29723333E+02    1.127000  0.35986285E+02
   15.34661889  0.29576419E+02    1.128000  0.36010132E+02
   15.36022405  0.29581822E+02    1.129000  0.36218464E+02
   15.37382921  0.29512680E+02    1.130000  0.36335093E+02
   15.38743437  0.29257247E+02    1.131000  0.36220151E+02
   15.40103953  0.29194590E+02    1.132000  0.36341696E+02
   15.41464468  0.29225897E+02    1.133000  0.36579993E+02
   15.42824984  0.29154715E+02    1.134000  0.36689741E+02
   15.44185500  0.29092006E+02    1.135000  0.36809237E+02
   15.45546016  0.28975723E+02    1.136000  0.36859728E+02
   15.46906532  0.28916993E+02    1.137000  0.36982238E+02
   15.48267048  0.28795713E+02    1.138000  0.37023524E+02
   15.50988079  0.28612394E+02    1.140000  0.37178110E+02
   15.52348595  0.28410645E+02    1.141000  0.37109729E+02
   15.53709111  0.28189136E+02    1.142000  0.37012652E+02
   15.55069627  0.28142777E+02    1.143000  0.37143721E+02
   15.56430143  0.27969534E+02    1.144000  0.37105827E+02
   15.57790659  0.27895222E+02    1.145000  0.37197491E+02
   15.59151175  0.27839862E+02    1.146000  0.37313544E+02
   15.60511690  0.27741550E+02    1.147000  0.37370980E+02
   15.61872206  0.27670896E+02    1.148000  0.37464522E+02
   15.63232722  0.27673135E+02    1.149000  0.37656290E+02
   15.64593238  0.27564377E+02    1.150000  0.37696291E+02
   15.65953754  0.27480008E+02    1.151000  0.37768330E+02
   15.67314270  0.27499508E+02    1.152000  0.37982682E+02
   15.68674786  0.27422015E+02    1.153000  0.38062672E+02
   15.70035301  0.27342659E+02    1.154000  0.38139005E+02
   15.71395817  0.27373151E+02    1.155000  0.38368227E+02
   15.72756333  0.27353868E+02    1.156000  0.38527757E+02
   15.74116849  0.27261509E+02    1.157000  0.38583599E+02
   15.75477365  0.27197371E+02    1.158000  0.38678315E+02
   15.76837881  0.27135994E+02    1.159000  0.38776101E+02
   15.78198397  0.27001681E+02    1.160000  0.38768331E+02
   15.79558912  0.26936424E+02    1.161000  0.38858349E+02
   15.80919428  0.26887522E+02    1.162000  0.38971181E+02
   15.82279944  0.26805783E+02    1.163000  0.39035527E+02
   15.83640460  0.26722506E+02    1.164000  0.39096510E+02
   15.85000976  0.26607376E+02    1.165000  0.39109536E+02
   15.86361492  0.26463640E+02    1.166000  0.39078748E+02
   15.87722008  0.26408690E+02    1.167000  0.39177716E+02
   15.89082524  0.26363501E+02    1.168000  0.39290482E+02
   15.90443039  0.26317826E+02    1.169000  0.39401903E+02
   15.91803555  0.26223899E+02    1.170000  0.39440133E+02
   15.93164071  0.26177405E+02    1.171000  0.39548742E+02
   15.94524587  0.26053857E+02    1.172000  0.39539778E+02
   15.95885103  0.25949858E+02    1.173000  0.39558931E+02
   15.97245619  0.25878802E+02    1.174000  0.39627109E+02
   15.98606135  0.25777026E+02    1.175000  0.39647068E+02
   15.99966650  0.25725905E+02    1.176000  0.39743896E+02
   16.01327166  0.25705574E+02    1.177000  0.39887803E+02
   16.02687682  0.25620626E+02    1.178000  0.39930725E+02
   16.04048198  0.25597551E+02    1.179000  0.40069343E+02
   16.05408714  0.25442987E+02    1.180000  0.40000921E+02
   16.06769230  0.25362009E+02    1.181000  0.40046583E+02
   16.08129746  0.25331241E+02    1.182000  0.40170763E+02
   16.09490261  0.25262339E+02    1.183000  0.40233792E+02
   16.10850777  0.25158161E+02    1.184000  0.40239458E+02
   16.12211293  0.25093261E+02    1.185000  0.40306793E+02
   16.13571809  0.25000706E+02    1.186000  0.40328634E+02
   16.14932325  0.24947344E+02    1.187000  0.40412702E+02
   16.16292841  0.24793980E+02    1.188000  0.40333363E+02
   16.17653357  0.24713421E+02    1.189000  0.40370866E+02
   16.19013872  0.24612618E+02    1.190000  0.40374060E+02
   16.20374388  0.24537203E+02    1.191000  0.40417700E+02
   16.21734904  0.24383431E+02    1.192000  0.40330707E+02
   16.23095420  0.24286321E+02    1.193000  0.40335721E+02
   16.24455936  0.24117590E+02    1.194000  0.40219973E+02
   16.25816452  0.24004572E+02    1.195000  0.40195214E+02
   16.27176968  0.23876279E+02    1.196000  0.40143230E+02
   16.28537483  0.23732941E+02    1.197000  0.40064099E+02
   16.29897999  0.23591678E+02    1.198000  0.39986529E+02
   16.31258515  0.23504192E+02    1.199000  0.39998549E+02
   16.32619031  0.23381606E+02    1.200000  0.39949403E+02
   16.33979547  0.23268606E+02    1.201000  0.39915031E+02
   16.35340063  0.23134553E+02    1.202000  0.39842858E+02
   16.36700579  0.23055166E+02    1.203000  0.39863376E+02
   16.39421610  0.22832691E+02    1.205000  0.39790155E+02
   16.40782126  0.22751902E+02    1.206000  0.39804537E+02
   16.42142642  0.22662851E+02    1.207000  0.39803307E+02
   16.43503158  0.22593834E+02    1.208000  0.39836185E+02
   16.44863674  0.22511897E+02    1.209000  0.39845254E+02
   16.46224190  0.22451393E+02    1.210000  0.39891287E+02
   16.47584705  0.22381670E+02    1.211000  0.39920052E+02
   16.48945221  0.22248570E+02    1.212000  0.39834393E+02
   16.50305737  0.22164379E+02    1.213000  0.39834821E+02
   16.51666253  0.22179926E+02    1.214000  0.40014035E+02
   16.53026769  0.22138846E+02    1.215000  0.40090915E+02
   16.54387285  0.22030278E+02    1.216000  0.40044561E+02
   16.55747801  0.21930988E+02    1.217000  0.40013655E+02
   16.57108316  0.21892667E+02    1.218000  0.40093049E+02
   16.58468832  0.21828024E+02    1.219000  0.40123537E+02
   16.59829348  0.21859060E+02    1.220000  0.40329669E+02
   16.61189864  0.21832031E+02    1.221000  0.40428700E+02
   16.62550380  0.21784845E+02    1.222000  0.40489897E+02
   16.63910896  0.21742248E+02    1.223000  0.40559012E+02
   16.65271412  0.21764339E+02    1.224000  0.40748659E+02
   16.67992443  0.21713168E+02    1.226000  0.40949029E+02
   16.69352959  0.21699488E+02    1.227000  0.41071224E+02
   16.70713475  0.21669170E+02    1.228000  0.41161629E+02
   16.72073991  0.21641742E+02    1.229000  0.41257128E+02
   16.73434507  0.21623380E+02    1.230000  0.41369600E+02
   16.74795023  0.21655965E+02    1.231000  0.41579639E+02
   16.76155538  0.21638480E+02    1.232000  0.41693646E+02
   16.77516054  0.21572037E+02    1.233000  0.41712748E+02
   16.78876570  0.21544675E+02    1.234000  0.41806778E+02
   16.80237086  0.21545897E+02    1.235000  0.41956097E+02
   16.81597602  0.21476257E+02    1.236000  0.41966959E+02
   16.82958118  0.21460156E+02    1.237000  0.42081858E+02
   16.84318634  0.21353403E+02    1.238000  0.42018157E+02
   16.85679150  0.21289456E+02    1.239000  0.42037524E+02
   16.87039665  0.21309508E+02    1.240000  0.42222454E+02
   16.88400181  0.21320037E+02    1.241000  0.42388723E+02
   16.89760697  0.21287881E+02    1.242000  0.42469977E+02
   16.91121213  0.21240361E+02    1.243000  0.42520036E+02
   16.92481729  0.21212602E+02    1.244000  0.42609142E+02
   16.93842245  0.21200890E+02    1.245000  0.42730211E+02
   16.95202761  0.21164500E+02    1.246000  0.42801213E+02
   16.96563276  0.21080182E+02    1.247000  0.42774465E+02
   16.97923792  0.21063471E+02    1.248000  0.42884214E+02
   16.99284308  0.21027114E+02    1.249000  0.42953603E+02
   17.00644824  0.21006409E+02    1.250000  0.43054574E+02
   17.02005340  0.20963779E+02    1.251000  0.43110177E+02
   17.03365856  0.20915497E+02    1.252000  0.43153537E+02
   17.04726372  0.20861851E+02    1.253000  0.43185135E+02
   17.06086887  0.20869990E+02    1.254000  0.43344321E+02
   17.07447403  0.20865878E+02    1.255000  0.43478089E+02
   17.08807919  0.20773351E+02    1.256000  0.43426970E+02
   17.10168435  0.20752123E+02    1.257000  0.43524126E+02
   17.11528951  0.20710644E+02    1.258000  0.43578381E+02
   17.12889467  0.20735990E+02    1.259000  0.43773138E+02
   17.14249983  0.20760544E+02    1.260000  0.43966560E+02
   17.15610498  0.20724426E+02    1.261000  0.44031416E+02
   17.16971014  0.20761922E+02    1.262000  0.44252679E+02
   17.18331530  0.20730905E+02    1.263000  0.44327958E+02
   17.19692046  0.20728812E+02    1.264000  0.44464858E+02
   17.21052562  0.20711749E+02    1.265000  0.44569514E+02
   17.22413078  0.20689602E+02    1.266000  0.44662964E+02
   17.23773594  0.20690300E+02    1.267000  0.44805582E+02
   17.25134109  0.20681305E+02    1.268000  0.44927153E+02
   17.26494625  0.20667316E+02    1.269000  0.45037720E+02
   17.27855141  0.20640997E+02    1.270000  0.45121142E+02
   17.29215657  0.20576048E+02    1.271000  0.45119496E+02
   17.30576173  0.20590146E+02    1.272000  0.45290840E+02
   17.31936689  0.20583206E+02    1.273000  0.45415954E+02
   17.33297205  0.20574603E+02    1.274000  0.45537296E+02
   17.34657720  0.20520026E+02    1.275000  0.45556453E+02
   17.36018236  0.20455441E+02    1.276000  0.45552577E+02
   17.37378752  0.20457917E+02    1.277000  0.45697618E+02
   17.38739268  0.20417952E+02    1.278000  0.45747602E+02
   17.40099784  0.20404898E+02    1.279000  0.45857519E+02
   17.41460300  0.20354100E+02    1.280000  0.45882174E+02
   17.42820816  0.20331240E+02    1.281000  0.45969308E+02
   17.44181331  0.20287366E+02    1.282000  0.46008472E+02
   17.45541847  0.20272975E+02    1.283000  0.46114100E+02
   17.46902363  0.20213359E+02    1.284000  0.46116352E+02
   17.48262879  0.20192629E+02    1.285000  0.46206775E+02
   17.49623395  0.20163155E+02    1.286000  0.46276848E+02
   17.50983911  0.20156227E+02    1.287000  0.46398415E+02
   17.52344427  0.20138656E+02    1.288000  0.46495319E+02
   17.53704942  0.20126955E+02    1.289000  0.46605573E+02
   17.55065458  0.20067407E+02    1.290000  0.46604549E+02
   17.56425974  0.20028654E+02    1.291000  0.46651147E+02
   17.57786490  0.20001200E+02    1.292000  0.46723613E+02
   17.59147006  0.19945374E+02    1.293000  0.46729234E+02
   17.60507522  0.19898470E+02    1.294000  0.46755054E+02
   17.61868038  0.19872737E+02    1.295000  0.46830127E+02
   17.63228553  0.19816943E+02    1.296000  0.46833804E+02
   17.64589069  0.19784339E+02    1.297000  0.46891683E+02
   17.65949585  0.19764172E+02    1.298000  0.46978680E+02
   17.67310101  0.19691408E+02    1.299000  0.46940022E+02
   17.68670617  0.19644972E+02    1.300000  0.46963310E+02
   17.70031133  0.19605716E+02    1.301000  0.47003180E+02
   17.71391649  0.19589674E+02    1.302000  0.47098327E+02
   17.72752164  0.19549251E+02    1.303000  0.47134469E+02
   17.74112680  0.19489230E+02    1.304000  0.47122674E+02
   17.75473196  0.19453193E+02    1.305000  0.47168216E+02
   17.76833712  0.19412366E+02    1.306000  0.47201619E+02
   17.78194228  0.19392773E+02    1.307000  0.47286242E+02
   17.79554744  0.19347016E+02    1.308000  0.47306621E+02
   17.80915260  0.19315761E+02    1.309000  0.47361934E+02
   17.82275776  0.19290418E+02    1.310000  0.47431358E+02
   17.83636291  0.19237281E+02    1.311000  0.47431905E+02
   17.84996807  0.19204387E+02    1.312000  0.47481779E+02
   17.86357323  0.19182186E+02    1.313000  0.47557715E+02
   17.87717839  0.19149870E+02    1.314000  0.47608201E+02
   17.89078355  0.19135955E+02    1.315000  0.47704118E+02
   17.90438871  0.19141256E+02    1.316000  0.47847879E+02
   17.91799387  0.19127191E+02    1.317000  0.47943173E+02
   17.93159902  0.19110674E+02    1.318000  0.48032111E+02
   17.94520418  0.19113432E+02    1.319000  0.48169401E+02
   17.95880934  0.19035973E+02    1.320000  0.48104017E+02
   17.97241450  0.18990243E+02    1.321000  0.48117976E+02
   17.98601966  0.18951027E+02    1.322000  0.48147859E+02
   17.99962482  0.18947219E+02    1.323000  0.48267406E+02
   18.01322998  0.18940025E+02    1.324000  0.48378256E+02
   18.02683513  0.18926792E+02    1.325000  0.48473540E+02
   18.04044029  0.18928646E+02    1.326000  0.48607384E+02
   18.05404545  0.18931814E+02    1.327000  0.48744639E+02
   18.06765061  0.18938065E+02    1.328000  0.48889895E+02
   18.08125577  0.18942885E+02    1.329000  0.49031532E+02
   18.09486093  0.18931199E+02    1.330000  0.49130397E+02
   18.10846609  0.18915444E+02    1.331000  0.49218517E+02
   18.12207124  0.18895629E+02    1.332000  0.49295829E+02
   18.13567640  0.18886652E+02    1.333000  0.49401222E+02
   18.14928156  0.18906775E+02    1.334000  0.49582805E+02
   18.16288672  0.18894899E+02    1.335000  0.49680527E+02
   18.17649188  0.18867796E+02    1.336000  0.49737946E+02
   18.19009704  0.18873191E+02    1.337000  0.49880886E+02
   18.20370220  0.18883855E+02    1.338000  0.50037862E+02
   18.21730735  0.18887646E+02    1.339000  0.50176726E+02
   18.23091251  0.18889475E+02    1.340000  0.50310414E+02
   18.24451767  0.18897478E+02    1.341000  0.50460614E+02
   18.25812283  0.18886659E+02    1.342000  0.50560536E+02
   18.27172799  0.18898029E+02    1.343000  0.50719862E+02
   18.28533315  0.18916364E+02    1.344000  0.50898085E+02
   18.29893831  0.18893685E+02    1.345000  0.50965921E+02
   18.31254346  0.18860763E+02    1.346000  0.51005748E+02
   18.32614862  0.19016568E+02    1.347000  0.51556792E+02
   18.33975378  0.18868957E+02    1.348000  0.51285287E+02
   18.35335894  0.18836869E+02    1.349000  0.51326543E+02
   18.36696410  0.18794388E+02    1.350000  0.51338974E+02
   18.38056926  0.18779236E+02    1.351000  0.51425662E+02
   18.39417442  0.18728536E+02    1.352000  0.51414555E+02
   18.40777957  0.18724357E+02    1.353000  0.51530787E+02
   18.42138473  0.18703971E+02    1.354000  0.51602248E+02
   18.43498989  0.18682568E+02    1.355000  0.51670618E+02
   18.44859505  0.18640590E+02    1.356000  0.51681652E+02
   18.46220021  0.18626659E+02    1.357000  0.51770065E+02
   18.47580537  0.18602528E+02    1.358000  0.51829869E+02
   18.48941053  0.18594674E+02    1.359000  0.51934806E+02
   18.50301568  0.18625227E+02    1.360000  0.52147167E+02
   18.51662084  0.18608851E+02    1.361000  0.52228235E+02
   18.53022600  0.18584536E+02    1.362000  0.52286741E+02
   18.54383116  0.18564309E+02    1.363000  0.52356445E+02
   18.55743632  0.18547131E+02    1.364000  0.52434494E+02
   18.57104148  0.18524407E+02    1.365000  0.52496592E+02
   18.58464664  0.18500972E+02    1.366000  0.52556359E+02
   18.59825179  0.18470757E+02    1.367000  0.52596501E+02
   18.61185695  0.18435450E+02    1.368000  0.52621695E+02
   18.62546211  0.18422768E+02    1.369000  0.52711141E+02
   18.63906727  0.18393045E+02    1.370000  0.52751544E+02
   18.65267243  0.18362565E+02    1.371000  0.52789361E+02
   18.66627759  0.18363610E+02    1.372000  0.52917609E+02
   18.67988275  0.18360054E+02    1.373000  0.53032583E+02
   18.69348790  0.18345290E+02    1.374000  0.53115055E+02
   18.70709306  0.34698077E+02    1.375000  0.10069787E+03
   18.72069822  0.18338458E+02    1.376000  0.53345417E+02
   18.73430338  0.18316473E+02    1.377000  0.53406386E+02
   18.74790854  0.18314767E+02    1.378000  0.53526324E+02
   18.76151370  0.18304485E+02    1.379000  0.53621114E+02
   18.77511886  0.18290316E+02    1.380000  0.53704349E+02
   18.78872402  0.18261536E+02    1.381000  0.53744394E+02
   18.80232917  0.18265931E+02    1.382000  0.53881905E+02
   18.81593433  0.19432542E+02    1.383000  0.57455775E+02
   18.82953949  0.18229034E+02    1.384000  0.54021714E+02
   18.84314465  0.18233603E+02    1.385000  0.54159612E+02
   18.85674981  0.18212446E+02    1.386000  0.54220980E+02
   18.87035497  0.18219436E+02    1.387000  0.54366053E+02
   18.88396013  0.18195220E+02    1.388000  0.54417888E+02
   18.89756528  0.18167182E+02    1.389000  0.54457934E+02
   18.91117044  0.18177667E+02    1.390000  0.54613340E+02
   18.92477560  0.18174573E+02    1.391000  0.54727998E+02
   18.93838076  0.18174383E+02    1.392000  0.54851379E+02
   18.95198592  0.18153874E+02    1.393000  0.54913294E+02
   18.96559108  0.18965222E+02    1.394000  0.57496873E+02
   18.97919624  0.18104162E+02    1.395000  0.55009870E+02
   18.99280139  0.18084384E+02    1.396000  0.55073114E+02
   19.00640655  0.18072167E+02    1.397000  0.55159165E+02
   19.02001171  0.18060184E+02    1.398000  0.55245765E+02
   19.03361687  0.21083609E+02    1.399000  0.64638158E+02
   19.04722203  0.18008740E+02    1.400000  0.55334045E+02
   19.06082719  0.17990281E+02    1.401000  0.55400023E+02
   19.07443235  0.17981617E+02    1.402000  0.55495981E+02
   19.08803750  0.17948278E+02    1.403000  0.55515499E+02
   19.10164266  0.17919602E+02    1.404000  0.55549017E+02
   19.11524782  0.17914476E+02    1.405000  0.55655308E+02
   19.12885298  0.17883603E+02    1.406000  0.55681364E+02
   19.14245814  0.17860297E+02    1.407000  0.55730611E+02
   19.15606330  0.17834891E+02    1.408000  0.55772971E+02
   19.16966846  0.17820350E+02    1.409000  0.55849037E+02
   19.18327361  0.17798511E+02    1.410000  0.55901983E+02
   19.19687877  0.17774592E+02    1.411000  0.55948085E+02
   19.21048393  0.17759429E+02    1.412000  0.56021480E+02
   19.22408909  0.17737436E+02    1.413000  0.56073076E+02
   19.23769425  0.17718170E+02    1.414000  0.56133012E+02
   19.25129941  0.17703006E+02    1.415000  0.56205707E+02
   19.26490457  0.17697508E+02    1.416000  0.56308952E+02
   19.27850972  0.17685687E+02    1.417000  0.56391963E+02
   19.29211488  0.17664472E+02    1.418000  0.56444792E+02
   19.30572004  0.17624047E+02    1.419000  0.56435816E+02
   19.31932520  0.17620021E+02    1.420000  0.56543097E+02
   19.33293036  0.17597813E+02    1.421000  0.56591851E+02
   19.34653552  0.17570583E+02    1.422000  0.56624120E+02
   19.36014068  0.17579905E+02    1.423000  0.56774058E+02
   19.37374583  0.17561044E+02    1.424000  0.56832919E+02
   19.38735099  0.17552450E+02    1.425000  0.56924815E+02
   19.40095615  0.17540123E+02    1.426000  0.57004466E+02
   19.41456131  0.18725618E+02    1.427000  0.60984973E+02
   19.42816647  0.17507674E+02    1.428000  0.57137819E+02
   19.44177163  0.17483423E+02    1.429000  0.57177915E+02
   19.45537679  0.17471563E+02    1.430000  0.57258286E+02
   19.46898194  0.17439461E+02    1.431000  0.57272020E+02
   19.48258710  0.17424198E+02    1.432000  0.57340732E+02
   19.49619226  0.17422164E+02    1.433000  0.57452861E+02
   19.50979742  0.17768766E+02    1.434000  0.58717033E+02
   19.52340258  0.18792699E+02    1.435000  0.62228799E+02
   19.53700774  0.17389537E+02    1.436000  0.57701070E+02
   19.55061290  0.17383990E+02    1.437000  0.57801225E+02
   19.56421805  0.17384552E+02    1.438000  0.57921659E+02
   19.57782321  0.17358119E+02    1.439000  0.57951976E+02
   19.59142837  0.17342353E+02    1.440000  0.58017618E+02
   19.99958313  0.17412599E+02    1.470000  0.61815342E+02
   24.99947891  0.13160881E+02    1.837500  0.79708310E+02
   29.99937469  0.10228590E+02    2.205000  0.87586180E+02
   34.99927048  0.80912095E+01    2.572500  0.89564032E+02
   39.99916626  0.65553347E+01    2.940000  0.88993405E+02
   44.99906204  0.53323100E+01    3.307500  0.85754979E+02
   49.99895782  0.43863353E+01    3.675000  0.81535684E+02
   54.99885361  0.36606850E+01    4.042500  0.77222107E+02
   59.99874939  0.30947284E+01    4.410000  0.73039953E+02
   64.99864517  0.26473436E+01    4.777500  0.69116400E+02
   69.99854095  0.22888528E+01    5.145000  0.65493814E+02
   74.99843674  0.19981152E+01    5.512500  0.62182695E+02
   79.99833252  0.17597600E+01    5.880000  0.59175620E+02
   84.99822830  0.15624614E+01    6.247500  0.56457229E+02
   89.99812408  0.13971578E+01    6.615000  0.53986094E+02
   94.99801987  0.12577611E+01    6.982500  0.51752295E+02
   99.99791565  0.11391698E+01    7.350000  0.49727934E+02
  104.99781143  0.10373599E+01    7.717500  0.47883709E+02
  109.99770721  0.94939878E+00    8.085000  0.46203088E+02
  114.99760300  0.87287342E+00    8.452500  0.44666722E+02
  119.99749878  0.80587963E+00    8.820000  0.43258387E+02
  124.99739456  0.74675306E+00    9.187500  0.41956241E+02
  129.99729034  0.69439952E+00    9.555000  0.40755221E+02
  134.99718613  0.64776377E+00    9.922500  0.39641677E+02
