       eV          sigma            Ry          om               in 10^-16                                                                       
   10.77356891  0.00000000E+00    0.791874  0.00000000E+00
   10.77528560  0.23077737E+01    0.792000  0.81844287E+00
   10.78889076  0.12206012E+02    0.793000  0.44953089E+01
   10.80249592  0.20496846E+02    0.794000  0.78282958E+01
   10.81610108  0.26322865E+02    0.795000  0.10412463E+02
   10.82970624  0.28241545E+02    0.796000  0.11556656E+02
   10.84331140  0.28781937E+02    0.797000  0.12170385E+02
   10.85691656  0.28647574E+02    0.798000  0.12504334E+02
   10.87052171  0.28186152E+02    0.799000  0.12687399E+02
   10.88412687  0.27570057E+02    0.800000  0.12786143E+02
   10.89773203  0.26891498E+02    0.801000  0.12838259E+02
   10.91133719  0.26201732E+02    0.802000  0.12866360E+02
   10.92494235  0.25532784E+02    0.803000  0.12886150E+02
   10.93854751  0.24912552E+02    0.804000  0.12912942E+02
   10.95215267  0.24229397E+02    0.805000  0.12889340E+02
   10.96575782  0.23475610E+02    0.806000  0.12808564E+02
   10.97936298  0.22826832E+02    0.807000  0.12765950E+02
   10.99296814  0.22231474E+02    0.808000  0.12736241E+02
   11.00657330  0.21663990E+02    0.809000  0.12706639E+02
   11.02017846  0.21119610E+02    0.810000  0.12675422E+02
   11.03378362  0.20597346E+02    0.811000  0.12642929E+02
   11.04738878  0.20097373E+02    0.812000  0.12610175E+02
   11.06099394  0.19620209E+02    0.813000  0.12578404E+02
   11.07459909  0.19166323E+02    0.814000  0.12548856E+02
   11.08820425  0.18735925E+02    0.815000  0.12522625E+02
   11.10180941  0.18329161E+02    0.816000  0.12500771E+02
   11.11541457  0.17945821E+02    0.817000  0.12484115E+02
   11.12901973  0.17585606E+02    0.818000  0.12473404E+02
   11.14262489  0.17248105E+02    0.819000  0.12469287E+02
   11.15623005  0.16932701E+02    0.820000  0.12472238E+02
   11.16983520  0.16638729E+02    0.821000  0.12482664E+02
   11.18344036  0.16365441E+02    0.822000  0.12500870E+02
   11.19704552  0.16111982E+02    0.823000  0.12527037E+02
   11.21065068  0.15877457E+02    0.824000  0.12561269E+02
   11.22425584  0.15660961E+02    0.825000  0.12603612E+02
   11.23786100  0.15461554E+02    0.826000  0.12654035E+02
   11.25146616  0.15278285E+02    0.827000  0.12712446E+02
   11.26507131  0.15110198E+02    0.828000  0.12778697E+02
   11.27867647  0.14956372E+02    0.829000  0.12852617E+02
   11.29228163  0.14815916E+02    0.830000  0.12934012E+02
   11.30588679  0.14687962E+02    0.831000  0.13022660E+02
   11.31949195  0.14571658E+02    0.832000  0.13118306E+02
   11.33309711  0.14466264E+02    0.833000  0.13220749E+02
   11.34670227  0.14370993E+02    0.834000  0.13329707E+02
   11.36030742  0.14285128E+02    0.835000  0.13444918E+02
   11.37391258  0.14208049E+02    0.836000  0.13566176E+02
   11.38751774  0.14139093E+02    0.837000  0.13693198E+02
   11.40112290  0.14077661E+02    0.838000  0.13825728E+02
   11.41472806  0.14023184E+02    0.839000  0.13963508E+02
   11.42833322  0.13975139E+02    0.840000  0.14106293E+02
   11.44193838  0.13933002E+02    0.841000  0.14253812E+02
   11.45554353  0.13896315E+02    0.842000  0.14405832E+02
   11.46914869  0.13864588E+02    0.843000  0.14562060E+02
   11.48275385  0.13837399E+02    0.844000  0.14722251E+02
   11.49635901  0.13814427E+02    0.845000  0.14886244E+02
   11.50996417  0.13795311E+02    0.846000  0.15053818E+02
   11.52356933  0.13779814E+02    0.847000  0.15224870E+02
   11.53717449  0.13767748E+02    0.848000  0.15399336E+02
   11.55077964  0.13759079E+02    0.849000  0.15577319E+02
   11.56438480  0.13753889E+02    0.850000  0.15759051E+02
   11.57798996  0.13752909E+02    0.851000  0.15945523E+02
   11.59159512  0.13755024E+02    0.852000  0.16135599E+02
   11.60520028  0.13762089E+02    0.853000  0.16331608E+02
   11.61880544  0.13669575E+02    0.854000  0.16408278E+02
   11.63241060  0.13619156E+02    0.855000  0.16533529E+02
   11.64601575  0.13563040E+02    0.856000  0.16650409E+02
   11.65962091  0.13343650E+02    0.857000  0.16563092E+02
   11.67322607  0.13096024E+02    0.858000  0.16434356E+02
   11.68683123  0.12803116E+02    0.859000  0.16241422E+02
   11.70043639  0.12481539E+02    0.860000  0.16003738E+02
   11.71404155  0.12139662E+02    0.861000  0.15730975E+02
   11.72764671  0.11791091E+02    0.862000  0.15440120E+02
   11.74125186  0.11445759E+02    0.863000  0.15144042E+02
   11.75485702  0.11118682E+02    0.864000  0.14862945E+02
   11.76846218  0.10836394E+02    0.865000  0.14633408E+02
   11.78206734  0.10727400E+02    0.866000  0.14632549E+02
   11.79567250  0.10973039E+02    0.867000  0.15117286E+02
   11.80927766  0.10780922E+02    0.868000  0.14999667E+02
   11.82288282  0.10637754E+02    0.869000  0.14945578E+02
   11.83648797  0.10471683E+02    0.870000  0.14855094E+02
   11.85009313  0.10363547E+02    0.871000  0.14843055E+02
   11.86369829  0.10396658E+02    0.872000  0.15032292E+02
   11.87730345  0.10599401E+02    0.873000  0.15470013E+02
   11.89090861  0.10040955E+02    0.874000  0.14791915E+02
   11.90451377  0.94678108E+01    0.875000  0.14076727E+02
   11.91811893  0.89643917E+01    0.876000  0.13450522E+02
   11.93172408  0.85562170E+01    0.877000  0.12954791E+02
   11.94532924  0.82237724E+01    0.878000  0.12563619E+02
   11.95893440  0.79424465E+01    0.879000  0.12242170E+02
   11.97253956  0.76610067E+01    0.880000  0.11912869E+02
   11.98614472  0.74276027E+01    0.881000  0.11651241E+02
   11.99974988  0.72226736E+01    0.882000  0.11428301E+02
   12.01335504  0.71518298E+01    0.883000  0.11413760E+02
   12.02696020  0.79304747E+01    0.884000  0.12764591E+02
   12.04056535  0.67252962E+01    0.885000  0.10916517E+02
   12.05417051  0.62910995E+01    0.886000  0.10297541E+02
   12.06777567  0.61952385E+01    0.887000  0.10225137E+02
   12.08138083  0.60230490E+01    0.888000  0.10023098E+02
   12.09498599  0.59158054E+01    0.889000  0.99253252E+01
   12.10859115  0.58611904E+01    0.890000  0.99136430E+01
   12.12219631  0.59159098E+01    0.891000  0.10086891E+02
   12.13580146  0.64231695E+01    0.892000  0.11039406E+02
   12.14940662  0.59365031E+01    0.893000  0.10283956E+02
   12.16301178  0.57766516E+01    0.894000  0.10085837E+02
   12.17661694  0.57257813E+01    0.895000  0.10075121E+02
   12.19022210  0.56659081E+01    0.896000  0.10047053E+02
   12.20382726  0.56238819E+01    0.897000  0.10049242E+02
   12.21743242  0.55860302E+01    0.898000  0.10057801E+02
   12.23103757  0.55526630E+01    0.899000  0.10073463E+02
   12.24464273  0.55347265E+01    0.900000  0.10116419E+02
   12.25824789  0.54853340E+01    0.901000  0.10100961E+02
   12.27185305  0.54274311E+01    0.902000  0.10068368E+02
   12.28545821  0.53608204E+01    0.903000  0.10017923E+02
   12.29906337  0.52831965E+01    0.904000  0.99449297E+01
   12.31266853  0.51806372E+01    0.905000  0.98225411E+01
   12.32627368  0.50256404E+01    0.906000  0.95972174E+01
   12.33987884  0.47087323E+01    0.907000  0.90562626E+01
   12.35348400  0.43276145E+01    0.908000  0.83822924E+01
   12.36708916  0.43631576E+01    0.909000  0.85106522E+01
   12.38069432  0.44676754E+01    0.910000  0.87754625E+01
   12.39429948  0.41467558E+01    0.911000  0.82016717E+01
   12.40790464  0.41467350E+01    0.912000  0.82581937E+01
   12.42150979  0.41530111E+01    0.913000  0.83273412E+01
   12.43511495  0.41319556E+01    0.914000  0.83414835E+01
   12.44872011  0.41004560E+01    0.915000  0.83338248E+01
   12.46232527  0.40597410E+01    0.916000  0.83064514E+01
   12.47593043  0.40159071E+01    0.917000  0.82715435E+01
   12.48953559  0.39709582E+01    0.918000  0.82331279E+01
   12.50314075  0.39255736E+01    0.919000  0.81925768E+01
   12.51674590  0.38802378E+01    0.920000  0.81508901E+01
   12.53035106  0.38351673E+01    0.921000  0.81085274E+01
   12.54395622  0.37904195E+01    0.922000  0.80656218E+01
   12.55756138  0.37457883E+01    0.923000  0.80217452E+01
   12.57116654  0.37014111E+01    0.924000  0.79771986E+01
   12.58477170  0.36568878E+01    0.925000  0.79311243E+01
   12.59837686  0.36118340E+01    0.926000  0.78826777E+01
   12.61198201  0.35653273E+01    0.927000  0.78298112E+01
   12.62558717  0.35164222E+01    0.928000  0.77703761E+01
   12.63919233  0.34626485E+01    0.929000  0.76987820E+01
   12.65279749  0.34002937E+01    0.930000  0.76065251E+01
   12.66640265  0.33247372E+01    0.931000  0.74828543E+01
   12.68000781  0.33019349E+01    0.932000  0.74765737E+01
   12.69361297  0.34427988E+01    0.933000  0.78424932E+01
   12.70721812  0.34068240E+01    0.934000  0.78070152E+01
   12.72082328  0.33371225E+01    0.935000  0.76928080E+01
   12.73442844  0.32675324E+01    0.936000  0.75769578E+01
   12.74803360  0.31947523E+01    0.937000  0.74517685E+01
   12.76163876  0.31122780E+01    0.938000  0.73018496E+01
   12.77524392  0.30106713E+01    0.939000  0.71045326E+01
   12.78884908  0.28929722E+01    0.940000  0.68662495E+01
   12.80245423  0.27857743E+01    0.941000  0.66498224E+01
   12.81605939  0.25742103E+01    0.942000  0.61799187E+01
   12.82966455  0.23165406E+01    0.943000  0.55929284E+01
   12.84326971  0.20213319E+01    0.944000  0.49077645E+01
   12.85687487  0.17485848E+01    0.945000  0.42693899E+01
   12.87048003  0.15590156E+01    0.946000  0.38277984E+01
   12.88408519  0.16413095E+01    0.947000  0.40522400E+01
   12.89769034  0.19861040E+01    0.948000  0.49305965E+01
   12.91129550  0.22774435E+01    0.949000  0.56849259E+01
   12.92490066  0.24147206E+01    0.950000  0.60605329E+01
   12.93850582  0.25970044E+01    0.951000  0.65534580E+01
   12.95211098  0.25732594E+01    0.952000  0.65286386E+01
   12.96571614  0.27483560E+01    0.953000  0.70103664E+01
   12.97932130  0.27814550E+01    0.954000  0.71327336E+01
   12.99292646  0.27502244E+01    0.955000  0.70901604E+01
   13.00653161  0.26579236E+01    0.956000  0.68884613E+01
   13.02013677  0.24963811E+01    0.957000  0.65038481E+01
   13.03374193  0.24715049E+01    0.958000  0.64727500E+01
   13.04734709  0.24806502E+01    0.959000  0.65305382E+01
   13.06095225  0.23403389E+01    0.960000  0.61930791E+01
   13.07455741  0.22600547E+01    0.961000  0.60114564E+01
   13.08816257  0.21655075E+01    0.962000  0.57895114E+01
   13.10176772  0.21156237E+01    0.963000  0.56850044E+01
   13.11537288  0.20763135E+01    0.964000  0.56076936E+01
   13.12897804  0.20422097E+01    0.965000  0.55434428E+01
   13.14258320  0.20137691E+01    0.966000  0.54937113E+01
   13.15618836  0.19907367E+01    0.967000  0.54580315E+01
   13.16979352  0.19596940E+01    0.968000  0.53996525E+01
   13.18339868  0.19311985E+01    0.969000  0.53474795E+01
   13.19700383  0.19041034E+01    0.970000  0.52984259E+01
   13.21060899  0.18763562E+01    0.971000  0.52468098E+01
   13.22421415  0.18312889E+01    0.972000  0.51457688E+01
   13.23781931  0.17988448E+01    0.973000  0.50791404E+01
   13.25142447  0.17908298E+01    0.974000  0.50809372E+01
   13.26502963  0.17546817E+01    0.975000  0.50023126E+01
   13.27863479  0.17029760E+01    0.976000  0.48781372E+01
   13.30584510  0.15950234E+01    0.978000  0.46124228E+01
   13.31945026  0.15597645E+01    0.979000  0.45317385E+01
   13.33305542  0.15417270E+01    0.980000  0.45003622E+01
   13.34666058  0.15381535E+01    0.981000  0.45109118E+01
   13.36026574  0.15160198E+01    0.982000  0.44666800E+01
   13.37387090  0.15075099E+01    0.983000  0.44621700E+01
   13.38747605  0.14981131E+01    0.984000  0.44547908E+01
   13.40108121  0.14968249E+01    0.985000  0.44713776E+01
   13.41468637  0.15099339E+01    0.986000  0.45311333E+01
   13.42829153  0.15000259E+01    0.987000  0.45218614E+01
   13.44189669  0.15072352E+01    0.988000  0.45641535E+01
   13.45550185  0.15013665E+01    0.989000  0.45668613E+01
   13.46910701  0.15156346E+01    0.990000  0.46309359E+01
   13.48271216  0.15086037E+01    0.991000  0.46300313E+01
   13.49631732  0.15132344E+01    0.992000  0.46648844E+01
   13.50992248  0.15248731E+01    0.993000  0.47215632E+01
   13.52352764  0.15441314E+01    0.994000  0.48022564E+01
   13.53713280  0.15594160E+01    0.995000  0.48710626E+01
   13.55073796  0.15820491E+01    0.996000  0.49633402E+01
   13.56434312  0.15558182E+01    0.997000  0.49022684E+01
   13.57794827  0.15419850E+01    0.998000  0.48797141E+01
   13.59155343  0.15325649E+01    0.999000  0.48708086E+01
   13.60515859  0.15633366E+01    1.000000  0.49899319E+01
   13.61876375  0.15824643E+01    1.001000  0.50725700E+01
   13.63236891  0.16733469E+01    1.002000  0.53867180E+01
   13.64597407  0.16964410E+01    1.003000  0.54842012E+01
   13.65957923  0.14842131E+01    1.004000  0.48183626E+01
   13.67318438  0.12858375E+01    1.005000  0.41918938E+01
   13.70039470  0.11022179E+01    1.007000  0.36233540E+01
   13.71399986  0.11382872E+01    1.008000  0.37574524E+01
   13.75481534  0.11710213E+01    1.011000  0.39134262E+01
   13.76842049  0.11488322E+01    1.012000  0.38549432E+01
   13.78202565  0.11465787E+01    1.013000  0.38630215E+01
   13.79563081  0.12039841E+01    1.014000  0.40728530E+01
   13.80923597  0.11601781E+01    1.015000  0.39404905E+01
   13.82284113  0.11265045E+01    1.016000  0.38414857E+01
   13.83644629  0.11080409E+01    1.017000  0.37936373E+01
   13.85005145  0.10938131E+01    1.018000  0.37598450E+01
   13.86365660  0.10784615E+01    1.019000  0.37217865E+01
   13.87726176  0.10668418E+01    1.020000  0.36962391E+01
   13.89086692  0.99837105E+00    1.021000  0.34726296E+01
   13.90447208  0.91338238E+00    1.022000  0.31894728E+01
   13.91807724  0.87454446E+00    1.023000  0.30657824E+01
   13.93168240  0.89396489E+00    1.024000  0.31460562E+01
   13.94528756  0.94337704E+00    1.025000  0.33328163E+01
   13.95889272  0.96021119E+00    1.026000  0.34053866E+01
   13.97249787  0.10057322E+01    1.027000  0.35805454E+01
   13.98610303  0.10113557E+01    1.028000  0.36143609E+01
   13.99970819  0.10192000E+01    1.029000  0.36562971E+01
   14.01331335  0.97853190E+00    1.030000  0.35237512E+01
   14.02691851  0.10080255E+01    1.031000  0.36437094E+01
   14.04052367  0.10092703E+01    1.032000  0.36619755E+01
   14.05412883  0.98301214E+00    1.033000  0.35801108E+01
   14.06773398  0.10058065E+01    1.034000  0.36768470E+01
   14.08133914  0.10208828E+01    1.035000  0.37458856E+01
   14.09494430  0.10287888E+01    1.036000  0.37889278E+01
   14.10854946  0.10167671E+01    1.037000  0.37585223E+01
   14.12215462  0.10176399E+01    1.038000  0.37756293E+01
   14.13575978  0.10216071E+01    1.039000  0.38042838E+01
   14.14936494  0.10113186E+01    1.040000  0.37797660E+01
   14.16297009  0.99305695E+00    1.041000  0.37250593E+01
   14.17657525  0.10017787E+01    1.042000  0.37714403E+01
   14.19018041  0.99961161E+00    1.043000  0.37769167E+01
   14.20378557  0.10042986E+01    1.044000  0.38083249E+01
   14.21739073  0.99210292E+00    1.045000  0.37756113E+01
   14.23099589  0.98015562E+00    1.046000  0.37435136E+01
   14.24460105  0.95960633E+00    1.047000  0.36781190E+01
   14.25820620  0.95079647E+00    1.048000  0.36573205E+01
   14.27181136  0.93631560E+00    1.049000  0.36143903E+01
   14.28541652  0.90607374E+00    1.050000  0.35100091E+01
   14.29902168  0.90234549E+00    1.051000  0.35078747E+01
   14.31262684  0.92810288E+00    1.052000  0.36206664E+01
   14.32623200  0.89583431E+00    1.053000  0.35070015E+01
   14.33983716  0.87861304E+00    1.054000  0.34515685E+01
   14.35344231  0.88516538E+00    1.055000  0.34893829E+01
   14.36704747  0.86061196E+00    1.056000  0.34043307E+01
   14.38065263  0.82354980E+00    1.057000  0.32689571E+01
   14.39425779  0.77803511E+00    1.058000  0.30989061E+01
   14.40786295  0.76270605E+00    1.059000  0.30482542E+01
   14.42146811  0.76143763E+00    1.060000  0.30535711E+01
   14.43507327  0.75656374E+00    1.061000  0.30443453E+01
   14.44867842  0.76785099E+00    1.062000  0.31002380E+01
   14.46228358  0.77700470E+00    1.063000  0.31477952E+01
   14.47588874  0.78424606E+00    1.064000  0.31878288E+01
   14.48949390  0.78497096E+00    1.065000  0.32014827E+01
   14.50309906  0.78215706E+00    1.066000  0.32006752E+01
   14.51670422  0.77277152E+00    1.067000  0.31728094E+01
   14.53030938  0.77595118E+00    1.068000  0.31964486E+01
   14.54391453  0.77433376E+00    1.069000  0.32003480E+01
   14.55751969  0.76162304E+00    1.070000  0.31582030E+01
   14.57112485  0.75239488E+00    1.071000  0.31301998E+01
   14.58473001  0.75904523E+00    1.072000  0.31682210E+01
   14.59833517  0.75514500E+00    1.073000  0.31622421E+01
   14.61194033  0.76167363E+00    1.074000  0.31999709E+01
   14.62554549  0.75560761E+00    1.075000  0.31847929E+01
   14.63915064  0.74596851E+00    1.076000  0.31543406E+01
   14.65275580  0.73728663E+00    1.077000  0.31276860E+01
   14.66636096  0.73312878E+00    1.078000  0.31200479E+01
   14.67996612  0.72235320E+00    1.079000  0.30840424E+01
   14.69357128  0.70741895E+00    1.080000  0.30299310E+01
   14.70717644  0.70438930E+00    1.081000  0.30265629E+01
   14.72078160  0.69347901E+00    1.082000  0.29891438E+01
   14.73438675  0.68376763E+00    1.083000  0.29566111E+01
   14.74799191  0.67907004E+00    1.084000  0.29455615E+01
   14.76159707  0.66768542E+00    1.085000  0.29052866E+01
   14.77520223  0.66173906E+00    1.086000  0.28884387E+01
   14.78880739  0.65567801E+00    1.087000  0.28709264E+01
   14.80241255  0.66335468E+00    1.088000  0.29135876E+01
   14.81601771  0.65808740E+00    1.089000  0.28994292E+01
   14.82962286  0.66801793E+00    1.090000  0.29522936E+01
   14.84322802  0.66507497E+00    1.091000  0.29483591E+01
   14.85683318  0.65490322E+00    1.092000  0.29121996E+01
   14.87043834  0.65633962E+00    1.093000  0.29275397E+01
   14.88404350  0.65755706E+00    1.094000  0.29419393E+01
   14.89764866  0.65419904E+00    1.095000  0.29358389E+01
   14.91125382  0.66200509E+00    1.096000  0.29799000E+01
   14.92485898  0.65580243E+00    1.097000  0.29609252E+01
   14.93846413  0.64341389E+00    1.098000  0.29137678E+01
   14.95206929  0.64061351E+00    1.099000  0.29098242E+01
   14.96567445  0.64362609E+00    1.100000  0.29322874E+01
   14.97927961  0.64338591E+00    1.101000  0.29399692E+01
   14.99288477  0.64154571E+00    1.102000  0.29403113E+01
   15.00648993  0.64229571E+00    1.103000  0.29525098E+01
   15.02009509  0.64438002E+00    1.104000  0.29708806E+01
   15.03370024  0.63778971E+00    1.105000  0.29491960E+01
   15.04730540  0.63469158E+00    1.106000  0.29435274E+01
   15.06091056  0.63685222E+00    1.107000  0.29622348E+01
   15.07451572  0.63143099E+00    1.108000  0.29456316E+01
   15.08812088  0.62420380E+00    1.109000  0.29204311E+01
   15.10172604  0.62322656E+00    1.110000  0.29243600E+01
   15.11533120  0.61223570E+00    1.111000  0.28811388E+01
   15.12893635  0.60001492E+00    1.112000  0.28318131E+01
   15.14254151  0.60978301E+00    1.113000  0.28862320E+01
   15.15614667  0.60636164E+00    1.114000  0.28783089E+01
   15.16975183  0.59498014E+00    1.115000  0.28323984E+01
   15.18335699  0.58340676E+00    1.116000  0.27852613E+01
   15.19696215  0.57249378E+00    1.117000  0.27409703E+01
   15.21056731  0.56519467E+00    1.118000  0.27137333E+01
   15.22417246  0.55457903E+00    1.119000  0.26703279E+01
   15.23777762  0.54621215E+00    1.120000  0.26374915E+01
   15.25138278  0.53726316E+00    1.121000  0.26016080E+01
   15.26498794  0.52968324E+00    1.122000  0.25721286E+01
   15.27859310  0.52448677E+00    1.123000  0.25540489E+01
   15.29219826  0.52411276E+00    1.124000  0.25593767E+01
   15.30580342  0.51956459E+00    1.125000  0.25442539E+01
   15.31940857  0.51501312E+00    1.126000  0.25289908E+01
   15.33301373  0.51129385E+00    1.127000  0.25177014E+01
   15.34661889  0.50298213E+00    1.128000  0.24836339E+01
   15.36022405  0.50392682E+00    1.129000  0.24951724E+01
   15.37382921  0.50839311E+00    1.130000  0.25242217E+01
   15.38743437  0.51469372E+00    1.131000  0.25625255E+01
   15.40103953  0.51136080E+00    1.132000  0.25529069E+01
   15.41464468  0.51345864E+00    1.133000  0.25703839E+01
   15.42824984  0.51164117E+00    1.134000  0.25682646E+01
   15.44185500  0.50694032E+00    1.135000  0.25515828E+01
   15.45546016  0.50805251E+00    1.136000  0.25641108E+01
   15.46906532  0.50447967E+00    1.137000  0.25529602E+01
   15.48267048  0.50188010E+00    1.138000  0.25466507E+01
   15.50988079  0.49475459E+00    1.140000  0.25239916E+01
   15.52348595  0.49261173E+00    1.141000  0.25197792E+01
   15.53709111  0.48977999E+00    1.142000  0.25119752E+01
   15.55069627  0.48930262E+00    1.143000  0.25162012E+01
   15.56430143  0.48824104E+00    1.144000  0.25174019E+01
   15.57790659  0.48717338E+00    1.145000  0.25185422E+01
   15.59151175  0.48410646E+00    1.146000  0.25092905E+01
   15.60511690  0.48416239E+00    1.147000  0.25161846E+01
   15.61872206  0.47377151E+00    1.148000  0.24686458E+01
   15.63232722  0.47194637E+00    1.149000  0.24655732E+01
   15.64593238  0.46907001E+00    1.150000  0.24569446E+01
   15.65953754  0.46435416E+00    1.151000  0.24385774E+01
   15.67314270  0.46519244E+00    1.152000  0.24493251E+01
   15.68674786  0.45858954E+00    1.153000  0.24208149E+01
   15.70035301  0.45657782E+00    1.154000  0.24164233E+01
   15.71395817  0.45793835E+00    1.155000  0.24298703E+01
   15.72756333  0.46050552E+00    1.156000  0.24497735E+01
   15.74116849  0.46474270E+00    1.157000  0.24786535E+01
   15.75477365  0.44720654E+00    1.158000  0.23912264E+01
   15.76837881  0.44289511E+00    1.159000  0.23742143E+01
   15.78198397  0.43832279E+00    1.160000  0.23556825E+01
   15.79558912  0.43539639E+00    1.161000  0.23458941E+01
   15.80919428  0.42929782E+00    1.162000  0.23188911E+01
   15.82279944  0.42374173E+00    1.163000  0.22946594E+01
   15.83640460  0.42042778E+00    1.164000  0.22824484E+01
   15.85000976  0.41511546E+00    1.165000  0.22592708E+01
   15.86361492  0.41247742E+00    1.166000  0.22505396E+01
   15.87722008  0.41009818E+00    1.167000  0.22431520E+01
   15.89082524  0.40811397E+00    1.168000  0.22378656E+01
   15.90443039  0.41023665E+00    1.169000  0.22551010E+01
   15.91803555  0.40530972E+00    1.170000  0.22335459E+01
   15.93164071  0.40265798E+00    1.171000  0.22244253E+01
   15.94524587  0.39731314E+00    1.172000  0.22003180E+01
   15.95885103  0.39786085E+00    1.173000  0.22087782E+01
   15.97245619  0.40082638E+00    1.174000  0.22307092E+01
   15.98606135  0.39512602E+00    1.175000  0.22043748E+01
   15.99966650  0.39524411E+00    1.176000  0.22104249E+01
   16.01327166  0.39408995E+00    1.177000  0.22093457E+01
   16.02687682  0.39245269E+00    1.178000  0.22055201E+01
   16.04048198  0.39168497E+00    1.179000  0.22065484E+01
   16.05408714  0.39008996E+00    1.180000  0.22028839E+01
   16.06769230  0.38873071E+00    1.181000  0.22005105E+01
   16.08129746  0.38555542E+00    1.182000  0.21877951E+01
   16.09490261  0.38459781E+00    1.183000  0.21876073E+01
   16.10850777  0.38433410E+00    1.184000  0.21913498E+01
   16.12211293  0.38708944E+00    1.185000  0.22123399E+01
   16.13571809  0.39023772E+00    1.186000  0.22356563E+01
   16.14932325  0.39061709E+00    1.187000  0.22431579E+01
   16.16292841  0.39414553E+00    1.188000  0.22687966E+01
   16.17653357  0.39231870E+00    1.189000  0.22636323E+01
   16.19013872  0.39144296E+00    1.190000  0.22639188E+01
   16.20374388  0.38997076E+00    1.191000  0.22607237E+01
   16.21734904  0.38826469E+00    1.192000  0.22561294E+01
   16.23095420  0.39116487E+00    1.193000  0.22783174E+01
   16.24455936  0.39045785E+00    1.194000  0.22795254E+01
   16.25816452  0.38360450E+00    1.195000  0.22447475E+01
   16.27176968  0.38229356E+00    1.196000  0.22422909E+01
   16.28537483  0.37734134E+00    1.197000  0.22183914E+01
   16.29897999  0.37743399E+00    1.198000  0.22240844E+01
   16.31258515  0.37353120E+00    1.199000  0.22061818E+01
   16.32619031  0.37066385E+00    1.200000  0.21943024E+01
   16.33979547  0.36887216E+00    1.201000  0.21887273E+01
   16.35340063  0.36741446E+00    1.202000  0.21850896E+01
   16.36700579  0.35957437E+00    1.203000  0.21433677E+01
   16.39421610  0.35399696E+00    1.205000  0.21197789E+01
   16.40782126  0.35189458E+00    1.206000  0.21119896E+01
   16.42142642  0.35015272E+00    1.207000  0.21063116E+01
   16.43503158  0.34787254E+00    1.208000  0.20973405E+01
   16.44863674  0.34755589E+00    1.209000  0.21001722E+01
   16.46224190  0.34473821E+00    1.210000  0.20878482E+01
   16.47584705  0.34249037E+00    1.211000  0.20789062E+01
   16.48945221  0.33810356E+00    1.212000  0.20568903E+01
   16.50305737  0.33570078E+00    1.213000  0.20468518E+01
   16.51666253  0.33075825E+00    1.214000  0.20212276E+01
   16.53026769  0.32648196E+00    1.215000  0.19995490E+01
   16.54387285  0.32794998E+00    1.216000  0.20130133E+01
   16.55747801  0.32632006E+00    1.217000  0.20074597E+01
   16.57108316  0.33260830E+00    1.218000  0.20506807E+01
   16.58468832  0.33193121E+00    1.219000  0.20510338E+01
   16.59829348  0.32835475E+00    1.220000  0.20334134E+01
   16.61189864  0.33162304E+00    1.221000  0.20581765E+01
   16.62550380  0.33154687E+00    1.222000  0.20622262E+01
   16.63910896  0.33197138E+00    1.223000  0.20693949E+01
   16.65271412  0.33704938E+00    1.224000  0.21056469E+01
   16.67992443  0.32879133E+00    1.226000  0.20630261E+01
   16.69352959  0.32708963E+00    1.227000  0.20568103E+01
   16.70713475  0.32706703E+00    1.228000  0.20611295E+01
   16.72073991  0.32090745E+00    1.229000  0.20266900E+01
   16.73434507  0.31726281E+00    1.230000  0.20079999E+01
   16.74795023  0.31400798E+00    1.231000  0.19916828E+01
   16.76155538  0.31219271E+00    1.232000  0.19844274E+01
   16.77516054  0.30449648E+00    1.233000  0.19396604E+01
   16.78876570  0.30375509E+00    1.234000  0.19390810E+01
   16.80237086  0.29798410E+00    1.235000  0.19063054E+01
   16.81597602  0.29974494E+00    1.236000  0.19216587E+01
   16.82958118  0.30089857E+00    1.237000  0.19331590E+01
   16.84318634  0.29811057E+00    1.238000  0.19193135E+01
   16.85679150  0.29742872E+00    1.239000  0.19189806E+01
   16.87039665  0.29766656E+00    1.240000  0.19245754E+01
   16.88400181  0.29414866E+00    1.241000  0.19058426E+01
   16.89760697  0.29317661E+00    1.242000  0.19035435E+01
   16.91121213  0.29243301E+00    1.243000  0.19027044E+01
   16.92481729  0.28835609E+00    1.244000  0.18801113E+01
   16.93842245  0.28807155E+00    1.245000  0.18821855E+01
   16.95202761  0.28622235E+00    1.246000  0.18740075E+01
   16.96563276  0.28437092E+00    1.247000  0.18657644E+01
   16.97923792  0.28334781E+00    1.248000  0.18629167E+01
   16.99284308  0.28227779E+00    1.249000  0.18597321E+01
   17.00644824  0.28150383E+00    1.250000  0.18584728E+01
   17.02005340  0.27932317E+00    1.251000  0.18478863E+01
   17.03365856  0.27832030E+00    1.252000  0.18450481E+01
   17.04726372  0.27750072E+00    1.253000  0.18434002E+01
   17.06086887  0.27813992E+00    1.254000  0.18514402E+01
   17.07447403  0.27600441E+00    1.255000  0.18409900E+01
   17.08807919  0.27886861E+00    1.256000  0.18638985E+01
   17.10168435  0.27509933E+00    1.257000  0.18424579E+01
   17.11528951  0.27385976E+00    1.258000  0.18378915E+01
   17.12889467  0.27278415E+00    1.259000  0.18343939E+01
   17.14249983  0.28152678E+00    1.260000  0.18970257E+01
   17.15610498  0.27379811E+00    1.261000  0.18486819E+01
   17.16971014  0.27186337E+00    1.262000  0.18393269E+01
   17.18331530  0.27097300E+00    1.263000  0.18369992E+01
   17.19692046  0.26718830E+00    1.264000  0.18149862E+01
   17.21052562  0.26737360E+00    1.265000  0.18198920E+01
   17.22413078  0.26816620E+00    1.266000  0.18289448E+01
   17.23773594  0.26509568E+00    1.267000  0.18116193E+01
   17.25134109  0.26728487E+00    1.268000  0.18302257E+01
   17.26494625  0.26534474E+00    1.269000  0.18205601E+01
   17.27855141  0.26619093E+00    1.270000  0.18299969E+01
   17.29215657  0.26633884E+00    1.271000  0.18346467E+01
   17.30576173  0.26473884E+00    1.272000  0.18272364E+01
   17.31936689  0.26398234E+00    1.273000  0.18256158E+01
   17.33297205  0.26383347E+00    1.274000  0.18281851E+01
   17.34657720  0.26549788E+00    1.275000  0.18433398E+01
   17.36018236  0.26572979E+00    1.276000  0.18485746E+01
   17.37378752  0.26864366E+00    1.277000  0.18725096E+01
   17.38739268  0.26621770E+00    1.278000  0.18592314E+01
   17.40099784  0.26261975E+00    1.279000  0.18376860E+01
   17.41460300  0.26167773E+00    1.280000  0.18346636E+01
   17.42820816  0.26217269E+00    1.281000  0.18417100E+01
   17.44181331  0.26279801E+00    1.282000  0.18496874E+01
   17.45541847  0.26388959E+00    1.283000  0.18609700E+01
   17.46902363  0.26331887E+00    1.284000  0.18605370E+01
   17.48262879  0.26522276E+00    1.285000  0.18776071E+01
   17.49623395  0.25998888E+00    1.286000  0.18441009E+01
   17.50983911  0.26021441E+00    1.287000  0.18492500E+01
   17.52344427  0.25759709E+00    1.288000  0.18341634E+01
   17.53704942  0.25812635E+00    1.289000  0.18414528E+01
   17.55065458  0.25688164E+00    1.290000  0.18360771E+01
   17.56425974  0.25760050E+00    1.291000  0.18447290E+01
   17.57786490  0.25619560E+00    1.292000  0.18381628E+01
   17.59147006  0.25465446E+00    1.293000  0.18305790E+01
   17.60507522  0.25283260E+00    1.294000  0.18209313E+01
   17.61868038  0.25329551E+00    1.295000  0.18277203E+01
   17.63228553  0.25388969E+00    1.296000  0.18354709E+01
   17.64589069  0.25305164E+00    1.297000  0.18328640E+01
   17.65949585  0.24901487E+00    1.298000  0.18070222E+01
   17.67310101  0.24838555E+00    1.299000  0.18058435E+01
   17.68670617  0.24799190E+00    1.300000  0.18063642E+01
   17.70031133  0.24636385E+00    1.301000  0.17978661E+01
   17.71391649  0.24545167E+00    1.302000  0.17945574E+01
   17.72752164  0.24450426E+00    1.303000  0.17909658E+01
   17.74112680  0.24258863E+00    1.304000  0.17802430E+01
   17.75473196  0.24200929E+00    1.305000  0.17792926E+01
   17.76833712  0.24178081E+00    1.306000  0.17809108E+01
   17.78194228  0.24054892E+00    1.307000  0.17751181E+01
   17.79554744  0.23867455E+00    1.308000  0.17645419E+01
   17.80915260  0.23688724E+00    1.309000  0.17545594E+01
   17.82275776  0.23528280E+00    1.310000  0.17458851E+01
   17.83636291  0.23422903E+00    1.311000  0.17412607E+01
   17.84996807  0.23299941E+00    1.312000  0.17352979E+01
   17.86357323  0.23039973E+00    1.313000  0.17190791E+01
   17.87717839  0.22841685E+00    1.314000  0.17074000E+01
   17.89078355  0.22618978E+00    1.315000  0.16938381E+01
   17.90438871  0.22473868E+00    1.316000  0.16860370E+01
   17.91799387  0.22314768E+00    1.317000  0.16771448E+01
   17.93159902  0.22113853E+00    1.318000  0.16650607E+01
   17.94520418  0.22034212E+00    1.319000  0.16620697E+01
   17.95880934  0.21835453E+00    1.320000  0.16500555E+01
   17.97241450  0.21732861E+00    1.321000  0.16452673E+01
   17.98601966  0.21478570E+00    1.322000  0.16289462E+01
   17.99962482  0.21390919E+00    1.323000  0.16252165E+01
   18.01322998  0.21448973E+00    1.324000  0.16325530E+01
   18.02683513  0.21335942E+00    1.325000  0.16268601E+01
   18.04044029  0.21303861E+00    1.326000  0.16273199E+01
   18.05404545  0.21132383E+00    1.327000  0.16171039E+01
   18.06765061  0.21182190E+00    1.328000  0.16238046E+01
   18.08125577  0.21093881E+00    1.329000  0.16199122E+01
   18.09486093  0.21110980E+00    1.330000  0.16241049E+01
   18.10846609  0.20961176E+00    1.331000  0.16154394E+01
   18.12207124  0.20935622E+00    1.332000  0.16163257E+01
   18.13567640  0.20881350E+00    1.333000  0.16149840E+01
   18.14928156  0.20782120E+00    1.334000  0.16101442E+01
   18.16288672  0.20708136E+00    1.335000  0.16072368E+01
   18.17649188  0.20621280E+00    1.336000  0.16033084E+01
   18.19009704  0.20576131E+00    1.337000  0.16026047E+01
   18.20370220  0.20382363E+00    1.338000  0.15902930E+01
   18.21730735  0.20454017E+00    1.339000  0.15986737E+01
   18.23091251  0.20475103E+00    1.340000  0.16031146E+01
   18.24451767  0.20286739E+00    1.341000  0.15911337E+01
   18.25812283  0.20160553E+00    1.342000  0.15839866E+01
   18.27172799  0.20040263E+00    1.343000  0.15772692E+01
   18.28533315  0.20065139E+00    1.344000  0.15819640E+01
   18.29893831  0.20044043E+00    1.345000  0.15830349E+01
   18.31254346  0.20092046E+00    1.346000  0.15895667E+01
   18.32614862  0.19956417E+00    1.347000  0.15815586E+01
   18.33975378  0.19939165E+00    1.348000  0.15829112E+01
   18.35335894  0.19668755E+00    1.349000  0.15641270E+01
   18.36696410  0.19676122E+00    1.350000  0.15673968E+01
   18.38056926  0.19599405E+00    1.351000  0.15639589E+01
   18.39417442  0.19634167E+00    1.352000  0.15694110E+01
   18.40777957  0.19529329E+00    1.353000  0.15636949E+01
   18.42138473  0.19514993E+00    1.354000  0.15652089E+01
   18.43498989  0.19467336E+00    1.355000  0.15640420E+01
   18.44859505  0.19501822E+00    1.356000  0.15694728E+01
   18.46220021  0.19481510E+00    1.357000  0.15704955E+01
   18.47580537  0.19498687E+00    1.358000  0.15745399E+01
   18.48941053  0.19554141E+00    1.359000  0.15816851E+01
   18.50301568  0.19368582E+00    1.360000  0.15693177E+01
   18.51662084  0.19329041E+00    1.361000  0.15687505E+01
   18.53022600  0.19283854E+00    1.362000  0.15677135E+01
   18.54383116  0.19273478E+00    1.363000  0.15694989E+01
   18.55743632  0.19375001E+00    1.364000  0.15804091E+01
   18.57104148  0.19269032E+00    1.365000  0.15743936E+01
   18.58464664  0.19220126E+00    1.366000  0.15730194E+01
   18.59825179  0.19266350E+00    1.367000  0.15794305E+01
   18.61185695  0.19201680E+00    1.368000  0.15767481E+01
   18.62546211  0.19231661E+00    1.369000  0.15818333E+01
   18.63906727  0.19167556E+00    1.370000  0.15791751E+01
   18.65267243  0.19082130E+00    1.371000  0.15747399E+01
   18.66627759  0.19110862E+00    1.372000  0.15797178E+01
   18.67988275  0.19241769E+00    1.373000  0.15931633E+01
   18.69348790  0.19120785E+00    1.374000  0.15857543E+01
   18.70709306  0.11566870E+01    1.375000  0.96085918E+01
   18.72069822  0.19145251E+00    1.376000  0.15930063E+01
   18.73430338  0.19061059E+00    1.377000  0.15886010E+01
   18.74790854  0.18988360E+00    1.378000  0.15851322E+01
   18.76151370  0.18969757E+00    1.379000  0.15861668E+01
   18.77511886  0.18938609E+00    1.380000  0.15861456E+01
   18.78872402  0.18945413E+00    1.381000  0.15892997E+01
   18.80232917  0.18729394E+00    1.382000  0.15737330E+01
   18.81593433  0.18760581E+00    1.383000  0.15789125E+01
   18.82953949  0.18676903E+00    1.384000  0.15744176E+01
   18.84314465  0.18670755E+00    1.385000  0.15764461E+01
   18.85674981  0.18612910E+00    1.386000  0.15741009E+01
   18.87035497  0.18527556E+00    1.387000  0.15694097E+01
   18.88396013  0.18509685E+00    1.388000  0.15704207E+01
   18.89756528  0.18457572E+00    1.389000  0.15685170E+01
   18.91117044  0.18407752E+00    1.390000  0.15667942E+01
   18.92477560  0.18377560E+00    1.391000  0.15667311E+01
   18.93838076  0.18284651E+00    1.392000  0.15613045E+01
   18.95198592  0.18254150E+00    1.393000  0.15611900E+01
   18.96559108  0.18240922E+00    1.394000  0.15625468E+01
   18.97919624  0.18235600E+00    1.395000  0.15645783E+01
   18.99280139  0.18193021E+00    1.396000  0.15634067E+01
   19.00640655  0.18133019E+00    1.397000  0.15607239E+01
   19.02001171  0.18117300E+00    1.398000  0.15618422E+01
   19.03361687  0.18077962E+00    1.399000  0.15609169E+01
   19.04722203  0.18032833E+00    1.400000  0.15594801E+01
   19.06082719  0.17992352E+00    1.401000  0.15584335E+01
   19.07443235  0.17860043E+00    1.402000  0.15494095E+01
   19.08803750  0.17850837E+00    1.403000  0.15510458E+01
   19.10164266  0.17813166E+00    1.404000  0.15502024E+01
   19.11524782  0.17833461E+00    1.405000  0.15544011E+01
   19.12885298  0.17717686E+00    1.406000  0.15467267E+01
   19.14245814  0.17621459E+00    1.407000  0.15407299E+01
   19.15606330  0.17567411E+00    1.408000  0.15384005E+01
   19.16966846  0.17510784E+00    1.409000  0.15358301E+01
   19.18327361  0.17396161E+00    1.410000  0.15281497E+01
   19.19687877  0.17353233E+00    1.411000  0.15267458E+01
   19.21048393  0.17166892E+00    1.412000  0.15126930E+01
   19.22408909  0.17117689E+00    1.413000  0.15106923E+01
   19.23769425  0.17096064E+00    1.414000  0.15111158E+01
   19.25129941  0.17027381E+00    1.415000  0.15073676E+01
   19.26490457  0.16976503E+00    1.416000  0.15051792E+01
   19.27850972  0.16833300E+00    1.417000  0.14947786E+01
   19.29211488  0.16767927E+00    1.418000  0.14912607E+01
   19.30572004  0.16732051E+00    1.419000  0.14903524E+01
   19.31932520  0.16727649E+00    1.420000  0.14922420E+01
   19.33293036  0.16597956E+00    1.421000  0.14829364E+01
   19.34653552  0.16502507E+00    1.422000  0.14766596E+01
   19.36014068  0.16468774E+00    1.423000  0.14758875E+01
   19.37374583  0.16450225E+00    1.424000  0.14764691E+01
   19.38735099  0.16295631E+00    1.425000  0.14648165E+01
   19.40095615  0.16298912E+00    1.426000  0.14673346E+01
   19.41456131  0.16350217E+00    1.427000  0.14741837E+01
   19.42816647  0.16126206E+00    1.428000  0.14561859E+01
   19.44177163  0.16008762E+00    1.429000  0.14477644E+01
   19.45537679  0.15953209E+00    1.430000  0.14449165E+01
   19.46898194  0.15914954E+00    1.431000  0.14436225E+01
   19.48258710  0.15766932E+00    1.432000  0.14323463E+01
   19.49619226  0.15744748E+00    1.433000  0.14324787E+01
   19.50979742  0.15683959E+00    1.434000  0.14290874E+01
   19.52340258  0.15629931E+00    1.435000  0.14262964E+01
   19.53700774  0.15568628E+00    1.436000  0.14228259E+01
   19.55061290  0.15447777E+00    1.437000  0.14138884E+01
   19.56421805  0.15375476E+00    1.438000  0.14093682E+01
   19.57782321  0.15305252E+00    1.439000  0.14050189E+01
   19.59142837  0.15230178E+00    1.440000  0.14002046E+01
   19.99958313  0.14495479E+00    1.470000  0.13919764E+01
   24.99947891  0.74867703E-01    1.837500  0.10942420E+01
   29.99937469  0.50580435E-01    2.205000  0.99281899E+00
   34.99927048  0.37923047E-01    2.572500  0.93447553E+00
   39.99916626  0.30486880E-01    2.940000  0.90406422E+00
   44.99906204  0.24714006E-01    3.307500  0.85676165E+00
   49.99895782  0.20122159E-01    3.675000  0.79844513E+00
   54.99885361  0.16471429E-01    4.042500  0.73615325E+00
   59.99874939  0.13592736E-01    4.410000  0.67563483E+00
   64.99864517  0.11199633E-01    4.777500  0.61282628E+00
   69.99854095  0.92518243E-02    5.145000  0.55262319E+00
   74.99843674  0.77108614E-02    5.512500  0.49923287E+00
   79.99833252  0.64880570E-02    5.880000  0.45258710E+00
   84.99822830  0.55137692E-02    6.247500  0.41226341E+00
   89.99812408  0.47282068E-02    6.615000  0.37722883E+00
   94.99801987  0.40869246E-02    6.982500  0.34655276E+00
   99.99791565  0.35581364E-02    7.350000  0.31955029E+00
  104.99781143  0.31170869E-02    7.717500  0.29556584E+00
  109.99770721  0.27474761E-02    8.085000  0.27429157E+00
  114.99760300  0.24348752E-02    8.452500  0.25528902E+00
  119.99749878  0.21675239E-02    8.820000  0.23812353E+00
  124.99739456  0.19384494E-02    9.187500  0.22267462E+00
  129.99729034  0.17408330E-02    9.555000  0.20870045E+00
  134.99718613  0.15688837E-02    9.922500  0.19595081E+00
