       eV          sigma            Ry          om               in 10^-16                                                                       
   13.29210580  0.00000000E+00    0.976990  0.00000000E+00
   13.30584510  0.14619638E+00    0.978000  0.11391849E+00
   13.31945026  0.22204705E+00    0.979000  0.17554651E+00
   13.33305542  0.24923561E+00    0.980000  0.19987437E+00
   13.34666058  0.33080820E+00    0.981000  0.26905176E+00
   13.36026574  0.42199713E+00    0.982000  0.34801406E+00
   13.37387090  0.52502588E+00    0.983000  0.43894814E+00
   13.38747605  0.54611847E+00    0.984000  0.46279033E+00
   13.40108121  0.65313770E+00    0.985000  0.56090451E+00
   13.41468637  0.76620348E+00    0.986000  0.66671307E+00
   13.42829153  0.91802344E+00    0.987000  0.80925459E+00
   13.44189669  0.95490106E+00    0.988000  0.85261725E+00
   13.45550185  0.10435001E+01    0.989000  0.94358754E+00
   13.46910701  0.11084806E+01    0.990000  0.10149464E+01
   13.48271216  0.65807037E+00    0.991000  0.61002229E+00
   13.49631732  0.73493986E+00    0.992000  0.68963332E+00
   13.50992248  0.75588280E+00    0.993000  0.71787731E+00
   13.52352764  0.79719917E+00    0.994000  0.76617807E+00
   13.53713280  0.84108912E+00    0.995000  0.81792080E+00
   13.55073796  0.89821673E+00    0.996000  0.88368482E+00
   13.56434312  0.97030767E+00    0.997000  0.96563891E+00
   13.57794827  0.10427609E+01    0.998000  0.10495966E+01
   13.59155343  0.11252724E+01    0.999000  0.11454399E+01
   13.60515859  0.99209897E+00    1.000000  0.10211569E+01
   13.61876375  0.10421671E+01    1.001000  0.10845378E+01
   13.63236891  0.10947704E+01    1.002000  0.11517240E+01
   13.64597407  0.11770173E+01    1.003000  0.12516288E+01
   13.65957923  0.12321676E+01    1.004000  0.13242811E+01
   13.67318438  0.13623847E+01    1.005000  0.14797191E+01
   13.70039470  0.12947636E+01    1.007000  0.14357094E+01
   13.71399986  0.14838746E+01    1.008000  0.16622739E+01
   13.75481534  0.13324108E+01    1.011000  0.15380368E+01
   13.76842049  0.13328077E+01    1.012000  0.15536450E+01
   13.78202565  0.12415839E+01    1.013000  0.14614191E+01
   13.79563081  0.16074479E+01    1.014000  0.19103349E+01
   13.80923597  0.15654134E+01    1.015000  0.18781740E+01
   13.82284113  0.13001193E+01    1.016000  0.15746541E+01
   13.83644629  0.12496202E+01    1.017000  0.15276960E+01
   13.85005145  0.12232981E+01    1.018000  0.15094217E+01
   13.86365660  0.12336082E+01    1.019000  0.15361657E+01
   13.87726176  0.12103705E+01    1.020000  0.15209869E+01
   13.89086692  0.12753802E+01    1.021000  0.16171772E+01
   13.90447208  0.13122770E+01    1.022000  0.16788789E+01
   13.91807724  0.12634016E+01    1.023000  0.16307105E+01
   13.93168240  0.11240574E+01    1.024000  0.14636319E+01
   13.94528756  0.10995546E+01    1.025000  0.14442255E+01
   13.95889272  0.11947366E+01    1.026000  0.15828242E+01
   13.97249787  0.12819471E+01    1.027000  0.17129353E+01
   13.98610303  0.13637091E+01    1.028000  0.18376868E+01
   13.99970819  0.13740739E+01    1.029000  0.18672731E+01
   14.01331335  0.12902876E+01    1.030000  0.17680799E+01
   14.02691851  0.11275627E+01    1.031000  0.15579151E+01
   14.04052367  0.10755795E+01    1.032000  0.14983178E+01
   14.05412883  0.10821522E+01    1.033000  0.15197747E+01
   14.06773398  0.12464120E+01    1.034000  0.17646291E+01
   14.08133914  0.13733542E+01    1.035000  0.19599606E+01
   14.09494430  0.13790944E+01    1.036000  0.19838288E+01
   14.10854946  0.15002198E+01    1.037000  0.21751208E+01
   14.12215462  0.15128218E+01    1.038000  0.22105883E+01
   14.13575978  0.14382034E+01    1.039000  0.21179013E+01
   14.14936494  0.13446190E+01    1.040000  0.19953729E+01
   14.16297009  0.14493913E+01    1.041000  0.21673270E+01
   14.17657525  0.13450408E+01    1.042000  0.20265771E+01
   14.19018041  0.12025825E+01    1.043000  0.18256044E+01
   14.20378557  0.12215282E+01    1.044000  0.18682504E+01
   14.21739073  0.12789793E+01    1.045000  0.19706565E+01
   14.23099589  0.12991333E+01    1.046000  0.20164770E+01
   14.24460105  0.14156083E+01    1.047000  0.22133573E+01
   14.25820620  0.13883532E+01    1.048000  0.21865244E+01
   14.27181136  0.14313656E+01    1.049000  0.22705352E+01
   14.28541652  0.15025158E+01    1.050000  0.24004778E+01
   14.29902168  0.15946452E+01    1.051000  0.25657936E+01
   14.31262684  0.16666775E+01    1.052000  0.27006392E+01
   14.32623200  0.17258583E+01    1.053000  0.28161519E+01
   14.33983716  0.17921420E+01    1.054000  0.29446809E+01
   14.35344231  0.16447962E+01    1.055000  0.27212724E+01
   14.36704747  0.16833553E+01    1.056000  0.28042021E+01
   14.38065263  0.16522717E+01    1.057000  0.27712032E+01
   14.39425779  0.16587264E+01    1.058000  0.28008837E+01
   14.40786295  0.16424907E+01    1.059000  0.27921387E+01
   14.42146811  0.17325035E+01    1.060000  0.29648486E+01
   14.43507327  0.17269977E+01    1.061000  0.29750572E+01
   14.44867842  0.17085731E+01    1.062000  0.29627390E+01
   14.46228358  0.17072431E+01    1.063000  0.29798389E+01
   14.47588874  0.17030737E+01    1.064000  0.29919205E+01
   14.48949390  0.17073350E+01    1.065000  0.30188138E+01
   14.50309906  0.17088529E+01    1.066000  0.30409223E+01
   14.51670422  0.17119080E+01    1.067000  0.30658181E+01
   14.53030938  0.19058280E+01    1.068000  0.34347687E+01
   14.54391453  0.19813294E+01    1.069000  0.35933625E+01
   14.55751969  0.19828970E+01    1.070000  0.36187451E+01
   14.57112485  0.20099297E+01    1.071000  0.36909260E+01
   14.58473001  0.19877157E+01    1.072000  0.36727278E+01
   14.59833517  0.20111174E+01    1.073000  0.37388277E+01
   14.61194033  0.19764437E+01    1.074000  0.36968327E+01
   14.62554549  0.21313198E+01    1.075000  0.40107469E+01
   14.63915064  0.21512615E+01    1.076000  0.40727269E+01
   14.65275580  0.21271841E+01    1.077000  0.40513237E+01
   14.66636096  0.21688254E+01    1.078000  0.41552846E+01
   14.67996612  0.21335070E+01    1.079000  0.41118690E+01
   14.69357128  0.21118111E+01    1.080000  0.40940600E+01
   14.70717644  0.21005563E+01    1.081000  0.40961179E+01
   14.72078160  0.21065865E+01    1.082000  0.41318223E+01
   14.73438675  0.20853475E+01    1.083000  0.41138687E+01
   14.74799191  0.20834280E+01    1.084000  0.41337642E+01
   14.76159707  0.20968205E+01    1.085000  0.41841712E+01
   14.77520223  0.20741719E+01    1.086000  0.41625534E+01
   14.78880739  0.20368296E+01    1.087000  0.41107656E+01
   14.80241255  0.20095326E+01    1.088000  0.40785166E+01
   14.81601771  0.19889540E+01    1.089000  0.40593590E+01
   14.82962286  0.20310899E+01    1.090000  0.41684437E+01
   14.84322802  0.20009945E+01    1.091000  0.41294237E+01
   14.85683318  0.20084800E+01    1.092000  0.41677017E+01
   14.87043834  0.19890960E+01    1.093000  0.41500890E+01
   14.88404350  0.20233534E+01    1.094000  0.42445638E+01
   14.89764866  0.20563906E+01    1.095000  0.43372437E+01
   14.91125382  0.20824011E+01    1.096000  0.44157745E+01
   14.92485898  0.21173022E+01    1.097000  0.45138504E+01
   14.93846413  0.21073377E+01    1.098000  0.45165613E+01
   14.95206929  0.21527670E+01    1.099000  0.46383983E+01
   14.96567445  0.21619603E+01    1.100000  0.46827813E+01
   14.97927961  0.21773058E+01    1.101000  0.47407690E+01
   14.99288477  0.21801855E+01    1.102000  0.47718213E+01
   15.00648993  0.21934138E+01    1.103000  0.48257069E+01
   15.02009509  0.22190412E+01    1.104000  0.49073132E+01
   15.03370024  0.23090472E+01    1.105000  0.51326045E+01
   15.04730540  0.23232272E+01    1.106000  0.51905323E+01
   15.06091056  0.23716639E+01    1.107000  0.53257077E+01
   15.07451572  0.23550389E+01    1.108000  0.53151450E+01
   15.08812088  0.23726184E+01    1.109000  0.53817901E+01
   15.10172604  0.23685945E+01    1.110000  0.53995867E+01
   15.11533120  0.23561841E+01    1.111000  0.53980779E+01
   15.12893635  0.23351563E+01    1.112000  0.53764464E+01
   15.14254151  0.23610941E+01    1.113000  0.54630038E+01
   15.15614667  0.23375064E+01    1.114000  0.54349981E+01
   15.16975183  0.23408532E+01    1.115000  0.54693882E+01
   15.18335699  0.23398471E+01    1.116000  0.54936345E+01
   15.19696215  0.23741911E+01    1.117000  0.56012568E+01
   15.21056731  0.23781210E+01    1.118000  0.56375604E+01
   15.22417246  0.24146926E+01    1.119000  0.57517047E+01
   15.23777762  0.24132387E+01    1.120000  0.57756728E+01
   15.25138278  0.24194404E+01    1.121000  0.58180172E+01
   15.26498794  0.24778358E+01    1.122000  0.59866059E+01
   15.27859310  0.25183812E+01    1.123000  0.61131927E+01
   15.29219826  0.25774537E+01    1.124000  0.62858848E+01
   15.30580342  0.26144953E+01    1.125000  0.64059406E+01
   15.31940857  0.26847519E+01    1.126000  0.66085984E+01
   15.33301373  0.27085015E+01    1.127000  0.66978462E+01
   15.34661889  0.27086789E+01    1.128000  0.67290746E+01
   15.36022405  0.26815709E+01    1.129000  0.66922125E+01
   15.37382921  0.26307402E+01    1.130000  0.65952614E+01
   15.38743437  0.26257767E+01    1.131000  0.66126651E+01
   15.40103953  0.26122611E+01    1.132000  0.66083213E+01
   15.41464468  0.25840836E+01    1.133000  0.65664131E+01
   15.42824984  0.25905221E+01    1.134000  0.66122203E+01
   15.44185500  0.26023711E+01    1.135000  0.66720458E+01
   15.45546016  0.25902350E+01    1.136000  0.66703740E+01
   15.46906532  0.26222084E+01    1.137000  0.67825186E+01
   15.48267048  0.26156647E+01    1.138000  0.67953249E+01
   15.50988079  0.26354416E+01    1.140000  0.69066181E+01
   15.52348595  0.26682495E+01    1.141000  0.70229267E+01
   15.53709111  0.26691833E+01    1.142000  0.70557251E+01
   15.55069627  0.26504000E+01    1.143000  0.70362004E+01
   15.56430143  0.26651508E+01    1.144000  0.71056552E+01
   15.57790659  0.26531044E+01    1.145000  0.71036956E+01
   15.59151175  0.26338440E+01    1.146000  0.70820648E+01
   15.60511690  0.26537857E+01    1.147000  0.71658509E+01
   15.61872206  0.26544262E+01    1.148000  0.71977534E+01
   15.63232722  0.26782367E+01    1.149000  0.72927613E+01
   15.64593238  0.26959098E+01    1.150000  0.73715292E+01
   15.65953754  0.26847599E+01    1.151000  0.73715593E+01
   15.67314270  0.26950261E+01    1.152000  0.74303814E+01
   15.68674786  0.27336260E+01    1.153000  0.75678773E+01
   15.70035301  0.27340622E+01    1.154000  0.76001630E+01
   15.71395817  0.27650218E+01    1.155000  0.77176547E+01
   15.72756333  0.27605436E+01    1.156000  0.77365343E+01
   15.74116849  0.27660843E+01    1.157000  0.77835043E+01
   15.75477365  0.27586518E+01    1.158000  0.77939477E+01
   15.76837881  0.27445520E+01    1.159000  0.77853090E+01
   15.78198397  0.27669840E+01    1.160000  0.78803928E+01
   15.79558912  0.27851239E+01    1.161000  0.79637141E+01
   15.80919428  0.27571599E+01    1.162000  0.79150950E+01
   15.82279944  0.27752201E+01    1.163000  0.79984871E+01
   15.83640460  0.27781038E+01    1.164000  0.80383768E+01
   15.85000976  0.27629811E+01    1.165000  0.80260265E+01
   15.86361492  0.27438088E+01    1.166000  0.80015230E+01
   15.87722008  0.27388466E+01    1.167000  0.80181844E+01
   15.89082524  0.27561139E+01    1.168000  0.81000645E+01
   15.90443039  0.27685762E+01    1.169000  0.81681609E+01
   15.91803555  0.27718914E+01    1.170000  0.82094498E+01
   15.93164071  0.27904370E+01    1.171000  0.82960948E+01
   15.94524587  0.27872951E+01    1.172000  0.83184369E+01
   15.95885103  0.27793473E+01    1.173000  0.83263103E+01
   15.97245619  0.27879550E+01    1.174000  0.83837879E+01
   15.98606135  0.28102841E+01    1.175000  0.84828790E+01
   15.99966650  0.28412395E+01    1.176000  0.86086146E+01
   16.01327166  0.28662627E+01    1.177000  0.87170129E+01
   16.02687682  0.28843555E+01    1.178000  0.88048240E+01
   16.04048198  0.28950010E+01    1.179000  0.88702279E+01
   16.05408714  0.28983302E+01    1.180000  0.89133739E+01
   16.06769230  0.29058137E+01    1.181000  0.89694185E+01
   16.08129746  0.29096633E+01    1.182000  0.90143755E+01
   16.09490261  0.29121957E+01    1.183000  0.90553238E+01
   16.10850777  0.29268193E+01    1.184000  0.91340644E+01
   16.12211293  0.29342511E+01    1.185000  0.91906111E+01
   16.13571809  0.29305291E+01    1.186000  0.92122645E+01
   16.14932325  0.29505790E+01    1.187000  0.93088317E+01
   16.16292841  0.29506060E+01    1.188000  0.93424563E+01
   16.17653357  0.29631581E+01    1.189000  0.94158820E+01
   16.19013872  0.29400026E+01    1.190000  0.93757210E+01
   16.20374388  0.29603847E+01    1.191000  0.94743706E+01
   16.21734904  0.29624557E+01    1.192000  0.95146727E+01
   16.23095420  0.29824429E+01    1.193000  0.96127680E+01
   16.24455936  0.29918692E+01    1.194000  0.96771585E+01
   16.25816452  0.30176937E+01    1.195000  0.97949897E+01
   16.27176968  0.30265610E+01    1.196000  0.98581746E+01
   16.28537483  0.30518811E+01    1.197000  0.99753384E+01
   16.29897999  0.30522280E+01    1.198000  0.10011167E+02
   16.31258515  0.30849159E+01    1.199000  0.10153448E+02
   16.32619031  0.30806242E+01    1.200000  0.10174340E+02
   16.33979547  0.30835576E+01    1.201000  0.10219079E+02
   16.35340063  0.30794818E+01    1.202000  0.10240576E+02
   16.36700579  0.30960057E+01    1.203000  0.10330717E+02
   16.39421610  0.31206813E+01    1.205000  0.10484000E+02
   16.40782126  0.31557359E+01    1.206000  0.10637638E+02
   16.42142642  0.31506023E+01    1.207000  0.10656146E+02
   16.43503158  0.31550858E+01    1.208000  0.10707174E+02
   16.44863674  0.31712024E+01    1.209000  0.10797915E+02
   16.46224190  0.31889910E+01    1.210000  0.10894734E+02
   16.47584705  0.32048886E+01    1.211000  0.10985476E+02
   16.48945221  0.32196664E+01    1.212000  0.11072728E+02
   16.50305737  0.32322294E+01    1.213000  0.11152674E+02
   16.51666253  0.32342914E+01    1.214000  0.11196553E+02
   16.53026769  0.32340397E+01    1.215000  0.11232443E+02
   16.54387285  0.32436859E+01    1.216000  0.11302817E+02
   16.55747801  0.32371900E+01    1.217000  0.11316979E+02
   16.57108316  0.32488098E+01    1.218000  0.11394530E+02
   16.58468832  0.32590775E+01    1.219000  0.11467588E+02
   16.59829348  0.32597532E+01    1.220000  0.11507019E+02
   16.61189864  0.32676087E+01    1.221000  0.11571892E+02
   16.62550380  0.32765874E+01    1.222000  0.11640934E+02
   16.63910896  0.32777546E+01    1.223000  0.11682339E+02
   16.65271412  0.32773174E+01    1.224000  0.11718034E+02
   16.67992443  0.32725738E+01    1.226000  0.11775472E+02
   16.69352959  0.32556300E+01    1.227000  0.11751511E+02
   16.70713475  0.32305263E+01    1.228000  0.11697618E+02
   16.72073991  0.32191266E+01    1.229000  0.11692932E+02
   16.73434507  0.32092672E+01    1.230000  0.11693599E+02
   16.74795023  0.31972267E+01    1.231000  0.11686070E+02
   16.76155538  0.32079849E+01    1.232000  0.11761857E+02
   16.77516054  0.32110666E+01    1.233000  0.11809656E+02
   16.78876570  0.31982623E+01    1.234000  0.11798919E+02
   16.80237086  0.32139304E+01    1.235000  0.11893254E+02
   16.81597602  0.32116790E+01    1.236000  0.11921430E+02
   16.82958118  0.32164882E+01    1.237000  0.11975843E+02
   16.84318634  0.32074097E+01    1.238000  0.11978500E+02
   16.85679150  0.32141544E+01    1.239000  0.12040224E+02
   16.87039665  0.32202330E+01    1.240000  0.12099599E+02
   16.88400181  0.32298253E+01    1.241000  0.12172354E+02
   16.89760697  0.32575932E+01    1.242000  0.12314033E+02
   16.91121213  0.32559772E+01    1.243000  0.12344935E+02
   16.92481729  0.32581538E+01    1.244000  0.12390223E+02
   16.93842245  0.32634049E+01    1.245000  0.12447287E+02
   16.95202761  0.32571990E+01    1.246000  0.12460641E+02
   16.96563276  0.32517745E+01    1.247000  0.12476852E+02
   16.97923792  0.32673642E+01    1.248000  0.12573809E+02
   16.99284308  0.32623182E+01    1.249000  0.12591473E+02
   17.00644824  0.32550871E+01    1.250000  0.12600564E+02
   17.02005340  0.32616924E+01    1.251000  0.12663209E+02
   17.03365856  0.32645255E+01    1.252000  0.12711316E+02
   17.04726372  0.32653895E+01    1.253000  0.12751798E+02
   17.06086887  0.32755458E+01    1.254000  0.12828693E+02
   17.07447403  0.32742352E+01    1.255000  0.12860778E+02
   17.08807919  0.32758656E+01    1.256000  0.12904419E+02
   17.10168435  0.32770331E+01    1.257000  0.12946268E+02
   17.11528951  0.32753092E+01    1.258000  0.12976688E+02
   17.12889467  0.32690909E+01    1.259000  0.12989211E+02
   17.14249983  0.32681085E+01    1.260000  0.13022456E+02
   17.15610498  0.32656269E+01    1.261000  0.13049688E+02
   17.16971014  0.32680713E+01    1.262000  0.13096604E+02
   17.18331530  0.32636876E+01    1.263000  0.13116135E+02
   17.19692046  0.32695369E+01    1.264000  0.13176807E+02
   17.21052562  0.32632196E+01    1.265000  0.13188440E+02
   17.22413078  0.32642435E+01    1.266000  0.13229683E+02
   17.23773594  0.32694305E+01    1.267000  0.13287869E+02
   17.25134109  0.32677884E+01    1.268000  0.13318340E+02
   17.26494625  0.32730138E+01    1.269000  0.13376841E+02
   17.27855141  0.32692054E+01    1.270000  0.13398437E+02
   17.29215657  0.32660373E+01    1.271000  0.13422578E+02
   17.30576173  0.32753001E+01    1.272000  0.13497876E+02
   17.31936689  0.32718241E+01    1.273000  0.13520742E+02
   17.33297205  0.32785778E+01    1.274000  0.13585919E+02
   17.34657720  0.32746671E+01    1.275000  0.13606937E+02
   17.36018236  0.32801594E+01    1.276000  0.13667044E+02
   17.37378752  0.32835545E+01    1.277000  0.13718514E+02
   17.38739268  0.32811700E+01    1.278000  0.13745849E+02
   17.40099784  0.32923173E+01    1.279000  0.13829972E+02
   17.41460300  0.33029212E+01    1.280000  0.13912060E+02
   17.42820816  0.33004553E+01    1.281000  0.13939190E+02
   17.44181331  0.33092376E+01    1.282000  0.14013897E+02
   17.45541847  0.33120041E+01    1.283000  0.14063260E+02
   17.46902363  0.33128349E+01    1.284000  0.14104445E+02
   17.48262879  0.33170178E+01    1.285000  0.14159958E+02
   17.49623395  0.33176573E+01    1.286000  0.14200400E+02
   17.50983911  0.33191899E+01    1.287000  0.14244689E+02
   17.52344427  0.33168633E+01    1.288000  0.14272407E+02
   17.53704942  0.33210863E+01    1.289000  0.14328329E+02
   17.55065458  0.33291287E+01    1.290000  0.14400869E+02
   17.56425974  0.33324671E+01    1.291000  0.14453190E+02
   17.57786490  0.33346591E+01    1.292000  0.14500602E+02
   17.59147006  0.33334248E+01    1.293000  0.14533126E+02
   17.60507522  0.33401553E+01    1.294000  0.14600437E+02
   17.61868038  0.33471616E+01    1.295000  0.14669110E+02
   17.63228553  0.33434491E+01    1.296000  0.14690845E+02
   17.64589069  0.33471676E+01    1.297000  0.14745231E+02
   17.65949585  0.33533080E+01    1.298000  0.14810398E+02
   17.67310101  0.33491289E+01    1.299000  0.14830010E+02
   17.68670617  0.33561320E+01    1.300000  0.14899169E+02
   17.70031133  0.33575383E+01    1.301000  0.14943577E+02
   17.71391649  0.33644919E+01    1.302000  0.15012770E+02
   17.72752164  0.33659632E+01    1.303000  0.15057596E+02
   17.74112680  0.33758710E+01    1.304000  0.15140292E+02
   17.75473196  0.33765639E+01    1.305000  0.15181781E+02
   17.76833712  0.33727418E+01    1.306000  0.15202934E+02
   17.78194228  0.33700565E+01    1.307000  0.15229137E+02
   17.79554744  0.33730975E+01    1.308000  0.15281221E+02
   17.80915260  0.33707003E+01    1.309000  0.15308676E+02
   17.82275776  0.33713035E+01    1.310000  0.15349737E+02
   17.83636291  0.33790930E+01    1.311000  0.15423613E+02
   17.84996807  0.33890716E+01    1.312000  0.15507683E+02
   17.86357323  0.33921864E+01    1.313000  0.15560495E+02
   17.87717839  0.33978163E+01    1.314000  0.15624943E+02
   17.89078355  0.33997092E+01    1.315000  0.15672292E+02
   17.90438871  0.33990288E+01    1.316000  0.15707792E+02
   17.91799387  0.33985250E+01    1.317000  0.15744095E+02
   17.93159902  0.34016613E+01    1.318000  0.15797291E+02
   17.94520418  0.34032698E+01    1.319000  0.15843446E+02
   17.95880934  0.34150588E+01    1.320000  0.15937147E+02
   17.97241450  0.34193027E+01    1.321000  0.15995819E+02
   17.98601966  0.34257356E+01    1.322000  0.16064853E+02
   17.99962482  0.34284059E+01    1.323000  0.16116346E+02
   18.01322998  0.34380976E+01    1.324000  0.16200986E+02
   18.02683513  0.34355991E+01    1.325000  0.16228265E+02
   18.04044029  0.34313248E+01    1.326000  0.16247079E+02
   18.05404545  0.34329525E+01    1.327000  0.16293808E+02
   18.06765061  0.34342959E+01    1.328000  0.16339222E+02
   18.08125577  0.34397317E+01    1.329000  0.16404183E+02
   18.09486093  0.34438994E+01    1.330000  0.16463206E+02
   18.10846609  0.34431209E+01    1.331000  0.16498622E+02
   18.12207124  0.34444350E+01    1.332000  0.16544072E+02
   18.13567640  0.34427067E+01    1.333000  0.16574904E+02
   18.14928156  0.34400135E+01    1.334000  0.16601040E+02
   18.16288672  0.34447258E+01    1.335000  0.16662937E+02
   18.17649188  0.34392423E+01    1.336000  0.16675506E+02
   18.19009704  0.34442255E+01    1.337000  0.16738818E+02
   18.20370220  0.34363694E+01    1.338000  0.16739699E+02
   18.21730735  0.34335697E+01    1.339000  0.16765090E+02
   18.23091251  0.34320607E+01    1.340000  0.16796734E+02
   18.24451767  0.34324537E+01    1.341000  0.16837674E+02
   18.25812283  0.34309224E+01    1.342000  0.16869162E+02
   18.27172799  0.34266938E+01    1.343000  0.16887322E+02
   18.28533315  0.34300184E+01    1.344000  0.16942695E+02
   18.29893831  0.34250427E+01    1.345000  0.16957050E+02
   18.31254346  0.34198888E+01    1.346000  0.16970407E+02
   18.32614862  0.34450953E+01    1.347000  0.17134649E+02
   18.33975378  0.34182000E+01    1.348000  0.17039736E+02
   18.35335894  0.34167073E+01    1.349000  0.17071133E+02
   18.36696410  0.34166547E+01    1.350000  0.17109707E+02
   18.38056926  0.34145043E+01    1.351000  0.17137751E+02
   18.39417442  0.34119183E+01    1.352000  0.17163555E+02
   18.40777957  0.34141619E+01    1.353000  0.17213650E+02
   18.42138473  0.34135598E+01    1.354000  0.17249416E+02
   18.43498989  0.34129366E+01    1.355000  0.17285062E+02
   18.44859505  0.34141309E+01    1.356000  0.17329919E+02
   18.46220021  0.34080030E+01    1.357000  0.17337553E+02
   18.47580537  0.34098073E+01    1.358000  0.17385491E+02
   18.48941053  0.34130778E+01    1.359000  0.17440963E+02
   18.50301568  0.34078399E+01    1.360000  0.17452934E+02
   18.51662084  0.34132131E+01    1.361000  0.17519250E+02
   18.53022600  0.34112044E+01    1.362000  0.17547715E+02
   18.54383116  0.34129150E+01    1.363000  0.17595309E+02
   18.55743632  0.34117097E+01    1.364000  0.17627876E+02
   18.57104148  0.34115510E+01    1.365000  0.17665835E+02
   18.58464664  0.34065670E+01    1.366000  0.17678749E+02
   18.59825179  0.34075057E+01    1.367000  0.17722354E+02
   18.61185695  0.34127465E+01    1.368000  0.17788404E+02
   18.62546211  0.34174561E+01    1.369000  0.17851798E+02
   18.63906727  0.34197747E+01    1.370000  0.17902782E+02
   18.65267243  0.34266144E+01    1.371000  0.17977539E+02
   18.66627759  0.34215936E+01    1.372000  0.17990091E+02
   18.67988275  0.34234831E+01    1.373000  0.18038940E+02
   18.69348790  0.34204734E+01    1.374000  0.18061962E+02
   18.70709306  0.36516922E+01    1.375000  0.19324432E+02
   18.72069822  0.34139537E+01    1.376000  0.18105147E+02
   18.73430338  0.34193837E+01    1.377000  0.18172812E+02
   18.74790854  0.34252282E+01    1.378000  0.18242808E+02
   18.76151370  0.34239955E+01    1.379000  0.18275163E+02
   18.77511886  0.34234769E+01    1.380000  0.18311310E+02
   18.78872402  0.34204731E+01    1.381000  0.18334124E+02
   18.80232917  0.34227594E+01    1.382000  0.18385285E+02
   18.81593433  0.34915491E+01    1.383000  0.18794476E+02
   18.82953949  0.34194304E+01    1.384000  0.18445141E+02
   18.84314465  0.34184978E+01    1.385000  0.18478968E+02
   18.85674981  0.34170567E+01    1.386000  0.18510020E+02
   18.87035497  0.34209501E+01    1.387000  0.18569996E+02
   18.88396013  0.34203922E+01    1.388000  0.18605847E+02
   18.89756528  0.34211339E+01    1.389000  0.18648770E+02
   18.91117044  0.34147867E+01    1.390000  0.18652987E+02
   18.92477560  0.34237082E+01    1.391000  0.18740637E+02
   18.93838076  0.34236525E+01    1.392000  0.18779249E+02
   18.95198592  0.34208030E+01    1.393000  0.18802503E+02
   18.96559108  0.34359783E+01    1.394000  0.18924971E+02
   18.97919624  0.34217563E+01    1.395000  0.18885533E+02
   18.99280139  0.34204801E+01    1.396000  0.18917370E+02
   19.00640655  0.34171908E+01    1.397000  0.18938021E+02
   19.02001171  0.34286829E+01    1.398000  0.19040684E+02
   19.03361687  0.34820711E+01    1.399000  0.19376748E+02
   19.04722203  0.34199569E+01    1.400000  0.19069975E+02
   19.06082719  0.34179931E+01    1.401000  0.19097877E+02
   19.07443235  0.34171018E+01    1.402000  0.19131739E+02
   19.08803750  0.34179731E+01    1.403000  0.19175469E+02
   19.10164266  0.34146113E+01    1.404000  0.19195423E+02
   19.11524782  0.34091174E+01    1.405000  0.19203290E+02
   19.12885298  0.34107138E+01    1.406000  0.19251052E+02
   19.14245814  0.34094283E+01    1.407000  0.19282551E+02
   19.15606330  0.34103265E+01    1.408000  0.19326396E+02
   19.16966846  0.34101972E+01    1.409000  0.19364427E+02
   19.18327361  0.34071433E+01    1.410000  0.19385815E+02
   19.19687877  0.34080532E+01    1.411000  0.19429731E+02
   19.21048393  0.34087136E+01    1.412000  0.19472243E+02
   19.22408909  0.34094245E+01    1.413000  0.19515059E+02
   19.23769425  0.34083815E+01    1.414000  0.19547832E+02
   19.25129941  0.34059924E+01    1.415000  0.19572846E+02
   19.26490457  0.34062743E+01    1.416000  0.19613185E+02
   19.27850972  0.34061869E+01    1.417000  0.19651400E+02
   19.29211488  0.34070903E+01    1.418000  0.19695340E+02
   19.30572004  0.34086479E+01    1.419000  0.19743090E+02
   19.31932520  0.34039604E+01    1.420000  0.19754633E+02
   19.33293036  0.34085825E+01    1.421000  0.19820202E+02
   19.34653552  0.34006830E+01    1.422000  0.19812924E+02
   19.36014068  0.34016633E+01    1.423000  0.19857302E+02
   19.37374583  0.34007595E+01    1.424000  0.19890682E+02
   19.38735099  0.33991144E+01    1.425000  0.19919698E+02
   19.40095615  0.34014264E+01    1.426000  0.19971911E+02
   19.41456131  0.33671587E+01    1.427000  0.19808978E+02
   19.42816647  0.33995129E+01    1.428000  0.20037960E+02
   19.44177163  0.33988518E+01    1.429000  0.20072698E+02
   19.45537679  0.33965898E+01    1.430000  0.20097948E+02
   19.46898194  0.33984226E+01    1.431000  0.20147423E+02
   19.48258710  0.33948264E+01    1.432000  0.20164692E+02
   19.49619226  0.33932348E+01    1.433000  0.20193809E+02
   19.50979742  0.36169862E+01    1.434000  0.21566512E+02
   19.52340258  0.34468550E+01    1.435000  0.20591274E+02
   19.53700774  0.33864469E+01    1.436000  0.20268894E+02
   19.55061290  0.33841570E+01    1.437000  0.20293656E+02
   19.56421805  0.33854710E+01    1.438000  0.20340018E+02
   19.57782321  0.33850949E+01    1.439000  0.20376237E+02
   19.59142837  0.33819609E+01    1.440000  0.20395815E+02
   19.99958313  0.34090063E+01    1.470000  0.21721424E+02
   24.99947891  0.30638237E+01    1.837500  0.32320722E+02
   29.99937469  0.26568607E+01    2.205000  0.39126300E+02
   34.99927048  0.23197483E+01    2.572500  0.43852255E+02
   39.99916626  0.20408295E+01    2.940000  0.47104905E+02
   44.99906204  0.17795593E+01    3.307500  0.48508339E+02
   49.99895782  0.16099776E+01    3.675000  0.50611247E+02
   54.99885361  0.14424237E+01    4.042500  0.51369560E+02
   59.99874939  0.13019974E+01    4.410000  0.51807431E+02
   64.99864517  0.11843202E+01    4.777500  0.52072313E+02
   69.99854095  0.10854203E+01    5.145000  0.52258073E+02
   74.99843674  0.10016405E+01    5.512500  0.52408677E+02
   79.99833252  0.93057534E+00    5.880000  0.52577704E+02
   84.99822830  0.87077045E+00    6.247500  0.52836245E+02
   89.99812408  0.82060439E+00    6.615000  0.53220258E+02
   94.99801987  0.77824147E+00    6.982500  0.53723815E+02
   99.99791565  0.74291548E+00    7.350000  0.54388613E+02
  104.99781143  0.71418942E+00    7.717500  0.55269020E+02
  109.99770721  0.69087548E+00    8.085000  0.56350865E+02
  114.99760300  0.67278724E+00    8.452500  0.57685989E+02
  119.99749878  0.65978247E+00    8.820000  0.59327092E+02
  124.99739456  0.65126458E+00    9.187500  0.61281743E+02
  129.99729034  0.64778163E+00    9.555000  0.63660033E+02
  134.99718613  0.64919333E+00    9.922500  0.66510687E+02
