EXCITATION
N(2p3_4So) -> N(2p2_3P_3p_2So)
 1.161800e+1
SPECIES: e / N(2p3_4So)
PROCESS: E + N(2p3_4So) -> E + N(2p2_3P_3p_2So), Excitation
PARAM.:  E = 11.618 eV
UPDATED: 2019-01-30 20:10:45
COLUMNS: Energy (eV) | Cross section (m2)
-----------------------------
1.1617938520e+1    0.0000000e+7
1.1618805440e+1    4.2279283e-24
1.1632410600e+1    1.9946503e-23
1.1646015750e+1    3.7265792e-23
1.1659620910e+1    8.0867340e-23
1.1673226070e+1    1.1337609e-22
1.1686831230e+1    1.4684547e-22
1.1700436390e+1    1.7934673e-22
1.1714041550e+1    2.0979996e-22
1.1727646710e+1    2.3688035e-22
1.1741251860e+1    2.5927689e-22
1.1754857020e+1    2.7542461e-22
1.1768462180e+1    2.8358399e-22
1.1782067340e+1    2.8168714e-22
1.1795672500e+1    2.5956770e-22
1.1809277660e+1    2.2095609e-22
1.1822882820e+1    1.8279398e-22
1.1836487970e+1    1.5309311e-22
1.1850093130e+1    1.3049161e-22
1.1863698290e+1    1.1301414e-22
1.1877303450e+1    9.9818987e-23
1.1890908610e+1    8.8521043e-23
1.1904513770e+1    7.5093220e-23
1.1918118930e+1    6.3290046e-23
1.1931724080e+1    5.1806518e-23
1.1945329240e+1    4.0827725e-23
1.1958934400e+1    3.0630149e-23
1.1972539560e+1    2.1450067e-23
1.1986144720e+1    1.3911710e-23
1.1999749880e+1    9.9103724e-24
1.2013355040e+1    1.8177918e-23
1.2026960200e+1    2.5067560e-23
1.2040565350e+1    2.8701240e-23
1.2054170510e+1    3.1616336e-23
1.2067775670e+1    3.4217981e-23
1.2081380830e+1    3.5514522e-23
1.2094985990e+1    3.6504285e-23
1.2108591150e+1    3.7326106e-23
1.2122196310e+1    3.8246835e-23
1.2135801460e+1    3.9159541e-23
1.2149406620e+1    4.0168898e-23
1.2163011780e+1    4.2250691e-23
1.2176616940e+1    4.5365319e-23
1.2190222100e+1    4.7111336e-23
1.2203827260e+1    4.8315674e-23
1.2217432420e+1    4.8544590e-23
1.2231037570e+1    4.9131562e-23
1.2244642730e+1    4.9578289e-23
1.2258247890e+1    5.0008189e-23
1.2271853050e+1    5.0432452e-23
1.2285458210e+1    5.0890712e-23
1.2299063370e+1    5.1431974e-23
1.2312668530e+1    5.2146366e-23
1.2326273680e+1    5.3195789e-23
1.2339878840e+1    5.4459269e-23
1.2353484000e+1    5.3738244e-23
1.2367089160e+1    5.1957959e-23
1.2380694320e+1    5.1533691e-23
1.2394299480e+1    5.1704564e-23
1.2407904640e+1    5.1982232e-23
1.2421509790e+1    5.2198589e-23
1.2435114950e+1    5.2394161e-23
1.2448720110e+1    5.2572562e-23
1.2462325270e+1    5.2737577e-23
1.2475930430e+1    5.2899960e-23
1.2489535590e+1    5.3050044e-23
1.2503140750e+1    5.3199260e-23
1.2516745900e+1    5.3354153e-23
1.2530351060e+1    5.3522994e-23
1.2543956220e+1    5.3716349e-23
1.2557561380e+1    5.3949645e-23
1.2571166540e+1    5.4243133e-23
1.2584771700e+1    5.4629814e-23
1.2598376860e+1    5.5169749e-23
1.2611982010e+1    5.5915975e-23
1.2625587170e+1    5.7067431e-23
1.2639192330e+1    5.8938454e-23
1.2652797490e+1    6.2271832e-23
1.2666402650e+1    6.8589848e-23
1.2680007810e+1    7.2493555e-23
1.2693612970e+1    4.8281450e-23
1.2707218120e+1    4.1846641e-23
1.2720823280e+1    4.2345047e-23
1.2734428440e+1    4.3093180e-23
1.2748033600e+1    4.3413845e-23
1.2761638760e+1    4.3200115e-23
1.2775243920e+1    4.2977707e-23
1.2788849080e+1    5.5766992e-23
1.2802454230e+1    6.5250348e-23
1.2816059390e+1    5.8799488e-23
1.2829664550e+1    5.5607969e-23
1.2843269710e+1    5.2646933e-23
1.2856874870e+1    5.2528684e-23
1.2870480030e+1    4.6006548e-23
1.2884085190e+1    4.9409154e-23
1.2897690340e+1    6.7483369e-23
1.2911295500e+1    7.4485224e-23
1.2924900660e+1    8.2257798e-23
1.2938505820e+1    7.4497248e-23
1.2952110980e+1    6.4577867e-23
1.2965716140e+1    5.7271744e-23
1.2979321300e+1    4.9054186e-23
1.2992926460e+1    5.0026723e-23
1.3006531610e+1    4.6039641e-23
1.3020136770e+1    4.4015564e-23
1.3033741930e+1    4.4685973e-23
1.3047347090e+1    4.8794434e-23
1.3060952250e+1    5.8134906e-23
1.3074557410e+1    5.6942072e-23
1.3088162570e+1    5.5819279e-23
1.3101767720e+1    5.5170266e-23
1.3115372880e+1    5.4059001e-23
1.3128978040e+1    5.3256889e-23
1.3142583200e+1    5.2687102e-23
1.3156188360e+1    5.4783218e-23
1.3169793520e+1    5.2132817e-23
1.3183398680e+1    5.1082879e-23
1.3197003830e+1    5.3102374e-23
1.3210608990e+1    5.2092137e-23
1.3224214150e+1    4.7319297e-23
1.3237819310e+1    4.6717658e-23
1.3251424470e+1    4.8342690e-23
1.3265029630e+1    4.7313745e-23
1.3278634790e+1    4.3983278e-23
1.3305845100e+1    3.8534053e-23
1.3319450260e+1    3.7850855e-23
1.3333055420e+1    3.7521940e-23
1.3346660580e+1    3.7663496e-23
1.3360265740e+1    3.8106522e-23
1.3373870900e+1    3.7489311e-23
1.3387476050e+1    3.7247828e-23
1.3401081210e+1    3.6008125e-23
1.3414686370e+1    3.8706494e-23
1.3428291530e+1    3.7338544e-23
1.3441896690e+1    3.7875237e-23
1.3455501850e+1    2.7347751e-23
1.3469107010e+1    3.0786157e-23
1.3482712160e+1    2.9571923e-23
1.3496317320e+1    3.0797775e-23
1.3509922480e+1    3.1914019e-23
1.3523527640e+1    3.4968210e-23
1.3537132800e+1    3.8979577e-23
1.3550737960e+1    4.5149410e-23
1.3564343120e+1    5.4160821e-23
1.3577948270e+1    6.2887555e-23
1.3591553430e+1    6.9747726e-23
1.3605158590e+1    6.3686926e-23
1.3618763750e+1    7.0288415e-23
1.3632368910e+1    6.5708345e-23
1.3645974070e+1    5.9603851e-23
1.3659579230e+1    5.3236132e-23
1.3673184380e+1    4.7298025e-23
1.3700394700e+1    5.2935505e-23
1.3713999860e+1    5.1914422e-23
1.3754815340e+1    6.1941391e-23
1.3768420490e+1    6.3631982e-23
1.3782025650e+1    5.9134768e-23
1.3795630810e+1    5.9383183e-23
1.3809235970e+1    5.4727326e-23
1.3822841130e+1    4.9441282e-23
1.3836446290e+1    5.2228430e-23
1.3850051450e+1    5.0389379e-23
1.3863656600e+1    4.9652519e-23
1.3877261760e+1    4.8804186e-23
1.3890866920e+1    4.7256845e-23
1.3904472080e+1    4.5532475e-23
1.3918077240e+1    4.5815542e-23
1.3931682400e+1    4.5674364e-23
1.3945287560e+1    4.5067030e-23
1.3958892720e+1    4.2248414e-23
1.3972497870e+1    4.1861696e-23
1.3986103030e+1    4.0618832e-23
1.3999708190e+1    4.1036377e-23
1.4013313350e+1    4.2119394e-23
1.4026918510e+1    4.1689213e-23
1.4040523670e+1    4.3022208e-23
1.4054128830e+1    4.1649536e-23
1.4067733980e+1    3.9841712e-23
1.4081339140e+1    3.9823845e-23
1.4094944300e+1    3.9527126e-23
1.4108549460e+1    3.9675678e-23
1.4122154620e+1    3.9872075e-23
1.4135759780e+1    3.9590664e-23
1.4149364940e+1    3.9956251e-23
1.4162970090e+1    3.8598064e-23
1.4176575250e+1    3.8279469e-23
1.4190180410e+1    3.9414469e-23
1.4203785570e+1    3.9866568e-23
1.4217390730e+1    3.9920480e-23
1.4230995890e+1    4.0108640e-23
1.4244601050e+1    3.8509709e-23
1.4258206200e+1    3.6781203e-23
1.4271811360e+1    3.7612923e-23
1.4285416520e+1    3.8567468e-23
1.4299021680e+1    3.9790395e-23
1.4312626840e+1    4.0973816e-23
1.4326232000e+1    4.1933603e-23
1.4339837160e+1    4.3165053e-23
1.4353442310e+1    4.4481375e-23
1.4367047470e+1    4.3088500e-23
1.4380652630e+1    4.6280582e-23
1.4394257790e+1    4.6606901e-23
1.4407862950e+1    4.4917129e-23
1.4421468110e+1    4.5057298e-23
1.4435073270e+1    4.5416562e-23
1.4448678420e+1    4.5389582e-23
1.4462283580e+1    4.5183862e-23
1.4475888740e+1    4.5670420e-23
1.4489493900e+1    4.6190155e-23
1.4503099060e+1    4.5692608e-23
1.4516704220e+1    4.5740799e-23
1.4530309380e+1    4.7102795e-23
1.4543914530e+1    4.7832404e-23
1.4557519690e+1    4.8508099e-23
1.4571124850e+1    4.8355299e-23
1.4584730010e+1    4.8468334e-23
1.4598335170e+1    4.8897027e-23
1.4611940330e+1    4.8923832e-23
1.4625545490e+1    4.9338929e-23
1.4639150640e+1    4.9622434e-23
1.4652755800e+1    4.9320267e-23
1.4666360960e+1    4.9586637e-23
1.4679966120e+1    4.9373714e-23
1.4693571280e+1    5.1443536e-23
1.4707176440e+1    5.1170782e-23
1.4720781600e+1    4.8809390e-23
1.4734386750e+1    4.9549591e-23
1.4747991910e+1    4.9873898e-23
1.4761597070e+1    5.0338241e-23
1.4775202230e+1    5.0359085e-23
1.4788807390e+1    5.0103112e-23
1.4802412550e+1    5.0878729e-23
1.4816017710e+1    4.8075119e-23
1.4829622860e+1    4.6912460e-23
1.4843228020e+1    4.4836557e-23
1.4856833180e+1    4.5340341e-23
1.4870438340e+1    4.3002863e-23
1.4884043500e+1    4.2745683e-23
1.4897648660e+1    4.2517926e-23
1.4911253820e+1    4.2326975e-23
1.4924858980e+1    4.2788516e-23
1.4938464130e+1    4.1496728e-23
1.4952069290e+1    4.2239262e-23
1.4965674450e+1    4.1829752e-23
1.4979279610e+1    4.1457704e-23
1.4992884770e+1    4.0971450e-23
1.5006489930e+1    3.9724407e-23
1.5020095090e+1    3.8814386e-23
1.5033700240e+1    4.2335275e-23
1.5047305400e+1    4.1249617e-23
1.5060910560e+1    4.3178310e-23
1.5074515720e+1    4.3494827e-23
1.5088120880e+1    4.3909883e-23
1.5101726040e+1    4.3124917e-23
1.5115331200e+1    4.3485490e-23
1.5128936350e+1    4.2642959e-23
1.5142541510e+1    4.4904474e-23
1.5156146670e+1    4.4990614e-23
1.5169751830e+1    4.5332775e-23
1.5183356990e+1    4.6136583e-23
1.5196962150e+1    4.6550950e-23
1.5210567310e+1    4.6762989e-23
1.5224172460e+1    4.7626759e-23
1.5237777620e+1    4.6331128e-23
1.5251382780e+1    4.6519207e-23
1.5264987940e+1    4.7160088e-23
1.5278593100e+1    4.6563681e-23
1.5292198260e+1    4.7036808e-23
1.5305803420e+1    4.8151101e-23
1.5319408570e+1    4.7108171e-23
1.5333013730e+1    4.8893280e-23
1.5346618890e+1    4.8011179e-23
1.5360224050e+1    4.6632228e-23
1.5373829210e+1    4.7368139e-23
1.5387434370e+1    4.6580139e-23
1.5401039530e+1    4.6111549e-23
1.5414644680e+1    4.6982959e-23
1.5428249840e+1    4.6493881e-23
1.5441855000e+1    4.6059702e-23
1.5455460160e+1    4.5834200e-23
1.5469065320e+1    4.4158154e-23
1.5482670480e+1    4.3082323e-23
1.5509880790e+1    4.3082158e-23
1.5523485950e+1    4.2425382e-23
1.5537091110e+1    4.3005367e-23
1.5550696270e+1    4.3760424e-23
1.5564301430e+1    4.4330400e-23
1.5577906590e+1    4.4438005e-23
1.5591511750e+1    4.5020729e-23
1.5605116900e+1    4.7775673e-23
1.5618722060e+1    4.6371299e-23
1.5632327220e+1    4.5443948e-23
1.5645932380e+1    4.4931527e-23
1.5659537540e+1    4.4935661e-23
1.5673142700e+1    4.4917014e-23
1.5686747860e+1    4.4516767e-23
1.5700353010e+1    4.4072795e-23
1.5713958170e+1    4.4563645e-23
1.5727563330e+1    4.3669119e-23
1.5741168490e+1    4.4293375e-23
1.5754773650e+1    4.4090768e-23
1.5768378810e+1    4.3307290e-23
1.5781983970e+1    4.5692198e-23
1.5795589120e+1    4.4463266e-23
1.5809194280e+1    4.5046315e-23
1.5822799440e+1    4.4552549e-23
1.5836404600e+1    4.5937100e-23
1.5850009760e+1    4.7892048e-23
1.5863614920e+1    4.7284068e-23
1.5877220080e+1    4.7157214e-23
1.5890825240e+1    4.4455848e-23
1.5904430390e+1    4.2211605e-23
1.5918035550e+1    4.0082955e-23
1.5931640710e+1    3.9809038e-23
1.5945245870e+1    3.9400900e-23
1.5958851030e+1    3.7417416e-23
1.5972456190e+1    3.6889837e-23
1.5986061350e+1    3.5583540e-23
1.5999666500e+1    3.5604570e-23
1.6013271660e+1    3.4587768e-23
1.6026876820e+1    3.4142134e-23
1.6040481980e+1    3.3714532e-23
1.6054087140e+1    3.3250498e-23
1.6067692300e+1    3.4592691e-23
1.6081297460e+1    3.3533919e-23
1.6094902610e+1    3.3701820e-23
1.6108507770e+1    3.3819904e-23
1.6122112930e+1    3.4188047e-23
1.6135718090e+1    3.3276914e-23
1.6149323250e+1    3.2690830e-23
1.6162928410e+1    3.3185098e-23
1.6176533570e+1    3.3195451e-23
1.6190138720e+1    3.3855354e-23
1.6203743880e+1    3.3637547e-23
1.6217349040e+1    3.4164885e-23
1.6230954200e+1    3.4085001e-23
1.6244559360e+1    3.3770877e-23
1.6258164520e+1    3.3960421e-23
1.6271769680e+1    3.3876356e-23
1.6285374830e+1    3.4067147e-23
1.6298979990e+1    3.3726090e-23
1.6312585150e+1    3.2845353e-23
1.6326190310e+1    3.2671128e-23
1.6339795470e+1    3.2961200e-23
1.6353400630e+1    3.3685164e-23
1.6367005790e+1    3.2408623e-23
1.6394216100e+1    3.5610185e-23
1.6407821260e+1    3.4072064e-23
1.6421426420e+1    3.4687913e-23
1.6435031580e+1    3.4718366e-23
1.6448636740e+1    3.6519874e-23
1.6462241900e+1    3.7453633e-23
1.6475847050e+1    3.8499706e-23
1.6489452210e+1    4.0004013e-23
1.6503057370e+1    4.0505836e-23
1.6516662530e+1    4.0945501e-23
1.6530267690e+1    4.2042387e-23
1.6543872850e+1    4.3052441e-23
1.6557478010e+1    4.3881242e-23
1.6571083160e+1    4.4890397e-23
1.6584688320e+1    4.5292803e-23
1.6598293480e+1    4.5721280e-23
1.6611898640e+1    4.6770059e-23
1.6625503800e+1    4.6003117e-23
1.6639108960e+1    4.6651775e-23
1.6652714120e+1    4.7585860e-23
1.6679924430e+1    4.7515180e-23
1.6693529590e+1    4.7510464e-23
1.6707134750e+1    4.7136422e-23
1.6720739910e+1    4.6903745e-23
1.6734345070e+1    4.6596287e-23
1.6747950230e+1    4.6170611e-23
1.6761555380e+1    4.6055356e-23
1.6775160540e+1    4.6405069e-23
1.6788765700e+1    4.4904106e-23
1.6802370860e+1    4.4591610e-23
1.6815976020e+1    4.5072713e-23
1.6829581180e+1    4.5358124e-23
1.6843186340e+1    4.6101761e-23
1.6856791500e+1    4.5658833e-23
1.6870396650e+1    4.5915375e-23
1.6884001810e+1    4.5345263e-23
1.6897606970e+1    4.5279209e-23
1.6911212130e+1    4.5764136e-23
1.6924817290e+1    4.4843800e-23
1.6938422450e+1    4.4138445e-23
1.6952027610e+1    4.4569558e-23
1.6965632760e+1    4.5328618e-23
1.6979237920e+1    4.4771287e-23
1.6992843080e+1    4.3365202e-23
1.7006448240e+1    4.4187493e-23
1.7020053400e+1    4.4123749e-23
1.7033658560e+1    4.4766161e-23
1.7047263720e+1    4.4127515e-23
1.7060868870e+1    4.3485368e-23
1.7074474030e+1    4.3716267e-23
1.7088079190e+1    4.3958260e-23
1.7101684350e+1    4.2677500e-23
1.7115289510e+1    4.2324980e-23
1.7128894670e+1    4.2085371e-23
1.7142499830e+1    4.2114154e-23
1.7156104980e+1    4.1813010e-23
1.7169710140e+1    4.1940371e-23
1.7183315300e+1    4.2089003e-23
1.7196920460e+1    4.1619986e-23
1.7210525620e+1    4.1546394e-23
1.7224130780e+1    4.1339210e-23
1.7237735940e+1    4.1816212e-23
1.7251341090e+1    4.1497232e-23
1.7264946250e+1    4.1240894e-23
1.7278551410e+1    4.1164314e-23
1.7292156570e+1    4.0990890e-23
1.7305761730e+1    4.0059723e-23
1.7319366890e+1    3.9644213e-23
1.7332972050e+1    3.9855918e-23
1.7346577200e+1    3.9785962e-23
1.7360182360e+1    4.0300722e-23
1.7373787520e+1    3.9801098e-23
1.7387392680e+1    3.9502582e-23
1.7400997840e+1    3.9391013e-23
1.7414603000e+1    3.9543395e-23
1.7428208160e+1    3.9234596e-23
1.7441813310e+1    3.8271253e-23
1.7455418470e+1    3.8792190e-23
1.7469023630e+1    3.7880598e-23
1.7482628790e+1    3.8574644e-23
1.7496233950e+1    3.7487470e-23
1.7509839110e+1    3.7546645e-23
1.7523444270e+1    3.6636963e-23
1.7537049420e+1    3.7569486e-23
1.7550654580e+1    3.7776472e-23
1.7564259740e+1    3.8292194e-23
1.7577864900e+1    3.7143284e-23
1.7591470060e+1    3.7562725e-23
1.7605075220e+1    3.7903540e-23
1.7618680380e+1    3.7868749e-23
1.7632285530e+1    3.7405864e-23
1.7645890690e+1    3.7219447e-23
1.7659495850e+1    3.8822114e-23
1.7673101010e+1    3.7564657e-23
1.7686706170e+1    3.7551612e-23
1.7700311330e+1    3.8071360e-23
1.7713916490e+1    3.7566756e-23
1.7727521640e+1    3.7549600e-23
1.7741126800e+1    3.7640881e-23
1.7754731960e+1    3.7677892e-23
1.7768337120e+1    3.7969863e-23
1.7781942280e+1    3.8176061e-23
1.7795547440e+1    3.7934910e-23
1.7809152600e+1    3.8780075e-23
1.7822757760e+1    3.9223132e-23
1.7836362910e+1    3.8736115e-23
1.7849968070e+1    3.9046296e-23
1.7863573230e+1    3.9423339e-23
1.7877178390e+1    3.9018906e-23
1.7890783550e+1    3.9811446e-23
1.7904388710e+1    3.9944155e-23
1.7917993870e+1    3.9394350e-23
1.7931599020e+1    4.1063257e-23
1.7945204180e+1    3.9222266e-23
1.7958809340e+1    3.9672742e-23
1.7972414500e+1    4.0971215e-23
1.7986019660e+1    4.0354993e-23
1.7999624820e+1    3.9751092e-23
1.8013229980e+1    4.0691389e-23
1.8026835130e+1    4.0434906e-23
1.8040440290e+1    4.1220978e-23
1.8054045450e+1    4.1236669e-23
1.8067650610e+1    4.1705637e-23
1.8081255770e+1    4.0695725e-23
1.8094860930e+1    4.0165969e-23
1.8108466090e+1    4.0305725e-23
1.8122071240e+1    4.0661322e-23
1.8135676400e+1    4.0287279e-23
1.8149281560e+1    4.0132270e-23
1.8162886720e+1    4.0260156e-23
1.8176491880e+1    4.0000097e-23
1.8190097040e+1    4.0361080e-23
1.8203702200e+1    3.9551886e-23
1.8217307350e+1    3.9850501e-23
1.8230912510e+1    4.0113899e-23
1.8244517670e+1    4.0714087e-23
1.8258122830e+1    4.0217234e-23
1.8271727990e+1    3.8074754e-23
1.8285333150e+1    3.7324118e-23
1.8298938310e+1    3.8002541e-23
1.8312543460e+1    3.9862155e-23
1.8326148620e+1    3.7425397e-23
1.8339753780e+1    3.7292557e-23
1.8353358940e+1    3.6709171e-23
1.8366964100e+1    3.6382980e-23
1.8380569260e+1    3.6325430e-23
1.8394174420e+1    3.4805611e-23
1.8407779570e+1    3.4834192e-23
1.8421384730e+1    3.5479415e-23
1.8434989890e+1    3.4603202e-23
1.8448595050e+1    3.4219871e-23
1.8462200210e+1    3.4078884e-23
1.8475805370e+1    3.4159662e-23
1.8489410530e+1    3.3947863e-23
1.8503015680e+1    3.4066613e-23
1.8516620840e+1    3.3895809e-23
1.8530226000e+1    3.3623836e-23
1.8543831160e+1    3.3008413e-23
1.8557436320e+1    3.3804042e-23
1.8571041480e+1    3.3462101e-23
1.8584646640e+1    3.3177418e-23
1.8598251790e+1    3.3271808e-23
1.8611856950e+1    3.3032381e-23
1.8625462110e+1    3.3096811e-23
1.8639067270e+1    3.3094872e-23
1.8652672430e+1    3.2953924e-23
1.8666277590e+1    3.2569431e-23
1.8679882750e+1    3.2470123e-23
1.8693487900e+1    3.2400505e-23
1.8707093060e+1    3.2096292e-23
1.8720698220e+1    3.2227429e-23
1.8734303380e+1    3.1730582e-23
1.8747908540e+1    3.2296083e-23
1.8761513700e+1    3.2684794e-23
1.8775118860e+1    3.2711579e-23
1.8788724020e+1    3.1853429e-23
1.8802329170e+1    3.1693255e-23
1.8815934330e+1    3.2040624e-23
1.8829539490e+1    3.1794977e-23
1.8843144650e+1    3.2060877e-23
1.8856749810e+1    3.2601784e-23
1.8870354970e+1    3.1768022e-23
1.8883960130e+1    3.1613267e-23
1.8897565280e+1    3.1951245e-23
1.8911170440e+1    3.1345377e-23
1.8924775600e+1    3.1554029e-23
1.8938380760e+1    3.1299138e-23
1.8951985920e+1    3.0790030e-23
1.8965591080e+1    3.0741861e-23
1.8979196240e+1    3.2390648e-23
1.8992801390e+1    3.2422297e-23
1.9006406550e+1    3.2184536e-23
1.9020011710e+1    3.2237123e-23
1.9033616870e+1    3.2742999e-23
1.9047222030e+1    3.2652539e-23
1.9060827190e+1    3.2827471e-23
1.9074432350e+1    3.2551461e-23
1.9088037500e+1    3.2718150e-23
1.9101642660e+1    3.3158257e-23
1.9115247820e+1    3.3248642e-23
1.9128852980e+1    3.3589564e-23
1.9142458140e+1    3.4023334e-23
1.9156063300e+1    3.4439657e-23
1.9169668460e+1    3.5185084e-23
1.9183273610e+1    3.4905500e-23
1.9196878770e+1    3.4535552e-23
1.9210483930e+1    3.4769276e-23
1.9224089090e+1    3.4085876e-23
1.9237694250e+1    3.4763854e-23
1.9251299410e+1    3.4771164e-23
1.9264904570e+1    3.5082422e-23
1.9278509720e+1    3.7085697e-23
1.9292114880e+1    3.5999530e-23
1.9305720040e+1    3.6149333e-23
1.9319325200e+1    3.5974971e-23
1.9332930360e+1    3.6163763e-23
1.9346535520e+1    3.6286650e-23
1.9360140680e+1    3.5831203e-23
1.9373745830e+1    3.5935492e-23
1.9387350990e+1    3.6569841e-23
1.9400956150e+1    3.8390685e-23
1.9414561310e+1    3.6767372e-23
1.9428166470e+1    3.6566797e-23
1.9441771630e+1    3.7610027e-23
1.9455376790e+1    3.8390368e-23
1.9468981940e+1    3.7114960e-23
1.9482587100e+1    3.7033993e-23
1.9496192260e+1    3.7455875e-23
1.9509797420e+1    3.7356900e-23
1.9523402580e+1    3.7322159e-23
1.9537007740e+1    3.7218485e-23
1.9550612900e+1    3.7665202e-23
1.9564218050e+1    3.8134496e-23
1.9577823210e+1    3.7250882e-23
1.9591428370e+1    3.7092353e-23
1.9999583130e+1    3.4709651e-23
2.4999478910e+1    2.5382194e-23
2.9999374690e+1    2.5371931e-23
3.4999270480e+1    2.0909978e-23
3.9999166260e+1    1.7737972e-23
4.4999062040e+1    1.5275688e-23
4.9998957820e+1    1.3091121e-23
5.4998853610e+1    1.1575755e-23
5.9998749390e+1    1.0497686e-23
6.4998645170e+1    8.9333588e-24
6.9998540950e+1    7.5688892e-24
7.4998436740e+1    6.3883517e-24
7.9998332520e+1    5.4593070e-24
8.4998228300e+1    4.6966716e-24
8.9998124080e+1    4.0752711e-24
9.4998019870e+1    3.5663149e-24
9.9997915650e+1    3.1450299e-24
1.0499781143e+2    2.7914354e-24
1.0999770721e+2    2.4876913e-24
1.1499760300e+2    2.2270954e-24
1.1999749878e+2    2.0048216e-24
1.2499739456e+2    1.8093828e-24
1.2999729034e+2    1.6387372e-24
1.3499718613e+2    1.4897854e-24
-----------------------------

