EXCITATION
N(2p2_3P_3d_4Fe) -> N(2p2_3P_3d_2De)
 1.302100e+1
SPECIES: e / N(2p2_3P_3d_4Fe)
PROCESS: E + N(2p2_3P_3d_4Fe) -> E + N(2p2_3P_3d_2De), Excitation
PARAM.:  E = 13.021 eV
UPDATED: 2019-01-30 20:10:48
COLUMNS: Energy (eV) | Cross section (m2)
-----------------------------
1.3021263280e+1    0.0000000e+7
1.3033741930e+1    3.4368564e-20
1.3047347090e+1    6.1118961e-20
1.3060952250e+1    7.2058232e-20
1.3074557410e+1    8.7066345e-20
1.3088162570e+1    1.0782344e-19
1.3101767720e+1    1.2264609e-19
1.3115372880e+1    1.9544273e-19
1.3128978040e+1    1.9872985e-19
1.3142583200e+1    2.0036043e-19
1.3156188360e+1    2.2673792e-19
1.3169793520e+1    2.2516976e-19
1.3183398680e+1    2.2300846e-19
1.3197003830e+1    2.1799478e-19
1.3210608990e+1    2.3851992e-19
1.3224214150e+1    2.3813151e-19
1.3237819310e+1    2.3877682e-19
1.3251424470e+1    2.3047592e-19
1.3265029630e+1    2.3143394e-19
1.3278634790e+1    2.3333203e-19
1.3305845100e+1    2.2723077e-19
1.3319450260e+1    2.2557079e-19
1.3333055420e+1    2.2567876e-19
1.3346660580e+1    2.2529269e-19
1.3360265740e+1    2.1813178e-19
1.3373870900e+1    2.1258459e-19
1.3387476050e+1    2.0298292e-19
1.3401081210e+1    1.9587912e-19
1.3414686370e+1    1.9054308e-19
1.3428291530e+1    1.8718949e-19
1.3441896690e+1    1.8148324e-19
1.3455501850e+1    1.7770199e-19
1.3469107010e+1    1.7356984e-19
1.3482712160e+1    1.7037531e-19
1.3496317320e+1    1.6525295e-19
1.3509922480e+1    1.6185540e-19
1.3523527640e+1    1.5358385e-19
1.3537132800e+1    1.5192624e-19
1.3550737960e+1    1.4936421e-19
1.3564343120e+1    1.4533295e-19
1.3577948270e+1    1.4076714e-19
1.3591553430e+1    1.3693185e-19
1.3605158590e+1    1.3095325e-19
1.3618763750e+1    1.2220750e-19
1.3632368910e+1    1.1599546e-19
1.3645974070e+1    1.1242797e-19
1.3659579230e+1    1.1733903e-19
1.3673184380e+1    1.1605149e-19
1.3700394700e+1    1.1444706e-19
1.3713999860e+1    1.3352171e-19
1.3754815340e+1    1.3686701e-19
1.3768420490e+1    1.4068500e-19
1.3782025650e+1    1.4087384e-19
1.3795630810e+1    1.3152306e-19
1.3809235970e+1    1.3825443e-19
1.3822841130e+1    1.2218291e-19
1.3836446290e+1    1.1535307e-19
1.3850051450e+1    1.0864788e-19
1.3863656600e+1    1.0136138e-19
1.3877261760e+1    9.7406918e-20
1.3890866920e+1    9.0995921e-20
1.3904472080e+1    9.0111491e-20
1.3918077240e+1    9.0055017e-20
1.3931682400e+1    8.2453029e-20
1.3945287560e+1    7.7822237e-20
1.3958892720e+1    7.5184260e-20
1.3972497870e+1    7.1265971e-20
1.3986103030e+1    7.0111561e-20
1.3999708190e+1    6.5894484e-20
1.4013313350e+1    6.4993968e-20
1.4026918510e+1    6.4264919e-20
1.4040523670e+1    6.5192452e-20
1.4054128830e+1    6.2474886e-20
1.4067733980e+1    6.3046484e-20
1.4081339140e+1    6.1743792e-20
1.4094944300e+1    5.8880039e-20
1.4108549460e+1    5.5505426e-20
1.4122154620e+1    5.1864188e-20
1.4135759780e+1    5.1527424e-20
1.4149364940e+1    5.0006550e-20
1.4162970090e+1    4.8687464e-20
1.4176575250e+1    4.7298120e-20
1.4190180410e+1    4.5494745e-20
1.4203785570e+1    4.3858121e-20
1.4217390730e+1    4.2231867e-20
1.4230995890e+1    4.0972596e-20
1.4244601050e+1    4.0089147e-20
1.4258206200e+1    3.9412242e-20
1.4271811360e+1    3.9080031e-20
1.4285416520e+1    3.8516819e-20
1.4299021680e+1    3.7877666e-20
1.4312626840e+1    3.7916873e-20
1.4326232000e+1    3.9586487e-20
1.4339837160e+1    3.9992220e-20
1.4353442310e+1    3.7973794e-20
1.4367047470e+1    3.8275283e-20
1.4380652630e+1    3.9655543e-20
1.4394257790e+1    4.0560972e-20
1.4407862950e+1    4.1985724e-20
1.4421468110e+1    4.4357577e-20
1.4435073270e+1    4.5533610e-20
1.4448678420e+1    4.5036596e-20
1.4462283580e+1    4.3742344e-20
1.4475888740e+1    4.2087651e-20
1.4489493900e+1    3.9918938e-20
1.4503099060e+1    3.8190569e-20
1.4516704220e+1    3.6429556e-20
1.4530309380e+1    3.5667860e-20
1.4543914530e+1    3.5461344e-20
1.4557519690e+1    3.4052213e-20
1.4571124850e+1    3.3140943e-20
1.4584730010e+1    3.3884257e-20
1.4598335170e+1    3.2508301e-20
1.4611940330e+1    3.1194014e-20
1.4625545490e+1    2.9643916e-20
1.4639150640e+1    2.9387565e-20
1.4652755800e+1    2.8314424e-20
1.4666360960e+1    2.7699755e-20
1.4679966120e+1    2.6498508e-20
1.4693571280e+1    2.5956793e-20
1.4707176440e+1    2.5196348e-20
1.4720781600e+1    2.4782017e-20
1.4734386750e+1    2.3751327e-20
1.4747991910e+1    2.4044823e-20
1.4761597070e+1    2.3896878e-20
1.4775202230e+1    2.3503271e-20
1.4788807390e+1    2.2813447e-20
1.4802412550e+1    2.2810892e-20
1.4816017710e+1    2.2778807e-20
1.4829622860e+1    2.2777009e-20
1.4843228020e+1    2.2348485e-20
1.4856833180e+1    2.1999709e-20
1.4870438340e+1    2.2051521e-20
1.4884043500e+1    2.1427408e-20
1.4897648660e+1    2.1260844e-20
1.4911253820e+1    2.0983772e-20
1.4924858980e+1    2.0951667e-20
1.4938464130e+1    2.0669664e-20
1.4952069290e+1    2.0146881e-20
1.4965674450e+1    1.9749373e-20
1.4979279610e+1    1.9228569e-20
1.4992884770e+1    1.9010982e-20
1.5006489930e+1    1.8688959e-20
1.5020095090e+1    1.8166190e-20
1.5033700240e+1    1.8303714e-20
1.5047305400e+1    1.8285775e-20
1.5060910560e+1    1.7755343e-20
1.5074515720e+1    1.7391393e-20
1.5088120880e+1    1.7164674e-20
1.5101726040e+1    1.6833672e-20
1.5115331200e+1    1.6640429e-20
1.5128936350e+1    1.6515131e-20
1.5142541510e+1    1.6533994e-20
1.5156146670e+1    1.6512713e-20
1.5169751830e+1    1.6834564e-20
1.5183356990e+1    1.6854152e-20
1.5196962150e+1    1.7122260e-20
1.5210567310e+1    1.6662045e-20
1.5224172460e+1    1.6879771e-20
1.5237777620e+1    1.6732315e-20
1.5251382780e+1    1.6713773e-20
1.5264987940e+1    1.6436996e-20
1.5278593100e+1    1.6837270e-20
1.5292198260e+1    1.6710900e-20
1.5305803420e+1    1.6521656e-20
1.5319408570e+1    1.6305186e-20
1.5333013730e+1    1.6268232e-20
1.5346618890e+1    1.6159297e-20
1.5360224050e+1    1.6047740e-20
1.5373829210e+1    1.5884488e-20
1.5387434370e+1    1.5486113e-20
1.5401039530e+1    1.5129486e-20
1.5414644680e+1    1.4473186e-20
1.5428249840e+1    1.3962843e-20
1.5441855000e+1    1.3378983e-20
1.5455460160e+1    1.2914065e-20
1.5469065320e+1    1.2270345e-20
1.5482670480e+1    1.2034506e-20
1.5509880790e+1    1.1655935e-20
1.5523485950e+1    1.1383154e-20
1.5537091110e+1    1.1228582e-20
1.5550696270e+1    1.0797465e-20
1.5564301430e+1    1.0558534e-20
1.5577906590e+1    1.0499263e-20
1.5591511750e+1    1.0587654e-20
1.5605116900e+1    1.0232215e-20
1.5618722060e+1    1.0064169e-20
1.5632327220e+1    9.7627007e-21
1.5645932380e+1    9.7172066e-21
1.5659537540e+1    9.6198011e-21
1.5673142700e+1    9.4747201e-21
1.5686747860e+1    9.1788571e-21
1.5700353010e+1    9.0180663e-21
1.5713958170e+1    8.8038815e-21
1.5727563330e+1    8.8000337e-21
1.5741168490e+1    8.4516924e-21
1.5754773650e+1    8.7492486e-21
1.5768378810e+1    8.4985297e-21
1.5781983970e+1    8.3631988e-21
1.5795589120e+1    8.1959284e-21
1.5809194280e+1    8.0898936e-21
1.5822799440e+1    8.1529958e-21
1.5836404600e+1    7.9777212e-21
1.5850009760e+1    7.9693989e-21
1.5863614920e+1    7.9150149e-21
1.5877220080e+1    7.9267741e-21
1.5890825240e+1    7.6474602e-21
1.5904430390e+1    7.6271669e-21
1.5918035550e+1    7.8163621e-21
1.5931640710e+1    7.6746383e-21
1.5945245870e+1    7.6327882e-21
1.5958851030e+1    7.5610904e-21
1.5972456190e+1    7.5583088e-21
1.5986061350e+1    7.4358634e-21
1.5999666500e+1    7.2086935e-21
1.6013271660e+1    7.4693826e-21
1.6026876820e+1    7.3605484e-21
1.6040481980e+1    7.4119081e-21
1.6054087140e+1    7.2914719e-21
1.6067692300e+1    7.2552433e-21
1.6081297460e+1    7.1509035e-21
1.6094902610e+1    7.0449763e-21
1.6108507770e+1    6.9504613e-21
1.6122112930e+1    7.0680253e-21
1.6135718090e+1    7.0446862e-21
1.6149323250e+1    6.9791322e-21
1.6162928410e+1    6.8540411e-21
1.6176533570e+1    6.7533009e-21
1.6190138720e+1    6.7415354e-21
1.6203743880e+1    6.6727438e-21
1.6217349040e+1    6.5515387e-21
1.6230954200e+1    6.5598363e-21
1.6244559360e+1    6.5340261e-21
1.6258164520e+1    6.5616130e-21
1.6271769680e+1    6.7420936e-21
1.6285374830e+1    6.5864037e-21
1.6298979990e+1    6.5703940e-21
1.6312585150e+1    6.3823108e-21
1.6326190310e+1    6.3461455e-21
1.6339795470e+1    6.3485915e-21
1.6353400630e+1    6.1898090e-21
1.6367005790e+1    6.0235092e-21
1.6394216100e+1    5.8103753e-21
1.6407821260e+1    5.7624722e-21
1.6421426420e+1    5.8562532e-21
1.6435031580e+1    5.7914110e-21
1.6448636740e+1    5.6832812e-21
1.6462241900e+1    5.4920544e-21
1.6475847050e+1    5.4229680e-21
1.6489452210e+1    5.4412384e-21
1.6503057370e+1    5.4717159e-21
1.6516662530e+1    5.3240000e-21
1.6530267690e+1    5.3250992e-21
1.6543872850e+1    4.9468434e-21
1.6557478010e+1    4.9223399e-21
1.6571083160e+1    5.0398520e-21
1.6584688320e+1    4.9441681e-21
1.6598293480e+1    4.8393189e-21
1.6611898640e+1    4.7898737e-21
1.6625503800e+1    4.5651333e-21
1.6639108960e+1    4.5905516e-21
1.6652714120e+1    4.5688606e-21
1.6679924430e+1    4.5651588e-21
1.6693529590e+1    4.3920922e-21
1.6707134750e+1    4.3021698e-21
1.6720739910e+1    4.3460487e-21
1.6734345070e+1    4.3805606e-21
1.6747950230e+1    4.2760030e-21
1.6761555380e+1    4.3241912e-21
1.6775160540e+1    4.2866599e-21
1.6788765700e+1    4.3979366e-21
1.6802370860e+1    4.4653680e-21
1.6815976020e+1    4.5473043e-21
1.6829581180e+1    4.5395587e-21
1.6843186340e+1    4.5381642e-21
1.6856791500e+1    4.5544051e-21
1.6870396650e+1    4.4732282e-21
1.6884001810e+1    4.4117534e-21
1.6897606970e+1    4.3810726e-21
1.6911212130e+1    4.1450522e-21
1.6924817290e+1    4.2273478e-21
1.6938422450e+1    4.2806807e-21
1.6952027610e+1    4.2201050e-21
1.6965632760e+1    4.2818736e-21
1.6979237920e+1    4.2207695e-21
1.6992843080e+1    4.1191510e-21
1.7006448240e+1    4.1282480e-21
1.7020053400e+1    4.0256308e-21
1.7033658560e+1    4.0191875e-21
1.7047263720e+1    3.9486646e-21
1.7060868870e+1    3.9635908e-21
1.7074474030e+1    3.8959980e-21
1.7088079190e+1    3.8946415e-21
1.7101684350e+1    3.8821447e-21
1.7115289510e+1    3.8717544e-21
1.7128894670e+1    3.9271187e-21
1.7142499830e+1    3.9068148e-21
1.7156104980e+1    3.9447211e-21
1.7169710140e+1    3.8766011e-21
1.7183315300e+1    3.7706160e-21
1.7196920460e+1    3.8071990e-21
1.7210525620e+1    3.7975697e-21
1.7224130780e+1    3.7412513e-21
1.7237735940e+1    3.7156942e-21
1.7251341090e+1    3.7791054e-21
1.7264946250e+1    3.7450046e-21
1.7278551410e+1    3.6971502e-21
1.7292156570e+1    3.6708072e-21
1.7305761730e+1    3.5847440e-21
1.7319366890e+1    3.6454726e-21
1.7332972050e+1    3.6155640e-21
1.7346577200e+1    3.6548181e-21
1.7360182360e+1    3.6416915e-21
1.7373787520e+1    3.5700850e-21
1.7387392680e+1    3.5843105e-21
1.7400997840e+1    3.4505811e-21
1.7414603000e+1    3.3659322e-21
1.7428208160e+1    3.2916962e-21
1.7441813310e+1    3.2470251e-21
1.7455418470e+1    3.1528364e-21
1.7469023630e+1    3.1414491e-21
1.7482628790e+1    3.1090894e-21
1.7496233950e+1    3.1138977e-21
1.7509839110e+1    3.0643173e-21
1.7523444270e+1    3.0086417e-21
1.7537049420e+1    2.9810032e-21
1.7550654580e+1    2.8691694e-21
1.7564259740e+1    2.8658617e-21
1.7577864900e+1    2.8505989e-21
1.7591470060e+1    2.8121580e-21
1.7605075220e+1    2.8278197e-21
1.7618680380e+1    2.8398071e-21
1.7632285530e+1    2.7571614e-21
1.7645890690e+1    2.7731904e-21
1.7659495850e+1    2.6659978e-21
1.7673101010e+1    2.6513094e-21
1.7686706170e+1    2.5997472e-21
1.7700311330e+1    2.6398497e-21
1.7713916490e+1    2.6929451e-21
1.7727521640e+1    2.6939070e-21
1.7741126800e+1    2.6851290e-21
1.7754731960e+1    2.6632994e-21
1.7768337120e+1    2.5729964e-21
1.7781942280e+1    2.6144149e-21
1.7795547440e+1    2.5562858e-21
1.7809152600e+1    2.5396133e-21
1.7822757760e+1    2.5088872e-21
1.7836362910e+1    2.4477455e-21
1.7849968070e+1    2.4290095e-21
1.7863573230e+1    2.4400357e-21
1.7877178390e+1    2.4253894e-21
1.7890783550e+1    2.4136900e-21
1.7904388710e+1    2.3427304e-21
1.7917993870e+1    2.3478319e-21
1.7931599020e+1    2.3129451e-21
1.7945204180e+1    2.2777110e-21
1.7958809340e+1    2.3197522e-21
1.7972414500e+1    2.3143853e-21
1.7986019660e+1    2.2990023e-21
1.7999624820e+1    2.3038485e-21
1.8013229980e+1    2.2896940e-21
1.8026835130e+1    2.2746632e-21
1.8040440290e+1    2.2860123e-21
1.8054045450e+1    2.2629574e-21
1.8067650610e+1    2.2292617e-21
1.8081255770e+1    2.2297469e-21
1.8094860930e+1    2.1743074e-21
1.8108466090e+1    2.1315489e-21
1.8122071240e+1    2.0937154e-21
1.8135676400e+1    2.0728219e-21
1.8149281560e+1    2.1043989e-21
1.8162886720e+1    2.0858440e-21
1.8176491880e+1    2.0569647e-21
1.8190097040e+1    2.1109232e-21
1.8203702200e+1    2.1102206e-21
1.8217307350e+1    2.1027702e-21
1.8230912510e+1    2.0883782e-21
1.8244517670e+1    2.0926200e-21
1.8258122830e+1    2.0997365e-21
1.8271727990e+1    2.1400942e-21
1.8285333150e+1    2.1475016e-21
1.8298938310e+1    2.1521629e-21
1.8312543460e+1    2.2051086e-21
1.8326148620e+1    2.1657067e-21
1.8339753780e+1    2.1786267e-21
1.8353358940e+1    2.1728242e-21
1.8366964100e+1    2.1724387e-21
1.8380569260e+1    2.1863086e-21
1.8394174420e+1    2.1837912e-21
1.8407779570e+1    2.2131526e-21
1.8421384730e+1    2.1744119e-21
1.8434989890e+1    2.1931501e-21
1.8448595050e+1    2.1694028e-21
1.8462200210e+1    2.1525673e-21
1.8475805370e+1    2.1555311e-21
1.8489410530e+1    2.1231020e-21
1.8503015680e+1    2.1154162e-21
1.8516620840e+1    2.0672875e-21
1.8530226000e+1    2.0797693e-21
1.8543831160e+1    2.0766875e-21
1.8557436320e+1    2.0200711e-21
1.8571041480e+1    2.0288761e-21
1.8584646640e+1    2.0081458e-21
1.8598251790e+1    1.9916683e-21
1.8611856950e+1    1.9800315e-21
1.8625462110e+1    1.9674327e-21
1.8639067270e+1    1.9708983e-21
1.8652672430e+1    1.9757174e-21
1.8666277590e+1    1.9116455e-21
1.8679882750e+1    1.9362912e-21
1.8693487900e+1    1.9121260e-21
1.8707093060e+1    1.2559739e-19
1.8720698220e+1    1.8675568e-21
1.8734303380e+1    1.8309734e-21
1.8747908540e+1    1.8474947e-21
1.8761513700e+1    1.8405223e-21
1.8775118860e+1    1.8591261e-21
1.8788724020e+1    1.8066882e-21
1.8802329170e+1    1.8190047e-21
1.8815934330e+1    5.7738982e-20
1.8829539490e+1    1.7423610e-21
1.8843144650e+1    1.6830844e-21
1.8856749810e+1    1.6298426e-21
1.8870354970e+1    1.6624756e-21
1.8883960130e+1    1.6026887e-21
1.8897565280e+1    1.6313266e-21
1.8911170440e+1    1.6151740e-21
1.8924775600e+1    1.5872038e-21
1.8938380760e+1    1.5756712e-21
1.8951985920e+1    1.5791179e-21
1.8965591080e+1    1.6184468e-21
1.8979196240e+1    1.5570636e-21
1.8992801390e+1    1.5319931e-21
1.9006406550e+1    1.5525835e-21
1.9020011710e+1    1.5551084e-21
1.9033616870e+1    1.5469360e-21
1.9047222030e+1    1.5055572e-21
1.9060827190e+1    1.4670045e-21
1.9074432350e+1    1.5267303e-21
1.9088037500e+1    1.5142248e-21
1.9101642660e+1    1.5131306e-21
1.9115247820e+1    1.5604293e-21
1.9128852980e+1    1.4807410e-21
1.9142458140e+1    1.4365643e-21
1.9156063300e+1    1.4638016e-21
1.9169668460e+1    1.4435292e-21
1.9183273610e+1    1.4108028e-21
1.9196878770e+1    1.4030059e-21
1.9210483930e+1    1.3996133e-21
1.9224089090e+1    1.4025043e-21
1.9237694250e+1    1.3813109e-21
1.9251299410e+1    1.3680713e-21
1.9264904570e+1    1.3651440e-21
1.9278509720e+1    1.3349921e-21
1.9292114880e+1    1.3554881e-21
1.9305720040e+1    1.3397216e-21
1.9319325200e+1    1.3185481e-21
1.9332930360e+1    1.3194640e-21
1.9346535520e+1    1.3083448e-21
1.9360140680e+1    1.3047472e-21
1.9373745830e+1    1.3032509e-21
1.9387350990e+1    1.2840306e-21
1.9400956150e+1    1.3028215e-21
1.9414561310e+1    1.4216315e-20
1.9428166470e+1    1.2744888e-21
1.9441771630e+1    1.2459490e-21
1.9455376790e+1    1.2345912e-21
1.9468981940e+1    1.2393325e-21
1.9482587100e+1    1.2401007e-21
1.9496192260e+1    1.2526456e-21
1.9509797420e+1    1.2249665e-21
1.9523402580e+1    3.1990183e-21
1.9537007740e+1    1.2200364e-21
1.9550612900e+1    1.2287534e-21
1.9564218050e+1    1.2314390e-21
1.9577823210e+1    1.2016442e-21
1.9591428370e+1    1.1980893e-21
1.9999583130e+1    2.2452053e-21
2.4999478910e+1    3.0834164e-22
2.9999374690e+1    1.2556165e-22
3.4999270480e+1    7.4960162e-23
3.9999166260e+1    4.7001703e-23
4.4999062040e+1    3.3026382e-23
4.9998957820e+1    2.4886833e-23
5.4998853610e+1    1.9872295e-23
5.9998749390e+1    1.6192482e-23
6.4998645170e+1    1.3645716e-23
6.9998540950e+1    1.1560739e-23
7.4998436740e+1    9.9457234e-24
7.9998332520e+1    8.5733533e-24
8.4998228300e+1    7.4695604e-24
8.9998124080e+1    6.5134737e-24
9.4998019870e+1    5.7139632e-24
9.9997915650e+1    5.0377889e-24
1.0499781143e+2    4.4531914e-24
1.0999770721e+2    3.9589603e-24
1.1499760300e+2    3.5347126e-24
1.1999749878e+2    3.1581659e-24
1.2499739456e+2    2.8378182e-24
1.2999729034e+2    2.5527672e-24
1.3499718613e+2    2.3045014e-24
-----------------------------

