EXCITATION
N(2p2_3P_3d_4De) -> N(2p2_3P_3d_2De)
 1.302100e+1
SPECIES: e / N(2p2_3P_3d_4De)
PROCESS: E + N(2p2_3P_3d_4De) -> E + N(2p2_3P_3d_2De), Excitation
PARAM.:  E = 13.021 eV
UPDATED: 2019-01-30 20:10:48
COLUMNS: Energy (eV) | Cross section (m2)
-----------------------------
1.3021263280e+1    0.0000000e+7
1.3033741930e+1    1.3922342e-19
1.3047347090e+1    1.4164017e-19
1.3060952250e+1    1.6779346e-19
1.3074557410e+1    1.4656710e-19
1.3088162570e+1    1.4857131e-19
1.3101767720e+1    1.6797157e-19
1.3115372880e+1    2.5217222e-19
1.3128978040e+1    2.4971331e-19
1.3142583200e+1    2.4482463e-19
1.3156188360e+1    2.3238091e-19
1.3169793520e+1    2.2092631e-19
1.3183398680e+1    2.1656670e-19
1.3197003830e+1    2.3614752e-19
1.3210608990e+1    2.5313769e-19
1.3224214150e+1    2.5102529e-19
1.3237819310e+1    2.5565405e-19
1.3251424470e+1    2.5856779e-19
1.3265029630e+1    2.6077234e-19
1.3278634790e+1    2.3372830e-19
1.3305845100e+1    2.2107608e-19
1.3319450260e+1    2.1778722e-19
1.3333055420e+1    2.1639555e-19
1.3346660580e+1    2.0232776e-19
1.3360265740e+1    2.0248226e-19
1.3373870900e+1    1.9984488e-19
1.3387476050e+1    2.0152212e-19
1.3401081210e+1    1.9844155e-19
1.3414686370e+1    1.9280677e-19
1.3428291530e+1    1.8931918e-19
1.3441896690e+1    1.8870258e-19
1.3455501850e+1    1.8864107e-19
1.3469107010e+1    1.8789347e-19
1.3482712160e+1    1.8458238e-19
1.3496317320e+1    1.8130989e-19
1.3509922480e+1    1.7850126e-19
1.3523527640e+1    1.6926123e-19
1.3537132800e+1    1.7048406e-19
1.3550737960e+1    1.6799662e-19
1.3564343120e+1    1.6422771e-19
1.3577948270e+1    1.6368638e-19
1.3591553430e+1    1.5995439e-19
1.3605158590e+1    1.5996019e-19
1.3618763750e+1    1.6080074e-19
1.3632368910e+1    1.5953973e-19
1.3645974070e+1    1.6274425e-19
1.3659579230e+1    1.5948338e-19
1.3673184380e+1    1.5091370e-19
1.3700394700e+1    1.5677854e-19
1.3713999860e+1    1.7097244e-19
1.3754815340e+1    1.9378532e-19
1.3768420490e+1    1.9255807e-19
1.3782025650e+1    1.7857731e-19
1.3795630810e+1    1.5033588e-19
1.3809235970e+1    1.4156627e-19
1.3822841130e+1    1.4253325e-19
1.3836446290e+1    1.3700139e-19
1.3850051450e+1    1.2990708e-19
1.3863656600e+1    1.2315647e-19
1.3877261760e+1    1.1852020e-19
1.3890866920e+1    1.0974487e-19
1.3904472080e+1    1.0413344e-19
1.3918077240e+1    9.9383560e-20
1.3931682400e+1    1.0029755e-19
1.3945287560e+1    9.7634102e-20
1.3958892720e+1    9.1593615e-20
1.3972497870e+1    8.9367640e-20
1.3986103030e+1    8.7251294e-20
1.3999708190e+1    8.7392014e-20
1.4013313350e+1    8.5816602e-20
1.4026918510e+1    8.3746377e-20
1.4040523670e+1    8.6926406e-20
1.4054128830e+1    8.7970545e-20
1.4067733980e+1    8.2638943e-20
1.4081339140e+1    8.2937028e-20
1.4094944300e+1    7.9970094e-20
1.4108549460e+1    7.7886335e-20
1.4122154620e+1    7.8159053e-20
1.4135759780e+1    7.6215751e-20
1.4149364940e+1    7.5333260e-20
1.4162970090e+1    7.0666656e-20
1.4176575250e+1    7.2261224e-20
1.4190180410e+1    7.1586752e-20
1.4203785570e+1    7.0663794e-20
1.4217390730e+1    6.9111817e-20
1.4230995890e+1    6.8599818e-20
1.4244601050e+1    6.7587084e-20
1.4258206200e+1    6.7104554e-20
1.4271811360e+1    6.6543483e-20
1.4285416520e+1    6.5694327e-20
1.4299021680e+1    6.5047524e-20
1.4312626840e+1    6.3594428e-20
1.4326232000e+1    6.2144136e-20
1.4339837160e+1    6.3016101e-20
1.4353442310e+1    6.3561825e-20
1.4367047470e+1    6.0339626e-20
1.4380652630e+1    5.9004205e-20
1.4394257790e+1    5.9416731e-20
1.4407862950e+1    5.8184988e-20
1.4421468110e+1    5.9642223e-20
1.4435073270e+1    5.9167512e-20
1.4448678420e+1    5.8600874e-20
1.4462283580e+1    5.7612715e-20
1.4475888740e+1    5.6196675e-20
1.4489493900e+1    5.4025414e-20
1.4503099060e+1    5.2145599e-20
1.4516704220e+1    4.9608433e-20
1.4530309380e+1    4.8094605e-20
1.4543914530e+1    4.4845187e-20
1.4557519690e+1    4.5860509e-20
1.4571124850e+1    4.7059401e-20
1.4584730010e+1    4.6739089e-20
1.4598335170e+1    4.5661788e-20
1.4611940330e+1    4.4156501e-20
1.4625545490e+1    4.2397184e-20
1.4639150640e+1    4.1423475e-20
1.4652755800e+1    4.2548581e-20
1.4666360960e+1    4.1147774e-20
1.4679966120e+1    4.0046825e-20
1.4693571280e+1    4.0506789e-20
1.4707176440e+1    4.0785462e-20
1.4720781600e+1    3.9930765e-20
1.4734386750e+1    3.9295489e-20
1.4747991910e+1    3.8816030e-20
1.4761597070e+1    3.8870453e-20
1.4775202230e+1    3.9145060e-20
1.4788807390e+1    3.8371577e-20
1.4802412550e+1    3.8161044e-20
1.4816017710e+1    3.8795788e-20
1.4829622860e+1    3.8526448e-20
1.4843228020e+1    3.7895493e-20
1.4856833180e+1    3.7433885e-20
1.4870438340e+1    3.7250704e-20
1.4884043500e+1    3.6992959e-20
1.4897648660e+1    3.7104229e-20
1.4911253820e+1    3.6555771e-20
1.4924858980e+1    3.5984231e-20
1.4938464130e+1    3.6427402e-20
1.4952069290e+1    3.5783376e-20
1.4965674450e+1    3.5037794e-20
1.4979279610e+1    3.4649651e-20
1.4992884770e+1    3.3601290e-20
1.5006489930e+1    3.3559499e-20
1.5020095090e+1    3.3147185e-20
1.5033700240e+1    3.2780579e-20
1.5047305400e+1    3.2806701e-20
1.5060910560e+1    3.2623394e-20
1.5074515720e+1    3.2266151e-20
1.5088120880e+1    3.2073356e-20
1.5101726040e+1    3.1140714e-20
1.5115331200e+1    3.1188202e-20
1.5128936350e+1    3.1488126e-20
1.5142541510e+1    3.0050538e-20
1.5156146670e+1    2.8985927e-20
1.5169751830e+1    2.8893328e-20
1.5183356990e+1    2.8590179e-20
1.5196962150e+1    2.7823670e-20
1.5210567310e+1    2.7097925e-20
1.5224172460e+1    2.7509929e-20
1.5237777620e+1    2.7658244e-20
1.5251382780e+1    2.7739822e-20
1.5264987940e+1    2.7339071e-20
1.5278593100e+1    2.7068855e-20
1.5292198260e+1    2.6687886e-20
1.5305803420e+1    2.6512727e-20
1.5319408570e+1    2.6362297e-20
1.5333013730e+1    2.6086178e-20
1.5346618890e+1    2.6335603e-20
1.5360224050e+1    2.6483692e-20
1.5373829210e+1    2.6004007e-20
1.5387434370e+1    2.5965320e-20
1.5401039530e+1    2.5894328e-20
1.5414644680e+1    2.5386219e-20
1.5428249840e+1    2.4777700e-20
1.5441855000e+1    2.4325685e-20
1.5455460160e+1    2.2994574e-20
1.5469065320e+1    2.2145782e-20
1.5482670480e+1    2.1566672e-20
1.5509880790e+1    2.0787168e-20
1.5523485950e+1    2.0729045e-20
1.5537091110e+1    2.0655879e-20
1.5550696270e+1    1.9929671e-20
1.5564301430e+1    1.9781571e-20
1.5577906590e+1    1.9896402e-20
1.5591511750e+1    1.9480251e-20
1.5605116900e+1    1.9261562e-20
1.5618722060e+1    1.8772856e-20
1.5632327220e+1    1.8659061e-20
1.5645932380e+1    1.8630457e-20
1.5659537540e+1    1.8226589e-20
1.5673142700e+1    1.7857718e-20
1.5686747860e+1    1.7598928e-20
1.5700353010e+1    1.7613070e-20
1.5713958170e+1    1.7152512e-20
1.5727563330e+1    1.6805190e-20
1.5741168490e+1    1.6761328e-20
1.5754773650e+1    1.6858954e-20
1.5768378810e+1    1.6264865e-20
1.5781983970e+1    1.6022657e-20
1.5795589120e+1    1.5791796e-20
1.5809194280e+1    1.5394710e-20
1.5822799440e+1    1.5711331e-20
1.5836404600e+1    1.5136564e-20
1.5850009760e+1    1.5018375e-20
1.5863614920e+1    1.4904835e-20
1.5877220080e+1    1.5009180e-20
1.5890825240e+1    1.4771840e-20
1.5904430390e+1    1.4656674e-20
1.5918035550e+1    1.4552924e-20
1.5931640710e+1    1.4407533e-20
1.5945245870e+1    1.4489571e-20
1.5958851030e+1    1.4380285e-20
1.5972456190e+1    1.4106215e-20
1.5986061350e+1    1.3998559e-20
1.5999666500e+1    1.3736154e-20
1.6013271660e+1    1.3686817e-20
1.6026876820e+1    1.3566327e-20
1.6040481980e+1    1.3772019e-20
1.6054087140e+1    1.3546042e-20
1.6067692300e+1    1.3547707e-20
1.6081297460e+1    1.3354890e-20
1.6094902610e+1    1.3260492e-20
1.6108507770e+1    1.3192180e-20
1.6122112930e+1    1.3068261e-20
1.6135718090e+1    1.2869338e-20
1.6149323250e+1    1.2998367e-20
1.6162928410e+1    1.2966742e-20
1.6176533570e+1    1.3061065e-20
1.6190138720e+1    1.3065001e-20
1.6203743880e+1    1.3083033e-20
1.6217349040e+1    1.3214296e-20
1.6230954200e+1    1.2794554e-20
1.6244559360e+1    1.2945529e-20
1.6258164520e+1    1.2951546e-20
1.6271769680e+1    1.2940416e-20
1.6285374830e+1    1.3100302e-20
1.6298979990e+1    1.2957866e-20
1.6312585150e+1    1.2939442e-20
1.6326190310e+1    1.3101790e-20
1.6339795470e+1    1.2912419e-20
1.6353400630e+1    1.2738889e-20
1.6367005790e+1    1.2638482e-20
1.6394216100e+1    1.2199417e-20
1.6407821260e+1    1.2318696e-20
1.6421426420e+1    1.2055437e-20
1.6435031580e+1    1.2010626e-20
1.6448636740e+1    1.1891466e-20
1.6462241900e+1    1.1810510e-20
1.6475847050e+1    1.1776274e-20
1.6489452210e+1    1.1466822e-20
1.6503057370e+1    1.1218335e-20
1.6516662530e+1    1.0975217e-20
1.6530267690e+1    1.1010059e-20
1.6543872850e+1    1.0800656e-20
1.6557478010e+1    1.0504423e-20
1.6571083160e+1    1.0727037e-20
1.6584688320e+1    1.0525313e-20
1.6598293480e+1    1.0456848e-20
1.6611898640e+1    1.0399286e-20
1.6625503800e+1    1.0144498e-20
1.6639108960e+1    1.0241024e-20
1.6652714120e+1    1.0227161e-20
1.6679924430e+1    1.0082402e-20
1.6693529590e+1    9.8685983e-21
1.6707134750e+1    9.8692662e-21
1.6720739910e+1    9.7999548e-21
1.6734345070e+1    9.8744107e-21
1.6747950230e+1    9.6165397e-21
1.6761555380e+1    9.5073973e-21
1.6775160540e+1    9.5125197e-21
1.6788765700e+1    9.6539992e-21
1.6802370860e+1    9.7511873e-21
1.6815976020e+1    9.6281848e-21
1.6829581180e+1    9.6637880e-21
1.6843186340e+1    9.6068780e-21
1.6856791500e+1    9.5939287e-21
1.6870396650e+1    9.4711950e-21
1.6884001810e+1    9.3368313e-21
1.6897606970e+1    9.2665574e-21
1.6911212130e+1    9.0250066e-21
1.6924817290e+1    8.9913042e-21
1.6938422450e+1    8.9114484e-21
1.6952027610e+1    8.7511669e-21
1.6965632760e+1    8.7694328e-21
1.6979237920e+1    8.8562971e-21
1.6992843080e+1    8.6846511e-21
1.7006448240e+1    8.7492301e-21
1.7020053400e+1    8.5475301e-21
1.7033658560e+1    8.3991916e-21
1.7047263720e+1    8.3044472e-21
1.7060868870e+1    8.3683486e-21
1.7074474030e+1    8.3437270e-21
1.7088079190e+1    8.2129604e-21
1.7101684350e+1    8.1818406e-21
1.7115289510e+1    7.9172812e-21
1.7128894670e+1    7.7941860e-21
1.7142499830e+1    7.8008125e-21
1.7156104980e+1    7.8306740e-21
1.7169710140e+1    7.7627957e-21
1.7183315300e+1    7.7453977e-21
1.7196920460e+1    7.5994040e-21
1.7210525620e+1    7.7104999e-21
1.7224130780e+1    7.5795799e-21
1.7237735940e+1    7.5876431e-21
1.7251341090e+1    7.5067699e-21
1.7264946250e+1    7.2987036e-21
1.7278551410e+1    7.3744704e-21
1.7292156570e+1    7.3161925e-21
1.7305761730e+1    7.3637410e-21
1.7319366890e+1    7.4412878e-21
1.7332972050e+1    7.2437069e-21
1.7346577200e+1    7.3649781e-21
1.7360182360e+1    7.1389486e-21
1.7373787520e+1    7.2091500e-21
1.7387392680e+1    7.3407878e-21
1.7400997840e+1    7.1656187e-21
1.7414603000e+1    7.0273856e-21
1.7428208160e+1    6.9681528e-21
1.7441813310e+1    6.9403278e-21
1.7455418470e+1    6.8047650e-21
1.7469023630e+1    6.7808165e-21
1.7482628790e+1    6.7094184e-21
1.7496233950e+1    6.5097910e-21
1.7509839110e+1    6.5677136e-21
1.7523444270e+1    6.6076907e-21
1.7537049420e+1    6.5112056e-21
1.7550654580e+1    6.4950962e-21
1.7564259740e+1    6.3895600e-21
1.7577864900e+1    6.3611114e-21
1.7591470060e+1    6.2650961e-21
1.7605075220e+1    6.3089573e-21
1.7618680380e+1    6.2452079e-21
1.7632285530e+1    6.2295299e-21
1.7645890690e+1    6.2200853e-21
1.7659495850e+1    6.2750468e-21
1.7673101010e+1    6.1955674e-21
1.7686706170e+1    6.1075905e-21
1.7700311330e+1    6.1307314e-21
1.7713916490e+1    6.2132255e-21
1.7727521640e+1    6.1940875e-21
1.7741126800e+1    6.1425925e-21
1.7754731960e+1    6.0754774e-21
1.7768337120e+1    6.0328417e-21
1.7781942280e+1    6.0096901e-21
1.7795547440e+1    6.0545153e-21
1.7809152600e+1    6.0494183e-21
1.7822757760e+1    5.9455301e-21
1.7836362910e+1    5.8129296e-21
1.7849968070e+1    5.7868965e-21
1.7863573230e+1    5.7510747e-21
1.7877178390e+1    5.7340725e-21
1.7890783550e+1    5.6833804e-21
1.7904388710e+1    5.6434891e-21
1.7917993870e+1    5.6391275e-21
1.7931599020e+1    5.6092838e-21
1.7945204180e+1    5.6424970e-21
1.7958809340e+1    5.5040538e-21
1.7972414500e+1    5.4703531e-21
1.7986019660e+1    5.4810828e-21
1.7999624820e+1    5.4296119e-21
1.8013229980e+1    5.3464833e-21
1.8026835130e+1    5.2196978e-21
1.8040440290e+1    5.1653006e-21
1.8054045450e+1    5.1612976e-21
1.8067650610e+1    4.9636381e-21
1.8081255770e+1    4.9919357e-21
1.8094860930e+1    4.8458032e-21
1.8108466090e+1    4.7635482e-21
1.8122071240e+1    4.7725978e-21
1.8135676400e+1    4.7261314e-21
1.8149281560e+1    4.7554990e-21
1.8162886720e+1    4.7880115e-21
1.8176491880e+1    4.8133492e-21
1.8190097040e+1    4.7769803e-21
1.8203702200e+1    4.8026044e-21
1.8217307350e+1    4.8102533e-21
1.8230912510e+1    4.8228008e-21
1.8244517670e+1    4.8059722e-21
1.8258122830e+1    4.7778098e-21
1.8271727990e+1    4.7471703e-21
1.8285333150e+1    4.7766088e-21
1.8298938310e+1    4.7537379e-21
1.8312543460e+1    4.7613933e-21
1.8326148620e+1    4.7173719e-21
1.8339753780e+1    4.6979502e-21
1.8353358940e+1    4.6936826e-21
1.8366964100e+1    4.7096347e-21
1.8380569260e+1    4.6951962e-21
1.8394174420e+1    4.6871399e-21
1.8407779570e+1    4.7316501e-21
1.8421384730e+1    4.7042175e-21
1.8434989890e+1    4.6956406e-21
1.8448595050e+1    4.6667674e-21
1.8462200210e+1    4.6377470e-21
1.8475805370e+1    4.6669223e-21
1.8489410530e+1    4.6787165e-21
1.8503015680e+1    4.5544972e-21
1.8516620840e+1    4.5225130e-21
1.8530226000e+1    4.5274643e-21
1.8543831160e+1    4.5080004e-21
1.8557436320e+1    4.4640824e-21
1.8571041480e+1    4.5353659e-21
1.8584646640e+1    4.4702300e-21
1.8598251790e+1    4.3950211e-21
1.8611856950e+1    4.4089321e-21
1.8625462110e+1    4.3974736e-21
1.8639067270e+1    4.3280927e-21
1.8652672430e+1    4.3802104e-21
1.8666277590e+1    4.3328698e-21
1.8679882750e+1    4.2820105e-21
1.8693487900e+1    4.2343690e-21
1.8707093060e+1    1.9355119e-19
1.8720698220e+1    4.1606676e-21
1.8734303380e+1    4.1210786e-21
1.8747908540e+1    4.1181861e-21
1.8761513700e+1    4.0934636e-21
1.8775118860e+1    4.1275092e-21
1.8788724020e+1    4.0699128e-21
1.8802329170e+1    4.0056649e-21
1.8815934330e+1    1.2823336e-20
1.8829539490e+1    3.9421170e-21
1.8843144650e+1    3.9465605e-21
1.8856749810e+1    3.8804787e-21
1.8870354970e+1    3.8101537e-21
1.8883960130e+1    3.7772586e-21
1.8897565280e+1    3.7956089e-21
1.8911170440e+1    3.7253166e-21
1.8924775600e+1    3.6458874e-21
1.8938380760e+1    3.7178353e-21
1.8951985920e+1    3.6313238e-21
1.8965591080e+1    3.7024327e-21
1.8979196240e+1    3.6601072e-21
1.8992801390e+1    3.6094032e-21
1.9006406550e+1    3.6232424e-21
1.9020011710e+1    3.6391092e-21
1.9033616870e+1    3.6445475e-21
1.9047222030e+1    3.6117838e-21
1.9060827190e+1    3.5689832e-21
1.9074432350e+1    3.6181935e-21
1.9088037500e+1    3.6234083e-21
1.9101642660e+1    3.5717431e-21
1.9115247820e+1    3.6486226e-21
1.9128852980e+1    3.6604285e-21
1.9142458140e+1    3.6079480e-21
1.9156063300e+1    3.5547089e-21
1.9169668460e+1    3.5189275e-21
1.9183273610e+1    3.5423953e-21
1.9196878770e+1    3.5187282e-21
1.9210483930e+1    3.5466831e-21
1.9224089090e+1    3.4847236e-21
1.9237694250e+1    3.4607681e-21
1.9251299410e+1    3.4387054e-21
1.9264904570e+1    3.3813471e-21
1.9278509720e+1    3.3531440e-21
1.9292114880e+1    3.3884981e-21
1.9305720040e+1    3.3507100e-21
1.9319325200e+1    3.3117262e-21
1.9332930360e+1    3.3133067e-21
1.9346535520e+1    3.2550391e-21
1.9360140680e+1    3.2039654e-21
1.9373745830e+1    3.1868683e-21
1.9387350990e+1    3.1585662e-21
1.9400956150e+1    3.1487378e-21
1.9414561310e+1    1.0255269e-20
1.9428166470e+1    3.1540173e-21
1.9441771630e+1    3.1093225e-21
1.9455376790e+1    3.0804424e-21
1.9468981940e+1    3.0585805e-21
1.9482587100e+1    3.0508195e-21
1.9496192260e+1    3.0281062e-21
1.9509797420e+1    3.0470068e-21
1.9523402580e+1    6.7730057e-21
1.9537007740e+1    2.9724033e-21
1.9550612900e+1    2.9629176e-21
1.9564218050e+1    2.9003366e-21
1.9577823210e+1    2.9215024e-21
1.9591428370e+1    2.8934347e-21
1.9999583130e+1    6.9313817e-21
2.4999478910e+1    8.9293446e-22
2.9999374690e+1    4.5923484e-22
3.4999270480e+1    3.0660116e-22
3.9999166260e+1    2.2214597e-22
4.4999062040e+1    1.6747078e-22
4.9998957820e+1    1.3462675e-22
5.4998853610e+1    1.1182020e-22
5.9998749390e+1    9.2516723e-23
6.4998645170e+1    8.0562181e-23
6.9998540950e+1    6.9691757e-23
7.4998436740e+1    6.0570129e-23
7.9998332520e+1    5.2972810e-23
8.4998228300e+1    4.6587170e-23
8.9998124080e+1    4.1086604e-23
9.4998019870e+1    3.6482583e-23
9.9997915650e+1    3.2411568e-23
1.0499781143e+2    2.8935187e-23
1.0999770721e+2    2.5931644e-23
1.1499760300e+2    2.3307939e-23
1.1999749878e+2    2.1008382e-23
1.2499739456e+2    1.8988019e-23
1.2999729034e+2    1.7220964e-23
1.3499718613e+2    1.5643077e-23
-----------------------------

