EXCITATION
N(2s_2p4_4Pe) -> N(2p2_3P_4p_4So)
 1.332000e+1
SPECIES: e / N(2s_2p4_4Pe)
PROCESS: E + N(2s_2p4_4Pe) -> E + N(2p2_3P_4p_4So), Excitation
PARAM.:  E = 13.32 eV
UPDATED: 2019-01-30 20:10:47
COLUMNS: Energy (eV) | Cross section (m2)
-----------------------------
1.3319944130e+1    0.0000000e+7
1.3333055420e+1    8.5794061e-23
1.3346660580e+1    1.5795393e-22
1.3360265740e+1    2.6382271e-22
1.3373870900e+1    3.7310040e-22
1.3387476050e+1    4.9546721e-22
1.3401081210e+1    6.2248351e-22
1.3414686370e+1    6.7564192e-22
1.3428291530e+1    7.6557511e-22
1.3441896690e+1    8.3349553e-22
1.3455501850e+1    8.5011868e-22
1.3469107010e+1    9.4111773e-22
1.3482712160e+1    1.0160413e-21
1.3496317320e+1    1.0607923e-21
1.3509922480e+1    9.1659875e-22
1.3523527640e+1    9.6740883e-22
1.3537132800e+1    1.0352703e-21
1.3550737960e+1    1.0865684e-21
1.3564343120e+1    1.1129790e-21
1.3577948270e+1    1.1016532e-21
1.3591553430e+1    1.1488285e-21
1.3605158590e+1    1.2350035e-21
1.3618763750e+1    1.1964032e-21
1.3632368910e+1    1.2516082e-21
1.3645974070e+1    1.1754686e-21
1.3659579230e+1    9.8574115e-22
1.3673184380e+1    7.4618291e-22
1.3700394700e+1    1.2743469e-21
1.3713999860e+1    1.1533530e-21
1.3754815340e+1    6.8444601e-22
1.3768420490e+1    6.3584483e-22
1.3782025650e+1    6.5390785e-22
1.3795630810e+1    6.2034035e-22
1.3809235970e+1    6.3511841e-22
1.3822841130e+1    6.5364289e-22
1.3836446290e+1    6.6105339e-22
1.3850051450e+1    6.8875576e-22
1.3863656600e+1    6.5817912e-22
1.3877261760e+1    6.6679650e-22
1.3890866920e+1    7.0551885e-22
1.3904472080e+1    6.4373127e-22
1.3918077240e+1    6.1571314e-22
1.3931682400e+1    8.2568304e-22
1.3945287560e+1    8.1788156e-22
1.3958892720e+1    9.1194425e-22
1.3972497870e+1    8.9328225e-22
1.3986103030e+1    1.0277365e-21
1.3999708190e+1    9.6675182e-22
1.4013313350e+1    9.8892440e-22
1.4026918510e+1    1.0296086e-21
1.4040523670e+1    1.0297827e-21
1.4054128830e+1    1.1085004e-21
1.4067733980e+1    1.1959566e-21
1.4081339140e+1    1.2050243e-21
1.4094944300e+1    1.3105936e-21
1.4108549460e+1    1.2426015e-21
1.4122154620e+1    1.2427360e-21
1.4135759780e+1    1.2712432e-21
1.4149364940e+1    1.2875982e-21
1.4162970090e+1    1.2831882e-21
1.4176575250e+1    1.2823053e-21
1.4190180410e+1    1.2917090e-21
1.4203785570e+1    1.2577941e-21
1.4217390730e+1    1.1473213e-21
1.4230995890e+1    1.0857509e-21
1.4244601050e+1    1.1023930e-21
1.4258206200e+1    1.0752003e-21
1.4271811360e+1    1.0287023e-21
1.4285416520e+1    1.0078849e-21
1.4299021680e+1    1.0675378e-21
1.4312626840e+1    1.0448701e-21
1.4326232000e+1    1.0247762e-21
1.4339837160e+1    9.6485849e-22
1.4353442310e+1    1.0482546e-21
1.4367047470e+1    1.0670134e-21
1.4380652630e+1    1.1036610e-21
1.4394257790e+1    1.0652835e-21
1.4407862950e+1    1.0729321e-21
1.4421468110e+1    1.0850997e-21
1.4435073270e+1    1.1189230e-21
1.4448678420e+1    1.1356611e-21
1.4462283580e+1    1.1545718e-21
1.4475888740e+1    1.1344221e-21
1.4489493900e+1    1.1549524e-21
1.4503099060e+1    1.1509049e-21
1.4516704220e+1    1.1291543e-21
1.4530309380e+1    1.1259051e-21
1.4543914530e+1    1.0790249e-21
1.4557519690e+1    1.1776522e-21
1.4571124850e+1    1.1627368e-21
1.4584730010e+1    1.1513795e-21
1.4598335170e+1    1.1937801e-21
1.4611940330e+1    1.1959960e-21
1.4625545490e+1    1.1893220e-21
1.4639150640e+1    1.1940256e-21
1.4652755800e+1    1.1943564e-21
1.4666360960e+1    1.1866786e-21
1.4679966120e+1    1.2299276e-21
1.4693571280e+1    1.2150329e-21
1.4707176440e+1    1.2356273e-21
1.4720781600e+1    1.2710536e-21
1.4734386750e+1    1.2818719e-21
1.4747991910e+1    1.3135742e-21
1.4761597070e+1    1.3277807e-21
1.4775202230e+1    1.3084462e-21
1.4788807390e+1    1.3273258e-21
1.4802412550e+1    1.3228948e-21
1.4816017710e+1    1.3333944e-21
1.4829622860e+1    1.3511618e-21
1.4843228020e+1    1.3540865e-21
1.4856833180e+1    1.3704726e-21
1.4870438340e+1    1.3778965e-21
1.4884043500e+1    1.3885212e-21
1.4897648660e+1    1.3528257e-21
1.4911253820e+1    1.2983073e-21
1.4924858980e+1    1.2881569e-21
1.4938464130e+1    1.4038116e-21
1.4952069290e+1    1.4306274e-21
1.4965674450e+1    1.4789618e-21
1.4979279610e+1    1.4710965e-21
1.4992884770e+1    1.4422279e-21
1.5006489930e+1    1.4306837e-21
1.5020095090e+1    1.3944886e-21
1.5033700240e+1    1.3921581e-21
1.5047305400e+1    1.3582225e-21
1.5060910560e+1    1.4032470e-21
1.5074515720e+1    1.3818326e-21
1.5088120880e+1    1.3938934e-21
1.5101726040e+1    1.3414137e-21
1.5115331200e+1    1.3645166e-21
1.5128936350e+1    1.3438337e-21
1.5142541510e+1    1.3524095e-21
1.5156146670e+1    1.3356068e-21
1.5169751830e+1    1.3089319e-21
1.5183356990e+1    1.2771645e-21
1.5196962150e+1    1.2302034e-21
1.5210567310e+1    1.2186287e-21
1.5224172460e+1    1.2001251e-21
1.5237777620e+1    1.1812407e-21
1.5251382780e+1    1.1466458e-21
1.5264987940e+1    1.1155441e-21
1.5278593100e+1    1.0889622e-21
1.5292198260e+1    1.0473195e-21
1.5305803420e+1    1.0953326e-21
1.5319408570e+1    1.1186491e-21
1.5333013730e+1    1.1052126e-21
1.5346618890e+1    1.1640728e-21
1.5360224050e+1    1.1958353e-21
1.5373829210e+1    1.2174255e-21
1.5387434370e+1    1.2750034e-21
1.5401039530e+1    1.2871539e-21
1.5414644680e+1    1.2994108e-21
1.5428249840e+1    1.3086016e-21
1.5441855000e+1    1.3047925e-21
1.5455460160e+1    1.3441735e-21
1.5469065320e+1    1.3446646e-21
1.5482670480e+1    1.3298314e-21
1.5509880790e+1    1.3324390e-21
1.5523485950e+1    1.3551092e-21
1.5537091110e+1    1.3545328e-21
1.5550696270e+1    1.3562532e-21
1.5564301430e+1    1.3817102e-21
1.5577906590e+1    1.4311557e-21
1.5591511750e+1    1.3818099e-21
1.5605116900e+1    1.3733709e-21
1.5618722060e+1    1.3582056e-21
1.5632327220e+1    1.3980739e-21
1.5645932380e+1    1.3918945e-21
1.5659537540e+1    1.3980227e-21
1.5673142700e+1    1.3850229e-21
1.5686747860e+1    1.3768312e-21
1.5700353010e+1    1.4020762e-21
1.5713958170e+1    1.4280097e-21
1.5727563330e+1    1.4226705e-21
1.5741168490e+1    1.4780791e-21
1.5754773650e+1    1.4658406e-21
1.5768378810e+1    1.4965258e-21
1.5781983970e+1    1.4754732e-21
1.5795589120e+1    1.4944411e-21
1.5809194280e+1    1.4911193e-21
1.5822799440e+1    1.4833435e-21
1.5836404600e+1    1.4864332e-21
1.5850009760e+1    1.4782487e-21
1.5863614920e+1    1.4535721e-21
1.5877220080e+1    1.4652324e-21
1.5890825240e+1    1.5001820e-21
1.5904430390e+1    1.4658102e-21
1.5918035550e+1    1.4398657e-21
1.5931640710e+1    1.4409921e-21
1.5945245870e+1    1.5128658e-21
1.5958851030e+1    1.4915956e-21
1.5972456190e+1    1.4899800e-21
1.5986061350e+1    1.5116321e-21
1.5999666500e+1    1.5130472e-21
1.6013271660e+1    1.5031446e-21
1.6026876820e+1    1.4777311e-21
1.6040481980e+1    1.4871166e-21
1.6054087140e+1    1.4619931e-21
1.6067692300e+1    1.4557727e-21
1.6081297460e+1    1.4577215e-21
1.6094902610e+1    1.4568908e-21
1.6108507770e+1    1.4650802e-21
1.6122112930e+1    1.4663944e-21
1.6135718090e+1    1.4783819e-21
1.6149323250e+1    1.4514069e-21
1.6162928410e+1    1.4594148e-21
1.6176533570e+1    1.4562586e-21
1.6190138720e+1    1.4712549e-21
1.6203743880e+1    1.4798952e-21
1.6217349040e+1    1.4995218e-21
1.6230954200e+1    1.4300964e-21
1.6244559360e+1    1.4100154e-21
1.6258164520e+1    1.3935083e-21
1.6271769680e+1    1.3871686e-21
1.6285374830e+1    1.3822226e-21
1.6298979990e+1    1.3865579e-21
1.6312585150e+1    1.3699783e-21
1.6326190310e+1    1.3669540e-21
1.6339795470e+1    1.3403449e-21
1.6353400630e+1    1.3045962e-21
1.6367005790e+1    1.2999117e-21
1.6394216100e+1    1.2335175e-21
1.6407821260e+1    1.2245763e-21
1.6421426420e+1    1.2268398e-21
1.6435031580e+1    1.2388307e-21
1.6448636740e+1    1.2403487e-21
1.6462241900e+1    1.2558076e-21
1.6475847050e+1    1.2680141e-21
1.6489452210e+1    1.2896883e-21
1.6503057370e+1    1.3102701e-21
1.6516662530e+1    1.3604088e-21
1.6530267690e+1    1.4095672e-21
1.6543872850e+1    1.3618077e-21
1.6557478010e+1    1.3719048e-21
1.6571083160e+1    1.4005358e-21
1.6584688320e+1    1.4160148e-21
1.6598293480e+1    1.4192688e-21
1.6611898640e+1    1.3535345e-21
1.6625503800e+1    1.3593860e-21
1.6639108960e+1    1.3570464e-21
1.6652714120e+1    1.3945173e-21
1.6679924430e+1    1.4514897e-21
1.6693529590e+1    1.4612620e-21
1.6707134750e+1    1.4703469e-21
1.6720739910e+1    1.5068138e-21
1.6734345070e+1    1.5017825e-21
1.6747950230e+1    1.5316622e-21
1.6761555380e+1    1.5280027e-21
1.6775160540e+1    1.5392969e-21
1.6788765700e+1    1.5695177e-21
1.6802370860e+1    1.5637946e-21
1.6815976020e+1    1.5730593e-21
1.6829581180e+1    1.5520413e-21
1.6843186340e+1    1.5471723e-21
1.6856791500e+1    1.4461399e-21
1.6870396650e+1    1.4605037e-21
1.6884001810e+1    1.5354601e-21
1.6897606970e+1    1.5552484e-21
1.6911212130e+1    1.5720015e-21
1.6924817290e+1    1.5619568e-21
1.6938422450e+1    1.5939529e-21
1.6952027610e+1    1.5836179e-21
1.6965632760e+1    1.6125396e-21
1.6979237920e+1    1.5933245e-21
1.6992843080e+1    1.5829317e-21
1.7006448240e+1    1.5685212e-21
1.7020053400e+1    1.5395880e-21
1.7033658560e+1    1.5223030e-21
1.7047263720e+1    1.5058409e-21
1.7060868870e+1    1.4961500e-21
1.7074474030e+1    1.4901286e-21
1.7088079190e+1    1.4803346e-21
1.7101684350e+1    1.4990226e-21
1.7115289510e+1    1.5059550e-21
1.7128894670e+1    1.5064775e-21
1.7142499830e+1    1.4899642e-21
1.7156104980e+1    1.4764338e-21
1.7169710140e+1    1.5075569e-21
1.7183315300e+1    1.5145409e-21
1.7196920460e+1    1.5205917e-21
1.7210525620e+1    1.4939618e-21
1.7224130780e+1    1.4838846e-21
1.7237735940e+1    1.5001412e-21
1.7251341090e+1    1.4719079e-21
1.7264946250e+1    1.4553754e-21
1.7278551410e+1    1.4537393e-21
1.7292156570e+1    1.4424059e-21
1.7305761730e+1    1.4317686e-21
1.7319366890e+1    1.4474167e-21
1.7332972050e+1    1.4448665e-21
1.7346577200e+1    1.4206683e-21
1.7360182360e+1    1.4105667e-21
1.7373787520e+1    1.3999169e-21
1.7387392680e+1    1.4098390e-21
1.7400997840e+1    1.3803163e-21
1.7414603000e+1    1.3883958e-21
1.7428208160e+1    1.3828882e-21
1.7441813310e+1    1.3835675e-21
1.7455418470e+1    1.3780963e-21
1.7469023630e+1    1.3574342e-21
1.7482628790e+1    1.3517622e-21
1.7496233950e+1    1.3631695e-21
1.7509839110e+1    1.2999458e-21
1.7523444270e+1    1.3046216e-21
1.7537049420e+1    1.3259702e-21
1.7550654580e+1    1.3183468e-21
1.7564259740e+1    1.3095572e-21
1.7577864900e+1    1.3044835e-21
1.7591470060e+1    1.3167550e-21
1.7605075220e+1    1.3019899e-21
1.7618680380e+1    1.2971960e-21
1.7632285530e+1    1.2736599e-21
1.7645890690e+1    1.2634891e-21
1.7659495850e+1    1.2733146e-21
1.7673101010e+1    1.2995591e-21
1.7686706170e+1    1.3006181e-21
1.7700311330e+1    1.2963459e-21
1.7713916490e+1    1.2901220e-21
1.7727521640e+1    1.2887793e-21
1.7741126800e+1    1.2844641e-21
1.7754731960e+1    1.2875871e-21
1.7768337120e+1    1.3071351e-21
1.7781942280e+1    1.3000802e-21
1.7795547440e+1    1.3024514e-21
1.7809152600e+1    1.2993813e-21
1.7822757760e+1    1.2939295e-21
1.7836362910e+1    1.2931883e-21
1.7849968070e+1    1.2862734e-21
1.7863573230e+1    1.2853348e-21
1.7877178390e+1    1.2786146e-21
1.7890783550e+1    1.2788953e-21
1.7904388710e+1    1.2676728e-21
1.7917993870e+1    1.2835366e-21
1.7931599020e+1    1.2760747e-21
1.7945204180e+1    1.2818723e-21
1.7958809340e+1    1.2762362e-21
1.7972414500e+1    1.2749569e-21
1.7986019660e+1    1.2680802e-21
1.7999624820e+1    1.2588307e-21
1.8013229980e+1    1.2777895e-21
1.8026835130e+1    1.3069848e-21
1.8040440290e+1    1.3132577e-21
1.8054045450e+1    1.3049360e-21
1.8067650610e+1    1.3197893e-21
1.8081255770e+1    1.3528317e-21
1.8094860930e+1    1.3847181e-21
1.8108466090e+1    1.3671909e-21
1.8122071240e+1    1.3763906e-21
1.8135676400e+1    1.3917518e-21
1.8149281560e+1    1.3956991e-21
1.8162886720e+1    1.4150277e-21
1.8176491880e+1    1.4280593e-21
1.8190097040e+1    1.4311961e-21
1.8203702200e+1    1.4356088e-21
1.8217307350e+1    1.4300457e-21
1.8230912510e+1    1.4246500e-21
1.8244517670e+1    1.4180158e-21
1.8258122830e+1    1.3921875e-21
1.8271727990e+1    1.3651149e-21
1.8285333150e+1    1.3994924e-21
1.8298938310e+1    1.4325311e-21
1.8312543460e+1    1.4708843e-21
1.8326148620e+1    1.4916713e-21
1.8339753780e+1    1.4851988e-21
1.8353358940e+1    1.4887914e-21
1.8366964100e+1    1.4825880e-21
1.8380569260e+1    1.4823024e-21
1.8394174420e+1    1.4944358e-21
1.8407779570e+1    1.4801693e-21
1.8421384730e+1    1.4875947e-21
1.8434989890e+1    1.4775949e-21
1.8448595050e+1    1.4749486e-21
1.8462200210e+1    1.4719206e-21
1.8475805370e+1    1.4547573e-21
1.8489410530e+1    1.4388842e-21
1.8503015680e+1    1.4233893e-21
1.8516620840e+1    1.4388366e-21
1.8530226000e+1    1.4217128e-21
1.8543831160e+1    1.4199832e-21
1.8557436320e+1    1.4246551e-21
1.8571041480e+1    1.4221452e-21
1.8584646640e+1    1.4317695e-21
1.8598251790e+1    1.4040918e-21
1.8611856950e+1    1.4065385e-21
1.8625462110e+1    1.3967747e-21
1.8639067270e+1    1.4039799e-21
1.8652672430e+1    1.4265953e-21
1.8666277590e+1    1.4316161e-21
1.8679882750e+1    1.4172893e-21
1.8693487900e+1    1.3665231e-21
1.8707093060e+1    1.3736970e-21
1.8720698220e+1    1.3790903e-21
1.8734303380e+1    1.3786652e-21
1.8747908540e+1    1.3672061e-21
1.8761513700e+1    1.3649424e-21
1.8775118860e+1    1.3551985e-21
1.8788724020e+1    1.3430698e-21
1.8802329170e+1    1.3356355e-21
1.8815934330e+1    1.3268434e-21
1.8829539490e+1    1.3279987e-21
1.8843144650e+1    1.3285605e-21
1.8856749810e+1    1.3129333e-21
1.8870354970e+1    1.3231215e-21
1.8883960130e+1    1.3272260e-21
1.8897565280e+1    1.3114102e-21
1.8911170440e+1    1.3137174e-21
1.8924775600e+1    1.3025351e-21
1.8938380760e+1    1.2967376e-21
1.8951985920e+1    1.2832996e-21
1.8965591080e+1    1.2967980e-21
1.8979196240e+1    1.2962775e-21
1.8992801390e+1    1.3002277e-21
1.9006406550e+1    1.2857763e-21
1.9020011710e+1    1.2877806e-21
1.9033616870e+1    1.2936245e-21
1.9047222030e+1    1.2865794e-21
1.9060827190e+1    1.2720107e-21
1.9074432350e+1    1.2788944e-21
1.9088037500e+1    1.2650490e-21
1.9101642660e+1    1.2658426e-21
1.9115247820e+1    1.2583005e-21
1.9128852980e+1    1.2554557e-21
1.9142458140e+1    1.2558682e-21
1.9156063300e+1    1.2545791e-21
1.9169668460e+1    1.2559394e-21
1.9183273610e+1    1.2596315e-21
1.9196878770e+1    1.2729765e-21
1.9210483930e+1    1.2670094e-21
1.9224089090e+1    1.2910100e-21
1.9237694250e+1    1.2712300e-21
1.9251299410e+1    1.2458583e-21
1.9264904570e+1    1.2344435e-21
1.9278509720e+1    1.2228799e-21
1.9292114880e+1    1.2048019e-21
1.9305720040e+1    1.2149381e-21
1.9319325200e+1    1.2112993e-21
1.9332930360e+1    1.2122541e-21
1.9346535520e+1    1.2155631e-21
1.9360140680e+1    1.2179384e-21
1.9373745830e+1    1.2215212e-21
1.9387350990e+1    1.2237228e-21
1.9400956150e+1    1.2396789e-21
1.9414561310e+1    1.2715751e-21
1.9428166470e+1    1.2419755e-21
1.9441771630e+1    1.2370383e-21
1.9455376790e+1    1.2416427e-21
1.9468981940e+1    1.2371784e-21
1.9482587100e+1    1.4562397e-21
1.9496192260e+1    1.2623556e-21
1.9509797420e+1    1.2678334e-21
1.9523402580e+1    1.2622555e-21
1.9537007740e+1    1.2400009e-21
1.9550612900e+1    1.2615065e-21
1.9564218050e+1    1.2692525e-21
1.9577823210e+1    1.2718515e-21
1.9591428370e+1    1.2694760e-21
1.9999583130e+1    1.4698961e-21
2.4999478910e+1    1.0777178e-21
2.9999374690e+1    9.2383433e-22
3.4999270480e+1    8.1099353e-22
3.9999166260e+1    7.2278134e-22
4.4999062040e+1    6.5538257e-22
4.9998957820e+1    5.9723645e-22
5.4998853610e+1    5.4629324e-22
5.9998749390e+1    5.0199278e-22
6.4998645170e+1    4.6299539e-22
6.9998540950e+1    4.2836611e-22
7.4998436740e+1    3.9779718e-22
7.9998332520e+1    3.7090442e-22
8.4998228300e+1    3.4712940e-22
8.9998124080e+1    3.2606924e-22
9.4998019870e+1    3.0737532e-22
9.9997915650e+1    2.9074096e-22
1.0499781143e+2    2.7585198e-22
1.0999770721e+2    2.6248993e-22
1.1499760300e+2    2.5048005e-22
1.1999749878e+2    2.3962008e-22
1.2499739456e+2    2.2979194e-22
1.2999729034e+2    2.2088454e-22
1.3499718613e+2    2.1276923e-22
-----------------------------

