EXCITATION
N(2p2_3P_3d_2Pe) -> N(2p2_3P_4p_4So)
 1.332000e+1
SPECIES: e / N(2p2_3P_3d_2Pe)
PROCESS: E + N(2p2_3P_3d_2Pe) -> E + N(2p2_3P_4p_4So), Excitation
PARAM.:  E = 13.32 eV
UPDATED: 2019-01-30 20:10:48
COLUMNS: Energy (eV) | Cross section (m2)
-----------------------------
1.3319944130e+1    0.0000000e+7
1.3333055420e+1    4.0437659e-21
1.3346660580e+1    4.6599697e-21
1.3360265740e+1    8.0253473e-21
1.3373870900e+1    8.5767724e-21
1.3387476050e+1    7.7896924e-21
1.3401081210e+1    7.7865042e-21
1.3414686370e+1    1.1280156e-20
1.3428291530e+1    1.5227301e-20
1.3441896690e+1    1.6931421e-20
1.3455501850e+1    1.5864793e-20
1.3469107010e+1    1.7945327e-20
1.3482712160e+1    1.9806207e-20
1.3496317320e+1    2.0347816e-20
1.3509922480e+1    1.8385053e-20
1.3523527640e+1    1.5712405e-20
1.3537132800e+1    1.9413310e-20
1.3550737960e+1    1.9147912e-20
1.3564343120e+1    1.9441288e-20
1.3577948270e+1    1.9735134e-20
1.3591553430e+1    1.9877745e-20
1.3605158590e+1    2.1570432e-20
1.3618763750e+1    2.0250491e-20
1.3632368910e+1    2.1274055e-20
1.3645974070e+1    2.4287536e-20
1.3659579230e+1    3.4693591e-20
1.3673184380e+1    2.4804704e-20
1.3700394700e+1    2.6675219e-20
1.3713999860e+1    2.4470574e-20
1.3754815340e+1    2.8844607e-20
1.3768420490e+1    2.5117128e-20
1.3782025650e+1    2.2769928e-20
1.3795630810e+1    3.6728232e-20
1.3809235970e+1    3.5506917e-20
1.3822841130e+1    3.1101877e-20
1.3836446290e+1    2.9358447e-20
1.3850051450e+1    2.7575116e-20
1.3863656600e+1    2.6054550e-20
1.3877261760e+1    2.5795338e-20
1.3890866920e+1    2.7253800e-20
1.3904472080e+1    2.4184670e-20
1.3918077240e+1    2.1590561e-20
1.3931682400e+1    2.1959161e-20
1.3945287560e+1    1.8944538e-20
1.3958892720e+1    1.7770934e-20
1.3972497870e+1    1.9546470e-20
1.3986103030e+1    1.8541991e-20
1.3999708190e+1    1.7715887e-20
1.4013313350e+1    1.3897960e-20
1.4026918510e+1    1.4043193e-20
1.4040523670e+1    1.2836673e-20
1.4054128830e+1    1.4664145e-20
1.4067733980e+1    1.4038499e-20
1.4081339140e+1    1.3475116e-20
1.4094944300e+1    1.4278126e-20
1.4108549460e+1    1.4979446e-20
1.4122154620e+1    1.5803521e-20
1.4135759780e+1    1.6653277e-20
1.4149364940e+1    1.5891796e-20
1.4162970090e+1    1.4854004e-20
1.4176575250e+1    1.4459197e-20
1.4190180410e+1    1.4986661e-20
1.4203785570e+1    1.5737221e-20
1.4217390730e+1    1.5182055e-20
1.4230995890e+1    1.5703765e-20
1.4244601050e+1    1.6253340e-20
1.4258206200e+1    1.6219474e-20
1.4271811360e+1    1.6820836e-20
1.4285416520e+1    1.8439062e-20
1.4299021680e+1    1.7594697e-20
1.4312626840e+1    1.7417496e-20
1.4326232000e+1    1.7073275e-20
1.4339837160e+1    1.6424192e-20
1.4353442310e+1    1.5695563e-20
1.4367047470e+1    1.6443854e-20
1.4380652630e+1    1.6146909e-20
1.4394257790e+1    1.8027878e-20
1.4407862950e+1    1.7436760e-20
1.4421468110e+1    1.7581027e-20
1.4435073270e+1    1.7230280e-20
1.4448678420e+1    1.6810978e-20
1.4462283580e+1    1.7995652e-20
1.4475888740e+1    1.6551888e-20
1.4489493900e+1    1.5897093e-20
1.4503099060e+1    1.5556506e-20
1.4516704220e+1    1.6062133e-20
1.4530309380e+1    1.6262193e-20
1.4543914530e+1    1.4400939e-20
1.4557519690e+1    1.4116581e-20
1.4571124850e+1    1.3963074e-20
1.4584730010e+1    1.3854511e-20
1.4598335170e+1    1.3808807e-20
1.4611940330e+1    1.2966727e-20
1.4625545490e+1    1.3493741e-20
1.4639150640e+1    1.3050111e-20
1.4652755800e+1    1.3161994e-20
1.4666360960e+1    1.2635388e-20
1.4679966120e+1    1.1881816e-20
1.4693571280e+1    1.1850965e-20
1.4707176440e+1    1.1557265e-20
1.4720781600e+1    1.1604253e-20
1.4734386750e+1    1.1605942e-20
1.4747991910e+1    1.1259977e-20
1.4761597070e+1    1.0919141e-20
1.4775202230e+1    1.0582380e-20
1.4788807390e+1    1.0954189e-20
1.4802412550e+1    1.0227421e-20
1.4816017710e+1    1.0203498e-20
1.4829622860e+1    9.8297567e-21
1.4843228020e+1    9.7081567e-21
1.4856833180e+1    1.0624340e-20
1.4870438340e+1    9.9490777e-21
1.4884043500e+1    9.6074883e-21
1.4897648660e+1    9.5649924e-21
1.4911253820e+1    9.0045888e-21
1.4924858980e+1    9.6488960e-21
1.4938464130e+1    9.6495060e-21
1.4952069290e+1    9.3500232e-21
1.4965674450e+1    9.0051507e-21
1.4979279610e+1    8.5400563e-21
1.4992884770e+1    8.3214423e-21
1.5006489930e+1    8.0097461e-21
1.5020095090e+1    7.8550665e-21
1.5033700240e+1    8.0641746e-21
1.5047305400e+1    7.5520561e-21
1.5060910560e+1    7.8912820e-21
1.5074515720e+1    7.9973197e-21
1.5088120880e+1    7.6765504e-21
1.5101726040e+1    7.3602321e-21
1.5115331200e+1    7.1024614e-21
1.5128936350e+1    7.0795439e-21
1.5142541510e+1    7.2737396e-21
1.5156146670e+1    7.1743939e-21
1.5169751830e+1    7.7708192e-21
1.5183356990e+1    7.9606805e-21
1.5196962150e+1    8.4687901e-21
1.5210567310e+1    8.0049512e-21
1.5224172460e+1    8.0505556e-21
1.5237777620e+1    8.2902256e-21
1.5251382780e+1    8.2904236e-21
1.5264987940e+1    8.0374920e-21
1.5278593100e+1    8.1874382e-21
1.5292198260e+1    8.2866730e-21
1.5305803420e+1    8.4269898e-21
1.5319408570e+1    8.4196980e-21
1.5333013730e+1    8.2166504e-21
1.5346618890e+1    7.8576694e-21
1.5360224050e+1    7.7056528e-21
1.5373829210e+1    7.3921274e-21
1.5387434370e+1    7.4558359e-21
1.5401039530e+1    7.3141478e-21
1.5414644680e+1    7.0779110e-21
1.5428249840e+1    7.0267779e-21
1.5441855000e+1    6.9539780e-21
1.5455460160e+1    6.9502906e-21
1.5469065320e+1    6.9244030e-21
1.5482670480e+1    6.9274997e-21
1.5509880790e+1    6.9614853e-21
1.5523485950e+1    7.1450199e-21
1.5537091110e+1    6.9656483e-21
1.5550696270e+1    6.9934490e-21
1.5564301430e+1    7.0254264e-21
1.5577906590e+1    6.7611892e-21
1.5591511750e+1    6.9562448e-21
1.5605116900e+1    6.9196695e-21
1.5618722060e+1    6.8568866e-21
1.5632327220e+1    6.5361152e-21
1.5645932380e+1    6.4904661e-21
1.5659537540e+1    6.3841929e-21
1.5673142700e+1    6.3293364e-21
1.5686747860e+1    6.2231325e-21
1.5700353010e+1    6.1419578e-21
1.5713958170e+1    6.0036261e-21
1.5727563330e+1    5.8575392e-21
1.5741168490e+1    5.7081669e-21
1.5754773650e+1    5.8394814e-21
1.5768378810e+1    5.9528769e-21
1.5781983970e+1    5.8095788e-21
1.5795589120e+1    5.8682393e-21
1.5809194280e+1    5.7395883e-21
1.5822799440e+1    5.4637731e-21
1.5836404600e+1    5.4579403e-21
1.5850009760e+1    5.4712943e-21
1.5863614920e+1    5.6316132e-21
1.5877220080e+1    5.4136790e-21
1.5890825240e+1    5.0818322e-21
1.5904430390e+1    5.0665259e-21
1.5918035550e+1    4.9457628e-21
1.5931640710e+1    4.7964392e-21
1.5945245870e+1    4.7759701e-21
1.5958851030e+1    4.7953213e-21
1.5972456190e+1    4.9393067e-21
1.5986061350e+1    4.9249541e-21
1.5999666500e+1    4.8140195e-21
1.6013271660e+1    4.9466068e-21
1.6026876820e+1    4.8326591e-21
1.6040481980e+1    4.6859001e-21
1.6054087140e+1    4.6172843e-21
1.6067692300e+1    4.7709730e-21
1.6081297460e+1    4.7334098e-21
1.6094902610e+1    4.4721273e-21
1.6108507770e+1    4.3873355e-21
1.6122112930e+1    4.3321469e-21
1.6135718090e+1    4.2408829e-21
1.6149323250e+1    4.2267931e-21
1.6162928410e+1    4.1659659e-21
1.6176533570e+1    4.0370542e-21
1.6190138720e+1    4.1348744e-21
1.6203743880e+1    4.1279056e-21
1.6217349040e+1    4.1192445e-21
1.6230954200e+1    3.9342713e-21
1.6244559360e+1    3.9731793e-21
1.6258164520e+1    3.9679620e-21
1.6271769680e+1    3.9407841e-21
1.6285374830e+1    3.9061320e-21
1.6298979990e+1    4.0697703e-21
1.6312585150e+1    4.0038074e-21
1.6326190310e+1    3.7886230e-21
1.6339795470e+1    3.7244942e-21
1.6353400630e+1    3.7200853e-21
1.6367005790e+1    3.8897474e-21
1.6394216100e+1    3.9645893e-21
1.6407821260e+1    3.8601314e-21
1.6421426420e+1    3.9542597e-21
1.6435031580e+1    3.8944756e-21
1.6448636740e+1    3.9513605e-21
1.6462241900e+1    3.8847967e-21
1.6475847050e+1    4.0750796e-21
1.6489452210e+1    3.9976256e-21
1.6503057370e+1    3.8646392e-21
1.6516662530e+1    3.8983995e-21
1.6530267690e+1    3.9892547e-21
1.6543872850e+1    3.9761584e-21
1.6557478010e+1    4.0826450e-21
1.6571083160e+1    4.0758755e-21
1.6584688320e+1    4.1486563e-21
1.6598293480e+1    4.2218825e-21
1.6611898640e+1    4.2778178e-21
1.6625503800e+1    4.1914080e-21
1.6639108960e+1    4.1990531e-21
1.6652714120e+1    4.2851623e-21
1.6679924430e+1    4.2617120e-21
1.6693529590e+1    4.1804015e-21
1.6707134750e+1    4.0995755e-21
1.6720739910e+1    4.0909399e-21
1.6734345070e+1    4.0729108e-21
1.6747950230e+1    3.9165532e-21
1.6761555380e+1    3.9630846e-21
1.6775160540e+1    3.9126040e-21
1.6788765700e+1    3.8283965e-21
1.6802370860e+1    3.8377295e-21
1.6815976020e+1    3.7177044e-21
1.6829581180e+1    3.8068011e-21
1.6843186340e+1    3.6817878e-21
1.6856791500e+1    3.5707052e-21
1.6870396650e+1    3.4974112e-21
1.6884001810e+1    3.4821595e-21
1.6897606970e+1    3.6379650e-21
1.6911212130e+1    3.4864798e-21
1.6924817290e+1    3.3814904e-21
1.6938422450e+1    3.3065757e-21
1.6952027610e+1    3.2385082e-21
1.6965632760e+1    3.3378972e-21
1.6979237920e+1    3.3301498e-21
1.6992843080e+1    3.1238503e-21
1.7006448240e+1    3.3687189e-21
1.7020053400e+1    3.2536307e-21
1.7033658560e+1    3.2476625e-21
1.7047263720e+1    3.2379056e-21
1.7060868870e+1    3.2445257e-21
1.7074474030e+1    3.1881627e-21
1.7088079190e+1    3.1030438e-21
1.7101684350e+1    3.1669294e-21
1.7115289510e+1    3.1952715e-21
1.7128894670e+1    3.2163671e-21
1.7142499830e+1    3.3624490e-21
1.7156104980e+1    3.1355832e-21
1.7169710140e+1    3.1888839e-21
1.7183315300e+1    3.1314493e-21
1.7196920460e+1    3.1061317e-21
1.7210525620e+1    3.1342472e-21
1.7224130780e+1    3.1424005e-21
1.7237735940e+1    3.1519616e-21
1.7251341090e+1    3.1282279e-21
1.7264946250e+1    3.0461559e-21
1.7278551410e+1    3.0157175e-21
1.7292156570e+1    3.0214321e-21
1.7305761730e+1    2.9824890e-21
1.7319366890e+1    3.0545848e-21
1.7332972050e+1    3.0107640e-21
1.7346577200e+1    2.9964372e-21
1.7360182360e+1    2.9554720e-21
1.7373787520e+1    2.9281196e-21
1.7387392680e+1    2.9122796e-21
1.7400997840e+1    2.8061983e-21
1.7414603000e+1    2.7706716e-21
1.7428208160e+1    2.7853559e-21
1.7441813310e+1    2.8227751e-21
1.7455418470e+1    2.6705471e-21
1.7469023630e+1    2.7947630e-21
1.7482628790e+1    2.8932943e-21
1.7496233950e+1    2.9049533e-21
1.7509839110e+1    2.8403192e-21
1.7523444270e+1    3.0193661e-21
1.7537049420e+1    2.9338098e-21
1.7550654580e+1    2.9798378e-21
1.7564259740e+1    3.0295016e-21
1.7577864900e+1    3.0384775e-21
1.7591470060e+1    3.1257901e-21
1.7605075220e+1    2.9745368e-21
1.7618680380e+1    2.9617637e-21
1.7632285530e+1    2.9717296e-21
1.7645890690e+1    3.0180606e-21
1.7659495850e+1    2.8997064e-21
1.7673101010e+1    2.8354803e-21
1.7686706170e+1    2.7948358e-21
1.7700311330e+1    2.8262149e-21
1.7713916490e+1    2.8229419e-21
1.7727521640e+1    2.8010963e-21
1.7741126800e+1    2.8379879e-21
1.7754731960e+1    2.7636267e-21
1.7768337120e+1    2.7826744e-21
1.7781942280e+1    2.8207105e-21
1.7795547440e+1    2.7670547e-21
1.7809152600e+1    2.9558952e-21
1.7822757760e+1    2.7686215e-21
1.7836362910e+1    2.8319246e-21
1.7849968070e+1    2.7572856e-21
1.7863573230e+1    2.7511048e-21
1.7877178390e+1    2.7123388e-21
1.7890783550e+1    2.6539949e-21
1.7904388710e+1    2.6894990e-21
1.7917993870e+1    2.6660176e-21
1.7931599020e+1    2.6128774e-21
1.7945204180e+1    2.6246976e-21
1.7958809340e+1    2.5506474e-21
1.7972414500e+1    2.5306126e-21
1.7986019660e+1    2.5201228e-21
1.7999624820e+1    2.5126856e-21
1.8013229980e+1    2.5121341e-21
1.8026835130e+1    2.4915884e-21
1.8040440290e+1    2.4813667e-21
1.8054045450e+1    2.4470225e-21
1.8067650610e+1    2.4398897e-21
1.8081255770e+1    2.4192616e-21
1.8094860930e+1    2.3415771e-21
1.8108466090e+1    2.3191283e-21
1.8122071240e+1    2.3421154e-21
1.8135676400e+1    2.3232708e-21
1.8149281560e+1    2.3052052e-21
1.8162886720e+1    2.2562430e-21
1.8176491880e+1    2.2164869e-21
1.8190097040e+1    2.1601273e-21
1.8203702200e+1    2.0765800e-21
1.8217307350e+1    2.0938853e-21
1.8230912510e+1    2.0902366e-21
1.8244517670e+1    2.1563760e-21
1.8258122830e+1    2.0706349e-21
1.8271727990e+1    2.0695839e-21
1.8285333150e+1    2.0717558e-21
1.8298938310e+1    2.0594903e-21
1.8312543460e+1    2.0563732e-21
1.8326148620e+1    2.0360639e-21
1.8339753780e+1    1.9926636e-21
1.8353358940e+1    1.9386062e-21
1.8366964100e+1    1.9808701e-21
1.8380569260e+1    1.8994652e-21
1.8394174420e+1    1.9199355e-21
1.8407779570e+1    1.9382963e-21
1.8421384730e+1    1.9423260e-21
1.8434989890e+1    1.9235747e-21
1.8448595050e+1    1.8763067e-21
1.8462200210e+1    1.9140711e-21
1.8475805370e+1    1.8855839e-21
1.8489410530e+1    1.8619921e-21
1.8503015680e+1    1.8681211e-21
1.8516620840e+1    1.8052949e-21
1.8530226000e+1    1.7914597e-21
1.8543831160e+1    1.7157419e-21
1.8557436320e+1    1.8620210e-21
1.8571041480e+1    1.7768919e-21
1.8584646640e+1    1.7655857e-21
1.8598251790e+1    1.7443393e-21
1.8611856950e+1    1.7644898e-21
1.8625462110e+1    1.7368533e-21
1.8639067270e+1    1.6925352e-21
1.8652672430e+1    1.7477180e-21
1.8666277590e+1    1.7510457e-21
1.8679882750e+1    1.7370340e-21
1.8693487900e+1    1.7246557e-21
1.8707093060e+1    1.6556888e-21
1.8720698220e+1    1.6400194e-21
1.8734303380e+1    1.6809155e-21
1.8747908540e+1    1.6377209e-21
1.8761513700e+1    1.6001431e-21
1.8775118860e+1    1.6148042e-21
1.8788724020e+1    1.6428359e-21
1.8802329170e+1    1.5932558e-21
1.8815934330e+1    1.5999917e-21
1.8829539490e+1    1.6234720e-21
1.8843144650e+1    1.5724744e-21
1.8856749810e+1    1.5660916e-21
1.8870354970e+1    1.5331594e-21
1.8883960130e+1    1.5482808e-21
1.8897565280e+1    1.6016062e-21
1.8911170440e+1    1.4856333e-21
1.8924775600e+1    1.4888913e-21
1.8938380760e+1    1.4480281e-21
1.8951985920e+1    1.4482000e-21
1.8965591080e+1    1.4284953e-21
1.8979196240e+1    1.4292381e-21
1.8992801390e+1    1.3636806e-21
1.9006406550e+1    1.4363915e-21
1.9020011710e+1    1.4141324e-21
1.9033616870e+1    1.3642039e-21
1.9047222030e+1    1.3589349e-21
1.9060827190e+1    1.3463751e-21
1.9074432350e+1    1.3282225e-21
1.9088037500e+1    1.3201258e-21
1.9101642660e+1    1.3637412e-21
1.9115247820e+1    1.3525841e-21
1.9128852980e+1    1.3358280e-21
1.9142458140e+1    1.3219176e-21
1.9156063300e+1    1.3042611e-21
1.9169668460e+1    1.3285702e-21
1.9183273610e+1    1.3216778e-21
1.9196878770e+1    1.3235183e-21
1.9210483930e+1    1.3236038e-21
1.9224089090e+1    1.3315107e-21
1.9237694250e+1    1.2776093e-21
1.9251299410e+1    1.3019960e-21
1.9264904570e+1    1.2779939e-21
1.9278509720e+1    1.3290754e-21
1.9292114880e+1    1.3464046e-21
1.9305720040e+1    1.3139623e-21
1.9319325200e+1    1.3005002e-21
1.9332930360e+1    1.2926258e-21
1.9346535520e+1    1.2784400e-21
1.9360140680e+1    1.3181235e-21
1.9373745830e+1    1.3192718e-21
1.9387350990e+1    1.2815770e-21
1.9400956150e+1    1.2973229e-21
1.9414561310e+1    5.7610702e-21
1.9428166470e+1    1.2006508e-21
1.9441771630e+1    1.2387139e-21
1.9455376790e+1    1.2427044e-21
1.9468981940e+1    1.2247252e-21
1.9482587100e+1    1.2692357e-21
1.9496192260e+1    1.2889003e-21
1.9509797420e+1    1.3056710e-21
1.9523402580e+1    1.2684549e-21
1.9537007740e+1    1.2636182e-21
1.9550612900e+1    1.2769806e-21
1.9564218050e+1    1.2357159e-21
1.9577823210e+1    1.2288472e-21
1.9591428370e+1    1.2431959e-21
1.9999583130e+1    2.1768518e-20
2.4999478910e+1    1.9329550e-22
2.9999374690e+1    7.0464033e-23
3.4999270480e+1    3.9330139e-23
3.9999166260e+1    2.2398902e-23
4.4999062040e+1    1.3430184e-23
4.9998957820e+1    9.6764324e-24
5.4998853610e+1    7.0855470e-24
5.9998749390e+1    5.5074665e-24
6.4998645170e+1    4.1812978e-24
6.9998540950e+1    3.2827671e-24
7.4998436740e+1    2.5879228e-24
7.9998332520e+1    2.0939060e-24
8.4998228300e+1    1.6263693e-24
8.9998124080e+1    1.3097485e-24
9.4998019870e+1    1.0823219e-24
9.9997915650e+1    8.8889859e-25
1.0499781143e+2    7.2261720e-25
1.0999770721e+2    5.9936874e-25
1.1499760300e+2    5.0570489e-25
1.1999749878e+2    4.2083363e-25
1.2499739456e+2    3.5587248e-25
1.2999729034e+2    3.0104536e-25
1.3499718613e+2    2.5432361e-25
-----------------------------

