EXCITATION
N(2p2_3P_4s_4Pe) -> N(2p2_3P_3d_2Fe)
 1.298600e+1
SPECIES: e / N(2p2_3P_4s_4Pe)
PROCESS: E + N(2p2_3P_4s_4Pe) -> E + N(2p2_3P_3d_2Fe), Excitation
PARAM.:  E = 12.986 eV
UPDATED: 2019-01-30 20:10:48
COLUMNS: Energy (eV) | Cross section (m2)
-----------------------------
1.2985937210e+1    0.0000000e+7
1.2992926460e+1    3.0487662e-19
1.3006531610e+1    5.1007027e-19
1.3020136770e+1    5.1120778e-19
1.3033741930e+1    5.1443923e-19
1.3047347090e+1    6.9400224e-19
1.3060952250e+1    6.9050576e-19
1.3074557410e+1    6.3538020e-19
1.3088162570e+1    6.4561515e-19
1.3101767720e+1    6.0343006e-19
1.3115372880e+1    5.6980986e-19
1.3128978040e+1    5.3894968e-19
1.3142583200e+1    5.1230157e-19
1.3156188360e+1    4.9143811e-19
1.3169793520e+1    4.6610865e-19
1.3183398680e+1    4.4363030e-19
1.3197003830e+1    4.1846948e-19
1.3210608990e+1    4.0049859e-19
1.3224214150e+1    3.8318303e-19
1.3237819310e+1    3.6773296e-19
1.3251424470e+1    3.5220470e-19
1.3265029630e+1    3.3704787e-19
1.3278634790e+1    3.2549079e-19
1.3305845100e+1    3.0646697e-19
1.3319450260e+1    2.9007672e-19
1.3333055420e+1    2.7536717e-19
1.3346660580e+1    2.6349732e-19
1.3360265740e+1    2.5842208e-19
1.3373870900e+1    2.5672557e-19
1.3387476050e+1    2.3597483e-19
1.3401081210e+1    2.1756739e-19
1.3414686370e+1    2.0756170e-19
1.3428291530e+1    2.0025810e-19
1.3441896690e+1    1.9679910e-19
1.3455501850e+1    1.9505380e-19
1.3469107010e+1    1.8261593e-19
1.3482712160e+1    1.8080254e-19
1.3496317320e+1    1.7263881e-19
1.3509922480e+1    1.6298012e-19
1.3523527640e+1    1.5616344e-19
1.3537132800e+1    1.4519291e-19
1.3550737960e+1    1.3813607e-19
1.3564343120e+1    1.3269262e-19
1.3577948270e+1    1.3313105e-19
1.3591553430e+1    1.2107873e-19
1.3605158590e+1    1.0655336e-19
1.3618763750e+1    9.4477364e-20
1.3632368910e+1    1.0196457e-19
1.3645974070e+1    1.2570666e-19
1.3659579230e+1    1.4696239e-19
1.3673184380e+1    1.4926055e-19
1.3700394700e+1    1.3675375e-19
1.3713999860e+1    1.2945578e-19
1.3754815340e+1    1.0221848e-19
1.3768420490e+1    9.4552687e-20
1.3782025650e+1    8.6632034e-20
1.3795630810e+1    8.4018930e-20
1.3809235970e+1    8.1140932e-20
1.3822841130e+1    7.9823855e-20
1.3836446290e+1    7.8780665e-20
1.3850051450e+1    7.4679013e-20
1.3863656600e+1    6.6280764e-20
1.3877261760e+1    6.7150078e-20
1.3890866920e+1    6.3583387e-20
1.3904472080e+1    6.3022350e-20
1.3918077240e+1    6.3489977e-20
1.3931682400e+1    6.3080857e-20
1.3945287560e+1    6.5352336e-20
1.3958892720e+1    6.4830250e-20
1.3972497870e+1    5.7633436e-20
1.3986103030e+1    5.8533261e-20
1.3999708190e+1    5.7570297e-20
1.4013313350e+1    5.6606641e-20
1.4026918510e+1    5.5113662e-20
1.4040523670e+1    5.6053984e-20
1.4054128830e+1    5.3696757e-20
1.4067733980e+1    5.3292430e-20
1.4081339140e+1    5.0803416e-20
1.4094944300e+1    4.9708837e-20
1.4108549460e+1    4.6532784e-20
1.4122154620e+1    4.4310143e-20
1.4135759780e+1    4.1906969e-20
1.4149364940e+1    3.9829290e-20
1.4162970090e+1    3.3070025e-20
1.4176575250e+1    3.5537128e-20
1.4190180410e+1    3.4320499e-20
1.4203785570e+1    3.2757126e-20
1.4217390730e+1    3.2921985e-20
1.4230995890e+1    3.1609642e-20
1.4244601050e+1    3.1199240e-20
1.4258206200e+1    3.0780061e-20
1.4271811360e+1    3.0763276e-20
1.4285416520e+1    3.0739052e-20
1.4299021680e+1    3.0871914e-20
1.4312626840e+1    3.0886124e-20
1.4326232000e+1    3.2227489e-20
1.4339837160e+1    3.4017050e-20
1.4353442310e+1    3.4512615e-20
1.4367047470e+1    3.1425863e-20
1.4380652630e+1    2.9779835e-20
1.4394257790e+1    3.1928343e-20
1.4407862950e+1    3.1492004e-20
1.4421468110e+1    3.1559905e-20
1.4435073270e+1    3.2298743e-20
1.4448678420e+1    3.3944154e-20
1.4462283580e+1    3.4535405e-20
1.4475888740e+1    3.4077003e-20
1.4489493900e+1    3.3541456e-20
1.4503099060e+1    3.2962173e-20
1.4516704220e+1    3.2502867e-20
1.4530309380e+1    2.9463938e-20
1.4543914530e+1    2.9250577e-20
1.4557519690e+1    2.9635686e-20
1.4571124850e+1    3.0452396e-20
1.4584730010e+1    2.9879356e-20
1.4598335170e+1    2.9809543e-20
1.4611940330e+1    2.8868758e-20
1.4625545490e+1    2.9231127e-20
1.4639150640e+1    2.8362155e-20
1.4652755800e+1    2.6010203e-20
1.4666360960e+1    2.4664539e-20
1.4679966120e+1    2.3803772e-20
1.4693571280e+1    2.3320699e-20
1.4707176440e+1    2.2437170e-20
1.4720781600e+1    2.1752629e-20
1.4734386750e+1    2.1667852e-20
1.4747991910e+1    2.0875614e-20
1.4761597070e+1    2.0536813e-20
1.4775202230e+1    2.0392387e-20
1.4788807390e+1    1.9804543e-20
1.4802412550e+1    1.8701737e-20
1.4816017710e+1    1.8487041e-20
1.4829622860e+1    1.7987332e-20
1.4843228020e+1    1.6790403e-20
1.4856833180e+1    1.6044451e-20
1.4870438340e+1    1.6646195e-20
1.4884043500e+1    1.5512537e-20
1.4897648660e+1    1.5507562e-20
1.4911253820e+1    1.6244783e-20
1.4924858980e+1    1.5716493e-20
1.4938464130e+1    1.5916436e-20
1.4952069290e+1    1.5959574e-20
1.4965674450e+1    1.5759791e-20
1.4979279610e+1    1.5540624e-20
1.4992884770e+1    1.5351893e-20
1.5006489930e+1    1.4596128e-20
1.5020095090e+1    1.5326417e-20
1.5033700240e+1    1.4505251e-20
1.5047305400e+1    1.4253334e-20
1.5060910560e+1    1.3617554e-20
1.5074515720e+1    1.3592213e-20
1.5088120880e+1    1.3331643e-20
1.5101726040e+1    1.3576152e-20
1.5115331200e+1    1.2771754e-20
1.5128936350e+1    1.2140739e-20
1.5142541510e+1    1.2070805e-20
1.5156146670e+1    1.1973754e-20
1.5169751830e+1    1.1970367e-20
1.5183356990e+1    1.2188420e-20
1.5196962150e+1    1.2394298e-20
1.5210567310e+1    1.2534631e-20
1.5224172460e+1    1.2807599e-20
1.5237777620e+1    1.2999691e-20
1.5251382780e+1    1.3114184e-20
1.5264987940e+1    1.3304709e-20
1.5278593100e+1    1.3654408e-20
1.5292198260e+1    1.3705132e-20
1.5305803420e+1    1.3271570e-20
1.5319408570e+1    1.4401682e-20
1.5333013730e+1    1.4722557e-20
1.5346618890e+1    1.4219545e-20
1.5360224050e+1    1.4147244e-20
1.5373829210e+1    1.4014906e-20
1.5387434370e+1    1.3514008e-20
1.5401039530e+1    1.3680829e-20
1.5414644680e+1    1.3298666e-20
1.5428249840e+1    1.2639276e-20
1.5441855000e+1    1.2841600e-20
1.5455460160e+1    1.2613497e-20
1.5469065320e+1    1.2259585e-20
1.5482670480e+1    1.1993250e-20
1.5509880790e+1    1.1738279e-20
1.5523485950e+1    1.1277653e-20
1.5537091110e+1    1.0957523e-20
1.5550696270e+1    1.1439931e-20
1.5564301430e+1    1.1745690e-20
1.5577906590e+1    1.0603202e-20
1.5591511750e+1    1.0780544e-20
1.5605116900e+1    1.0762166e-20
1.5618722060e+1    1.0820685e-20
1.5632327220e+1    1.0672059e-20
1.5645932380e+1    1.0423814e-20
1.5659537540e+1    9.9248424e-21
1.5673142700e+1    1.0228664e-20
1.5686747860e+1    1.0007039e-20
1.5700353010e+1    1.0002135e-20
1.5713958170e+1    1.0374096e-20
1.5727563330e+1    1.0045309e-20
1.5741168490e+1    9.6514147e-21
1.5754773650e+1    9.1840900e-21
1.5768378810e+1    8.9723917e-21
1.5781983970e+1    8.4780702e-21
1.5795589120e+1    8.3420551e-21
1.5809194280e+1    8.1190130e-21
1.5822799440e+1    7.7443011e-21
1.5836404600e+1    7.7055409e-21
1.5850009760e+1    7.5501762e-21
1.5863614920e+1    7.4362995e-21
1.5877220080e+1    7.3640688e-21
1.5890825240e+1    7.2635519e-21
1.5904430390e+1    7.1733503e-21
1.5918035550e+1    7.0849026e-21
1.5931640710e+1    6.6820066e-21
1.5945245870e+1    6.7499827e-21
1.5958851030e+1    6.5793884e-21
1.5972456190e+1    6.6110731e-21
1.5986061350e+1    6.4541066e-21
1.5999666500e+1    6.2935468e-21
1.6013271660e+1    6.4024268e-21
1.6026876820e+1    6.3577585e-21
1.6040481980e+1    6.1738426e-21
1.6054087140e+1    6.1894829e-21
1.6067692300e+1    6.0804897e-21
1.6081297460e+1    6.1086535e-21
1.6094902610e+1    6.0889150e-21
1.6108507770e+1    6.0062703e-21
1.6122112930e+1    5.9786957e-21
1.6135718090e+1    5.9320077e-21
1.6149323250e+1    6.0790039e-21
1.6162928410e+1    6.0209492e-21
1.6176533570e+1    6.1276587e-21
1.6190138720e+1    6.0762866e-21
1.6203743880e+1    6.0695981e-21
1.6217349040e+1    6.1419109e-21
1.6230954200e+1    6.0936726e-21
1.6244559360e+1    6.1108935e-21
1.6258164520e+1    5.9172316e-21
1.6271769680e+1    5.7781801e-21
1.6285374830e+1    5.7935139e-21
1.6298979990e+1    5.7117395e-21
1.6312585150e+1    5.6729437e-21
1.6326190310e+1    5.6650971e-21
1.6339795470e+1    5.5650872e-21
1.6353400630e+1    5.4316563e-21
1.6367005790e+1    5.2142748e-21
1.6394216100e+1    5.2940799e-21
1.6407821260e+1    5.3300167e-21
1.6421426420e+1    5.1901386e-21
1.6435031580e+1    5.3118806e-21
1.6448636740e+1    5.1161226e-21
1.6462241900e+1    5.1101669e-21
1.6475847050e+1    5.0523396e-21
1.6489452210e+1    5.1645465e-21
1.6503057370e+1    5.2057656e-21
1.6516662530e+1    5.2071119e-21
1.6530267690e+1    5.2037112e-21
1.6543872850e+1    4.9963660e-21
1.6557478010e+1    5.1696711e-21
1.6571083160e+1    5.2024285e-21
1.6584688320e+1    5.3646436e-21
1.6598293480e+1    5.4501276e-21
1.6611898640e+1    5.5314308e-21
1.6625503800e+1    5.4047869e-21
1.6639108960e+1    5.4042125e-21
1.6652714120e+1    5.4616954e-21
1.6679924430e+1    5.3721538e-21
1.6693529590e+1    5.2349777e-21
1.6707134750e+1    5.1660909e-21
1.6720739910e+1    5.2063480e-21
1.6734345070e+1    5.1579938e-21
1.6747950230e+1    5.2353181e-21
1.6761555380e+1    5.2190695e-21
1.6775160540e+1    5.0453649e-21
1.6788765700e+1    5.0229535e-21
1.6802370860e+1    5.0479442e-21
1.6815976020e+1    5.1103938e-21
1.6829581180e+1    5.0124603e-21
1.6843186340e+1    4.9117100e-21
1.6856791500e+1    4.9897671e-21
1.6870396650e+1    4.8301664e-21
1.6884001810e+1    4.7572223e-21
1.6897606970e+1    4.8309590e-21
1.6911212130e+1    4.8595805e-21
1.6924817290e+1    4.7482689e-21
1.6938422450e+1    4.8080184e-21
1.6952027610e+1    4.7617005e-21
1.6965632760e+1    4.6809353e-21
1.6979237920e+1    4.5658389e-21
1.6992843080e+1    4.5814718e-21
1.7006448240e+1    4.6337157e-21
1.7020053400e+1    4.5459303e-21
1.7033658560e+1    4.4765313e-21
1.7047263720e+1    4.4477849e-21
1.7060868870e+1    4.4570180e-21
1.7074474030e+1    4.4863539e-21
1.7088079190e+1    4.3852484e-21
1.7101684350e+1    4.3398260e-21
1.7115289510e+1    4.3379217e-21
1.7128894670e+1    4.2895293e-21
1.7142499830e+1    4.2938770e-21
1.7156104980e+1    4.3312000e-21
1.7169710140e+1    4.2967759e-21
1.7183315300e+1    4.2740427e-21
1.7196920460e+1    4.0692385e-21
1.7210525620e+1    4.2044636e-21
1.7224130780e+1    4.0787697e-21
1.7237735940e+1    4.0749304e-21
1.7251341090e+1    4.0664930e-21
1.7264946250e+1    4.0768612e-21
1.7278551410e+1    4.1043554e-21
1.7292156570e+1    3.9724009e-21
1.7305761730e+1    3.9454546e-21
1.7319366890e+1    3.9412417e-21
1.7332972050e+1    3.9122493e-21
1.7346577200e+1    3.8963244e-21
1.7360182360e+1    3.8815085e-21
1.7373787520e+1    3.8190581e-21
1.7387392680e+1    3.7900283e-21
1.7400997840e+1    3.7419349e-21
1.7414603000e+1    3.6553607e-21
1.7428208160e+1    3.5694505e-21
1.7441813310e+1    3.5884435e-21
1.7455418470e+1    3.4763376e-21
1.7469023630e+1    3.4959458e-21
1.7482628790e+1    3.4683651e-21
1.7496233950e+1    3.4634751e-21
1.7509839110e+1    3.3789482e-21
1.7523444270e+1    3.3468289e-21
1.7537049420e+1    3.3398998e-21
1.7550654580e+1    3.2591248e-21
1.7564259740e+1    3.2235706e-21
1.7577864900e+1    3.2051301e-21
1.7591470060e+1    3.2313369e-21
1.7605075220e+1    3.2220966e-21
1.7618680380e+1    3.2765127e-21
1.7632285530e+1    3.3486897e-21
1.7645890690e+1    3.3954646e-21
1.7659495850e+1    3.3761968e-21
1.7673101010e+1    3.3190418e-21
1.7686706170e+1    3.3776201e-21
1.7700311330e+1    3.3438736e-21
1.7713916490e+1    3.3729816e-21
1.7727521640e+1    3.3949699e-21
1.7741126800e+1    3.3399761e-21
1.7754731960e+1    3.3095540e-21
1.7768337120e+1    3.3784826e-21
1.7781942280e+1    3.4254850e-21
1.7795547440e+1    3.4393840e-21
1.7809152600e+1    3.5184759e-21
1.7822757760e+1    3.5459973e-21
1.7836362910e+1    3.5117391e-21
1.7849968070e+1    3.4988155e-21
1.7863573230e+1    3.5143404e-21
1.7877178390e+1    3.5597012e-21
1.7890783550e+1    3.6068798e-21
1.7904388710e+1    3.6111105e-21
1.7917993870e+1    3.6071664e-21
1.7931599020e+1    3.5730150e-21
1.7945204180e+1    3.5692680e-21
1.7958809340e+1    3.5498241e-21
1.7972414500e+1    3.5023791e-21
1.7986019660e+1    3.4732738e-21
1.7999624820e+1    3.4147248e-21
1.8013229980e+1    3.3181657e-21
1.8026835130e+1    3.2667442e-21
1.8040440290e+1    3.2494689e-21
1.8054045450e+1    3.1293935e-21
1.8067650610e+1    3.0932828e-21
1.8081255770e+1    3.0525937e-21
1.8094860930e+1    3.0410747e-21
1.8108466090e+1    3.0233641e-21
1.8122071240e+1    3.0244793e-21
1.8135676400e+1    2.9631639e-21
1.8149281560e+1    2.9457255e-21
1.8162886720e+1    2.9417993e-21
1.8176491880e+1    2.9437920e-21
1.8190097040e+1    2.8979718e-21
1.8203702200e+1    2.8254364e-21
1.8217307350e+1    2.8096907e-21
1.8230912510e+1    2.7548932e-21
1.8244517670e+1    2.7133122e-21
1.8258122830e+1    2.6629876e-21
1.8271727990e+1    2.6347872e-21
1.8285333150e+1    2.6078840e-21
1.8298938310e+1    2.5513414e-21
1.8312543460e+1    2.5195604e-21
1.8326148620e+1    2.5372024e-21
1.8339753780e+1    2.5252765e-21
1.8353358940e+1    2.5022095e-21
1.8366964100e+1    2.4862289e-21
1.8380569260e+1    2.4909642e-21
1.8394174420e+1    2.5035018e-21
1.8407779570e+1    2.4909210e-21
1.8421384730e+1    2.4693952e-21
1.8434989890e+1    2.4613019e-21
1.8448595050e+1    2.4749905e-21
1.8462200210e+1    2.4966569e-21
1.8475805370e+1    2.5145632e-21
1.8489410530e+1    2.4531940e-21
1.8503015680e+1    2.4932493e-21
1.8516620840e+1    2.4594454e-21
1.8530226000e+1    2.4113023e-21
1.8543831160e+1    2.4345599e-21
1.8557436320e+1    2.3991798e-21
1.8571041480e+1    2.3772850e-21
1.8584646640e+1    2.3242377e-21
1.8598251790e+1    2.3240907e-21
1.8611856950e+1    2.3117914e-21
1.8625462110e+1    2.2889546e-21
1.8639067270e+1    2.2901495e-21
1.8652672430e+1    2.3077600e-21
1.8666277590e+1    2.2791280e-21
1.8679882750e+1    2.2430188e-21
1.8693487900e+1    2.2535215e-21
1.8707093060e+1    6.5981542e-20
1.8720698220e+1    2.2027086e-21
1.8734303380e+1    2.2159441e-21
1.8747908540e+1    2.2149549e-21
1.8761513700e+1    2.1747704e-21
1.8775118860e+1    2.2094125e-21
1.8788724020e+1    2.1239076e-21
1.8802329170e+1    2.1646220e-21
1.8815934330e+1    2.6030573e-21
1.8829539490e+1    2.0995089e-21
1.8843144650e+1    2.0792422e-21
1.8856749810e+1    2.0730734e-21
1.8870354970e+1    2.0187616e-21
1.8883960130e+1    1.9497032e-21
1.8897565280e+1    1.9669708e-21
1.8911170440e+1    1.9410293e-21
1.8924775600e+1    1.9064450e-21
1.8938380760e+1    1.8966141e-21
1.8951985920e+1    1.8700039e-21
1.8965591080e+1    1.8509769e-21
1.8979196240e+1    1.8282867e-21
1.8992801390e+1    1.8665284e-21
1.9006406550e+1    1.8702971e-21
1.9020011710e+1    1.8532560e-21
1.9033616870e+1    1.8401100e-21
1.9047222030e+1    1.8553454e-21
1.9060827190e+1    1.8705057e-21
1.9074432350e+1    1.8831284e-21
1.9088037500e+1    1.8955734e-21
1.9101642660e+1    1.9016738e-21
1.9115247820e+1    1.9397831e-21
1.9128852980e+1    1.9506044e-21
1.9142458140e+1    1.9336252e-21
1.9156063300e+1    1.9364640e-21
1.9169668460e+1    1.9497192e-21
1.9183273610e+1    1.9323616e-21
1.9196878770e+1    1.9263217e-21
1.9210483930e+1    1.9254949e-21
1.9224089090e+1    1.9101303e-21
1.9237694250e+1    1.8828442e-21
1.9251299410e+1    1.8733570e-21
1.9264904570e+1    1.8489189e-21
1.9278509720e+1    1.8362611e-21
1.9292114880e+1    1.8234140e-21
1.9305720040e+1    1.8118749e-21
1.9319325200e+1    1.7840656e-21
1.9332930360e+1    1.7612178e-21
1.9346535520e+1    1.7409123e-21
1.9360140680e+1    1.7233924e-21
1.9373745830e+1    1.7231950e-21
1.9387350990e+1    1.7130347e-21
1.9400956150e+1    1.7399973e-21
1.9414561310e+1    3.4768853e-19
1.9428166470e+1    1.6756306e-21
1.9441771630e+1    1.6599595e-21
1.9455376790e+1    1.6647517e-21
1.9468981940e+1    1.6406756e-21
1.9482587100e+1    1.6589191e-21
1.9496192260e+1    1.6190968e-21
1.9509797420e+1    1.6426621e-21
1.9523402580e+1    2.4662110e-20
1.9537007740e+1    1.5924753e-21
1.9550612900e+1    1.5814863e-21
1.9564218050e+1    1.5936412e-21
1.9577823210e+1    1.5637808e-21
1.9591428370e+1    1.5304918e-21
1.9999583130e+1    1.9629340e-20
2.4999478910e+1    2.8097322e-22
2.9999374690e+1    1.0083164e-22
3.4999270480e+1    4.6376055e-23
3.9999166260e+1    2.3100932e-23
4.4999062040e+1    1.2696564e-23
4.9998957820e+1    8.5376072e-24
5.4998853610e+1    6.1799387e-24
5.9998749390e+1    4.7910660e-24
6.4998645170e+1    3.7978075e-24
6.9998540950e+1    3.0444377e-24
7.4998436740e+1    2.4625230e-24
7.9998332520e+1    1.9963213e-24
8.4998228300e+1    1.6967651e-24
8.9998124080e+1    1.3593038e-24
9.4998019870e+1    1.1172442e-24
9.9997915650e+1    9.3482586e-25
1.0499781143e+2    7.8602230e-25
1.0999770721e+2    6.6748038e-25
1.1499760300e+2    5.7029840e-25
1.1999749878e+2    4.9016698e-25
1.2499739456e+2    4.2576936e-25
1.2999729034e+2    3.6861126e-25
1.3499718613e+2    3.2137597e-25
-----------------------------

