EXCITATION
N(2p2_1D_3s_2De) -> N(2p2_3P_3d_4Pe)
 1.298300e+1
SPECIES: e / N(2p2_1D_3s_2De)
PROCESS: E + N(2p2_1D_3s_2De) -> E + N(2p2_3P_3d_4Pe), Excitation
PARAM.:  E = 12.983 eV
UPDATED: 2019-01-30 20:10:48
COLUMNS: Energy (eV) | Cross section (m2)
-----------------------------
1.2983464610e+1    0.0000000e+7
1.2992926460e+1    3.9608207e-22
1.3006531610e+1    7.7239054e-22
1.3020136770e+1    7.2723647e-22
1.3033741930e+1    7.7157896e-22
1.3047347090e+1    1.0586411e-21
1.3060952250e+1    1.1341014e-21
1.3074557410e+1    1.5674425e-21
1.3088162570e+1    1.2924208e-21
1.3101767720e+1    1.1538557e-21
1.3115372880e+1    1.0559328e-21
1.3128978040e+1    1.0067337e-21
1.3142583200e+1    9.7779129e-22
1.3156188360e+1    9.5418871e-22
1.3169793520e+1    1.0066607e-21
1.3183398680e+1    1.0040277e-21
1.3197003830e+1    1.0103202e-21
1.3210608990e+1    9.8411183e-22
1.3224214150e+1    9.8206269e-22
1.3237819310e+1    9.9238847e-22
1.3251424470e+1    9.7585547e-22
1.3265029630e+1    9.3179404e-22
1.3278634790e+1    9.4501690e-22
1.3305845100e+1    9.5688701e-22
1.3319450260e+1    9.2987769e-22
1.3333055420e+1    9.9542888e-22
1.3346660580e+1    1.0604889e-21
1.3360265740e+1    9.8474109e-22
1.3373870900e+1    9.5362803e-22
1.3387476050e+1    8.8863795e-22
1.3401081210e+1    8.6870827e-22
1.3414686370e+1    8.3808085e-22
1.3428291530e+1    8.4873224e-22
1.3441896690e+1    9.0413295e-22
1.3455501850e+1    9.2023207e-22
1.3469107010e+1    9.2245530e-22
1.3482712160e+1    9.5345352e-22
1.3496317320e+1    9.6317388e-22
1.3509922480e+1    1.0357455e-21
1.3523527640e+1    1.0080959e-21
1.3537132800e+1    1.0888217e-21
1.3550737960e+1    1.1206444e-21
1.3564343120e+1    1.0428037e-21
1.3577948270e+1    1.0177171e-21
1.3591553430e+1    1.0334391e-21
1.3605158590e+1    1.1144991e-21
1.3618763750e+1    1.2614392e-21
1.3632368910e+1    1.2492165e-21
1.3645974070e+1    1.0751671e-21
1.3659579230e+1    9.1896596e-22
1.3673184380e+1    8.9690651e-22
1.3700394700e+1    1.0336245e-21
1.3713999860e+1    9.8974235e-22
1.3754815340e+1    7.3824987e-22
1.3768420490e+1    6.4346021e-22
1.3782025650e+1    7.3049714e-22
1.3795630810e+1    6.1438079e-22
1.3809235970e+1    7.6536180e-22
1.3822841130e+1    8.7128623e-22
1.3836446290e+1    7.7478751e-22
1.3850051450e+1    7.5436198e-22
1.3863656600e+1    8.1768643e-22
1.3877261760e+1    7.9317704e-22
1.3890866920e+1    7.6776576e-22
1.3904472080e+1    8.0010580e-22
1.3918077240e+1    9.4662194e-22
1.3931682400e+1    8.6618559e-22
1.3945287560e+1    9.6918709e-22
1.3958892720e+1    1.0913300e-21
1.3972497870e+1    1.0115460e-21
1.3986103030e+1    9.5063635e-22
1.3999708190e+1    8.7097374e-22
1.4013313350e+1    1.2741766e-21
1.4026918510e+1    1.2132717e-21
1.4040523670e+1    1.4585705e-21
1.4054128830e+1    1.4518617e-21
1.4067733980e+1    1.3450760e-21
1.4081339140e+1    8.8771414e-22
1.4094944300e+1    7.7541055e-22
1.4108549460e+1    6.8492482e-22
1.4122154620e+1    5.3630196e-22
1.4135759780e+1    4.5832560e-22
1.4149364940e+1    3.8688335e-22
1.4162970090e+1    5.8715514e-22
1.4176575250e+1    5.5603538e-22
1.4190180410e+1    4.4874781e-22
1.4203785570e+1    4.2062563e-22
1.4217390730e+1    3.0727735e-22
1.4230995890e+1    3.0401357e-22
1.4244601050e+1    3.3269829e-22
1.4258206200e+1    3.6147452e-22
1.4271811360e+1    3.6592151e-22
1.4285416520e+1    3.5784413e-22
1.4299021680e+1    3.4421063e-22
1.4312626840e+1    3.1669805e-22
1.4326232000e+1    3.2571187e-22
1.4339837160e+1    3.8778590e-22
1.4353442310e+1    3.9566046e-22
1.4367047470e+1    3.3578397e-22
1.4380652630e+1    3.5053279e-22
1.4394257790e+1    2.8834577e-22
1.4407862950e+1    3.1736958e-22
1.4421468110e+1    2.9180400e-22
1.4435073270e+1    2.6511330e-22
1.4448678420e+1    2.4926416e-22
1.4462283580e+1    2.4519784e-22
1.4475888740e+1    2.2740981e-22
1.4489493900e+1    2.3046420e-22
1.4503099060e+1    2.3317984e-22
1.4516704220e+1    2.5872196e-22
1.4530309380e+1    3.0939446e-22
1.4543914530e+1    3.0297750e-22
1.4557519690e+1    2.6084334e-22
1.4571124850e+1    2.1743872e-22
1.4584730010e+1    2.9081147e-22
1.4598335170e+1    2.8739288e-22
1.4611940330e+1    3.3148705e-22
1.4625545490e+1    3.8255317e-22
1.4639150640e+1    3.7210790e-22
1.4652755800e+1    3.4387127e-22
1.4666360960e+1    3.1875630e-22
1.4679966120e+1    2.1385917e-22
1.4693571280e+1    1.9315196e-22
1.4707176440e+1    1.9825239e-22
1.4720781600e+1    2.0968735e-22
1.4734386750e+1    2.3092051e-22
1.4747991910e+1    2.2830642e-22
1.4761597070e+1    2.4693757e-22
1.4775202230e+1    2.6317025e-22
1.4788807390e+1    2.8559047e-22
1.4802412550e+1    2.8785141e-22
1.4816017710e+1    3.0555012e-22
1.4829622860e+1    3.0065877e-22
1.4843228020e+1    2.7766512e-22
1.4856833180e+1    3.0524362e-22
1.4870438340e+1    2.6406279e-22
1.4884043500e+1    2.6656414e-22
1.4897648660e+1    2.4647028e-22
1.4911253820e+1    2.5075428e-22
1.4924858980e+1    2.6672565e-22
1.4938464130e+1    2.3714761e-22
1.4952069290e+1    2.1436368e-22
1.4965674450e+1    2.1099305e-22
1.4979279610e+1    2.0877468e-22
1.4992884770e+1    2.0762915e-22
1.5006489930e+1    1.9917295e-22
1.5020095090e+1    2.0595465e-22
1.5033700240e+1    2.0548408e-22
1.5047305400e+1    2.1134060e-22
1.5060910560e+1    2.0074056e-22
1.5074515720e+1    1.9006555e-22
1.5088120880e+1    1.6967308e-22
1.5101726040e+1    1.6823221e-22
1.5115331200e+1    1.7339470e-22
1.5128936350e+1    1.8437691e-22
1.5142541510e+1    1.8770998e-22
1.5156146670e+1    2.0277935e-22
1.5169751830e+1    2.2301524e-22
1.5183356990e+1    2.2266021e-22
1.5196962150e+1    2.0756115e-22
1.5210567310e+1    2.0036045e-22
1.5224172460e+1    1.8520802e-22
1.5237777620e+1    1.7971383e-22
1.5251382780e+1    1.8669361e-22
1.5264987940e+1    2.0221231e-22
1.5278593100e+1    2.0123470e-22
1.5292198260e+1    1.8037340e-22
1.5305803420e+1    1.8210787e-22
1.5319408570e+1    1.7197965e-22
1.5333013730e+1    1.6279070e-22
1.5346618890e+1    1.6417699e-22
1.5360224050e+1    1.5674121e-22
1.5373829210e+1    1.6277215e-22
1.5387434370e+1    1.5736581e-22
1.5401039530e+1    1.5890579e-22
1.5414644680e+1    1.6145884e-22
1.5428249840e+1    1.5538361e-22
1.5441855000e+1    1.7075367e-22
1.5455460160e+1    1.6628550e-22
1.5469065320e+1    1.6563832e-22
1.5482670480e+1    1.4053066e-22
1.5509880790e+1    1.7205337e-22
1.5523485950e+1    1.9359586e-22
1.5537091110e+1    1.8349093e-22
1.5550696270e+1    1.5061916e-22
1.5564301430e+1    1.5650977e-22
1.5577906590e+1    1.5270445e-22
1.5591511750e+1    1.5736580e-22
1.5605116900e+1    1.4462093e-22
1.5618722060e+1    1.3516372e-22
1.5632327220e+1    1.3134654e-22
1.5645932380e+1    1.2350901e-22
1.5659537540e+1    1.3219303e-22
1.5673142700e+1    1.2990950e-22
1.5686747860e+1    1.2753435e-22
1.5700353010e+1    1.3449998e-22
1.5713958170e+1    1.2968464e-22
1.5727563330e+1    1.3193324e-22
1.5741168490e+1    1.2614444e-22
1.5754773650e+1    1.2777245e-22
1.5768378810e+1    1.2506188e-22
1.5781983970e+1    1.5501318e-22
1.5795589120e+1    1.3351206e-22
1.5809194280e+1    1.2482842e-22
1.5822799440e+1    1.4150254e-22
1.5836404600e+1    1.2929030e-22
1.5850009760e+1    1.1994866e-22
1.5863614920e+1    1.2001909e-22
1.5877220080e+1    1.0355777e-22
1.5890825240e+1    1.0024891e-22
1.5904430390e+1    9.5789625e-23
1.5918035550e+1    1.0912158e-22
1.5931640710e+1    1.1798233e-22
1.5945245870e+1    1.0368252e-22
1.5958851030e+1    1.0730784e-22
1.5972456190e+1    1.1274410e-22
1.5986061350e+1    1.2028800e-22
1.5999666500e+1    1.0723735e-22
1.6013271660e+1    1.1260584e-22
1.6026876820e+1    1.0890920e-22
1.6040481980e+1    1.0324461e-22
1.6054087140e+1    1.1715903e-22
1.6067692300e+1    1.0041692e-22
1.6081297460e+1    1.0734911e-22
1.6094902610e+1    1.0765448e-22
1.6108507770e+1    1.0046821e-22
1.6122112930e+1    9.5446350e-23
1.6135718090e+1    1.0247755e-22
1.6149323250e+1    9.8365975e-23
1.6162928410e+1    1.0316710e-22
1.6176533570e+1    1.0382356e-22
1.6190138720e+1    9.5504933e-23
1.6203743880e+1    1.0601836e-22
1.6217349040e+1    9.9427033e-23
1.6230954200e+1    1.0023549e-22
1.6244559360e+1    9.2681948e-23
1.6258164520e+1    9.3119132e-23
1.6271769680e+1    1.0804642e-22
1.6285374830e+1    9.4606035e-23
1.6298979990e+1    8.6270120e-23
1.6312585150e+1    9.3469694e-23
1.6326190310e+1    9.5530976e-23
1.6339795470e+1    9.5161570e-23
1.6353400630e+1    1.0620875e-22
1.6367005790e+1    9.2023888e-23
1.6394216100e+1    9.6337757e-23
1.6407821260e+1    9.0163343e-23
1.6421426420e+1    9.2180535e-23
1.6435031580e+1    9.5513935e-23
1.6448636740e+1    9.5315851e-23
1.6462241900e+1    8.9739847e-23
1.6475847050e+1    8.7255752e-23
1.6489452210e+1    9.0060596e-23
1.6503057370e+1    9.5071321e-23
1.6516662530e+1    8.8602358e-23
1.6530267690e+1    9.1563696e-23
1.6543872850e+1    9.1453394e-23
1.6557478010e+1    8.8333014e-23
1.6571083160e+1    9.2190577e-23
1.6584688320e+1    9.2458935e-23
1.6598293480e+1    8.6888639e-23
1.6611898640e+1    9.0963070e-23
1.6625503800e+1    9.3728497e-23
1.6639108960e+1    9.4282023e-23
1.6652714120e+1    9.5308907e-23
1.6679924430e+1    8.7755950e-23
1.6693529590e+1    9.1767443e-23
1.6707134750e+1    9.0013288e-23
1.6720739910e+1    9.6919311e-23
1.6734345070e+1    9.5295628e-23
1.6747950230e+1    9.6389014e-23
1.6761555380e+1    1.0279830e-22
1.6775160540e+1    9.4804727e-23
1.6788765700e+1    9.0487769e-23
1.6802370860e+1    8.8075453e-23
1.6815976020e+1    9.1783842e-23
1.6829581180e+1    9.0954864e-23
1.6843186340e+1    9.6767278e-23
1.6856791500e+1    1.0202445e-22
1.6870396650e+1    9.3080895e-23
1.6884001810e+1    8.9349173e-23
1.6897606970e+1    9.1416143e-23
1.6911212130e+1    1.0451216e-22
1.6924817290e+1    8.1638231e-23
1.6938422450e+1    8.1315130e-23
1.6952027610e+1    8.1877737e-23
1.6965632760e+1    8.1388603e-23
1.6979237920e+1    8.0448664e-23
1.6992843080e+1    7.5409236e-23
1.7006448240e+1    7.9624735e-23
1.7020053400e+1    8.3504621e-23
1.7033658560e+1    8.8868000e-23
1.7047263720e+1    8.8397031e-23
1.7060868870e+1    8.6891574e-23
1.7074474030e+1    8.5982510e-23
1.7088079190e+1    8.2249023e-23
1.7101684350e+1    8.2736942e-23
1.7115289510e+1    8.3215408e-23
1.7128894670e+1    7.9573294e-23
1.7142499830e+1    7.8820290e-23
1.7156104980e+1    7.7639429e-23
1.7169710140e+1    8.3373068e-23
1.7183315300e+1    7.8146411e-23
1.7196920460e+1    7.6920472e-23
1.7210525620e+1    7.3811948e-23
1.7224130780e+1    7.3866989e-23
1.7237735940e+1    7.0690888e-23
1.7251341090e+1    7.2055697e-23
1.7264946250e+1    7.0898745e-23
1.7278551410e+1    6.9614628e-23
1.7292156570e+1    7.2369744e-23
1.7305761730e+1    7.3033704e-23
1.7319366890e+1    7.6823642e-23
1.7332972050e+1    7.4084470e-23
1.7346577200e+1    7.5342108e-23
1.7360182360e+1    7.1190150e-23
1.7373787520e+1    6.8990945e-23
1.7387392680e+1    7.2199202e-23
1.7400997840e+1    6.7801414e-23
1.7414603000e+1    6.8821660e-23
1.7428208160e+1    6.7901704e-23
1.7441813310e+1    7.2185711e-23
1.7455418470e+1    7.3250423e-23
1.7469023630e+1    6.9054192e-23
1.7482628790e+1    7.1911355e-23
1.7496233950e+1    6.5850395e-23
1.7509839110e+1    6.8851791e-23
1.7523444270e+1    7.0289906e-23
1.7537049420e+1    6.3477085e-23
1.7550654580e+1    6.3597716e-23
1.7564259740e+1    6.0951444e-23
1.7577864900e+1    6.7145641e-23
1.7591470060e+1    6.3355831e-23
1.7605075220e+1    6.0404678e-23
1.7618680380e+1    6.5985935e-23
1.7632285530e+1    6.8208281e-23
1.7645890690e+1    6.7301747e-23
1.7659495850e+1    7.4760785e-23
1.7673101010e+1    6.7155328e-23
1.7686706170e+1    6.7606457e-23
1.7700311330e+1    6.9627939e-23
1.7713916490e+1    6.7383165e-23
1.7727521640e+1    6.5691337e-23
1.7741126800e+1    6.2700243e-23
1.7754731960e+1    7.0121838e-23
1.7768337120e+1    6.7907389e-23
1.7781942280e+1    6.9274832e-23
1.7795547440e+1    6.6357993e-23
1.7809152600e+1    6.6770762e-23
1.7822757760e+1    6.4402236e-23
1.7836362910e+1    6.2529855e-23
1.7849968070e+1    6.7000572e-23
1.7863573230e+1    6.3794677e-23
1.7877178390e+1    6.5374244e-23
1.7890783550e+1    6.4627259e-23
1.7904388710e+1    6.5962166e-23
1.7917993870e+1    6.3866968e-23
1.7931599020e+1    6.6228225e-23
1.7945204180e+1    6.4728860e-23
1.7958809340e+1    6.7045599e-23
1.7972414500e+1    6.6547548e-23
1.7986019660e+1    6.6254998e-23
1.7999624820e+1    6.6422581e-23
1.8013229980e+1    6.3110531e-23
1.8026835130e+1    7.0228370e-23
1.8040440290e+1    6.9210161e-23
1.8054045450e+1    6.6450525e-23
1.8067650610e+1    6.7437837e-23
1.8081255770e+1    6.8839324e-23
1.8094860930e+1    6.5500905e-23
1.8108466090e+1    6.6158269e-23
1.8122071240e+1    6.7697151e-23
1.8135676400e+1    6.3955181e-23
1.8149281560e+1    6.2732721e-23
1.8162886720e+1    6.5667029e-23
1.8176491880e+1    6.4872056e-23
1.8190097040e+1    6.7145228e-23
1.8203702200e+1    6.5352624e-23
1.8217307350e+1    6.5630859e-23
1.8230912510e+1    6.4899495e-23
1.8244517670e+1    6.5839829e-23
1.8258122830e+1    6.5054255e-23
1.8271727990e+1    6.4042041e-23
1.8285333150e+1    6.5668321e-23
1.8298938310e+1    6.4186275e-23
1.8312543460e+1    6.6281685e-23
1.8326148620e+1    6.3275684e-23
1.8339753780e+1    6.1993808e-23
1.8353358940e+1    6.2707193e-23
1.8366964100e+1    5.9780607e-23
1.8380569260e+1    6.1766034e-23
1.8394174420e+1    5.8745799e-23
1.8407779570e+1    5.7810562e-23
1.8421384730e+1    5.8026237e-23
1.8434989890e+1    5.8184607e-23
1.8448595050e+1    5.8384333e-23
1.8462200210e+1    5.7498250e-23
1.8475805370e+1    5.8857986e-23
1.8489410530e+1    6.1862200e-23
1.8503015680e+1    6.0453798e-23
1.8516620840e+1    5.6910726e-23
1.8530226000e+1    5.8407960e-23
1.8543831160e+1    6.1552616e-23
1.8557436320e+1    5.8170876e-23
1.8571041480e+1    5.6470338e-23
1.8584646640e+1    5.7858836e-23
1.8598251790e+1    5.6924684e-23
1.8611856950e+1    5.5936554e-23
1.8625462110e+1    5.4939649e-23
1.8639067270e+1    5.4559909e-23
1.8652672430e+1    5.6216246e-23
1.8666277590e+1    5.6175193e-23
1.8679882750e+1    5.7355665e-23
1.8693487900e+1    5.3751048e-23
1.8707093060e+1    7.9988849e-21
1.8720698220e+1    5.2288523e-23
1.8734303380e+1    5.2079005e-23
1.8747908540e+1    5.4117339e-23
1.8761513700e+1    5.4948244e-23
1.8775118860e+1    5.2163781e-23
1.8788724020e+1    5.2332657e-23
1.8802329170e+1    5.0364380e-23
1.8815934330e+1    5.0810110e-23
1.8829539490e+1    5.0139522e-23
1.8843144650e+1    4.8981467e-23
1.8856749810e+1    4.7101632e-23
1.8870354970e+1    4.6699750e-23
1.8883960130e+1    4.7961368e-23
1.8897565280e+1    4.8125161e-23
1.8911170440e+1    4.4825457e-23
1.8924775600e+1    4.3607312e-23
1.8938380760e+1    4.5325337e-23
1.8951985920e+1    4.6636487e-23
1.8965591080e+1    4.3799765e-23
1.8979196240e+1    4.6349652e-23
1.8992801390e+1    4.5275415e-23
1.9006406550e+1    4.7431423e-23
1.9020011710e+1    4.9197916e-23
1.9033616870e+1    4.5382855e-23
1.9047222030e+1    4.7245323e-23
1.9060827190e+1    4.4707246e-23
1.9074432350e+1    4.5193276e-23
1.9088037500e+1    4.4623040e-23
1.9101642660e+1    4.5991757e-23
1.9115247820e+1    4.5653058e-23
1.9128852980e+1    4.6459385e-23
1.9142458140e+1    4.6100117e-23
1.9156063300e+1    4.6277849e-23
1.9169668460e+1    4.5626416e-23
1.9183273610e+1    4.4858924e-23
1.9196878770e+1    4.5654118e-23
1.9210483930e+1    4.4936620e-23
1.9224089090e+1    4.5442521e-23
1.9237694250e+1    4.6051757e-23
1.9251299410e+1    4.7467849e-23
1.9264904570e+1    4.8877672e-23
1.9278509720e+1    4.6975801e-23
1.9292114880e+1    4.8606086e-23
1.9305720040e+1    4.8441644e-23
1.9319325200e+1    4.7816070e-23
1.9332930360e+1    4.8865738e-23
1.9346535520e+1    4.8442282e-23
1.9360140680e+1    4.7430142e-23
1.9373745830e+1    4.8196574e-23
1.9387350990e+1    4.6157732e-23
1.9400956150e+1    4.7664626e-23
1.9414561310e+1    4.0674176e-22
1.9428166470e+1    4.5809785e-23
1.9441771630e+1    4.8463859e-23
1.9455376790e+1    4.6257804e-23
1.9468981940e+1    4.6289269e-23
1.9482587100e+1    4.9351033e-23
1.9496192260e+1    4.4442931e-23
1.9509797420e+1    4.5030688e-23
1.9523402580e+1    1.1196546e-22
1.9537007740e+1    4.7609071e-23
1.9550612900e+1    4.5426910e-23
1.9564218050e+1    4.6678894e-23
1.9577823210e+1    4.7917501e-23
1.9591428370e+1    4.5794516e-23
1.9999583130e+1    2.1970875e-21
2.4999478910e+1    2.2645381e-23
2.9999374690e+1    1.6999480e-23
3.4999270480e+1    1.3643832e-23
3.9999166260e+1    1.0184171e-23
4.4999062040e+1    7.8348675e-24
4.9998957820e+1    6.0599277e-24
5.4998853610e+1    4.6650797e-24
5.9998749390e+1    3.5865861e-24
6.4998645170e+1    2.8106523e-24
6.9998540950e+1    2.2122144e-24
7.4998436740e+1    1.7577365e-24
7.9998332520e+1    1.4060944e-24
8.4998228300e+1    1.1363796e-24
8.9998124080e+1    9.2690121e-25
9.4998019870e+1    7.6207585e-25
9.9997915650e+1    6.3180840e-25
1.0499781143e+2    5.2759878e-25
1.0999770721e+2    4.4471190e-25
1.1499760300e+2    3.7672956e-25
1.1999749878e+2    3.2213290e-25
1.2499739456e+2    2.7614062e-25
1.2999729034e+2    2.3862251e-25
1.3499718613e+2    2.0733675e-25
-----------------------------

