EXCITATION
N(2p2_3P_3p_4So) -> N(2p2_3P_3d_2Pe)
 1.296300e+1
SPECIES: e / N(2p2_3P_3p_4So)
PROCESS: E + N(2p2_3P_3p_4So) -> E + N(2p2_3P_3d_2Pe), Excitation
PARAM.:  E = 12.963 eV
UPDATED: 2019-01-30 20:10:47
COLUMNS: Energy (eV) | Cross section (m2)
-----------------------------
1.2963012520e+1    0.0000000e+7
1.2965716140e+1    3.9917710e-21
1.2979321300e+1    2.5245537e-20
1.2992926460e+1    1.9198395e-20
1.3006531610e+1    1.6418950e-20
1.3020136770e+1    1.1861793e-20
1.3033741930e+1    1.2760215e-20
1.3047347090e+1    1.1650273e-20
1.3060952250e+1    1.4049167e-20
1.3074557410e+1    1.6119519e-20
1.3088162570e+1    1.6017988e-20
1.3101767720e+1    1.5561156e-20
1.3115372880e+1    1.6856480e-20
1.3128978040e+1    1.6641924e-20
1.3142583200e+1    1.7265602e-20
1.3156188360e+1    1.8779389e-20
1.3169793520e+1    1.8789260e-20
1.3183398680e+1    1.9004570e-20
1.3197003830e+1    1.7664561e-20
1.3210608990e+1    1.7967245e-20
1.3224214150e+1    1.7586069e-20
1.3237819310e+1    1.8076575e-20
1.3251424470e+1    1.8889880e-20
1.3265029630e+1    1.9812005e-20
1.3278634790e+1    1.9676802e-20
1.3305845100e+1    2.0138244e-20
1.3319450260e+1    1.9711430e-20
1.3333055420e+1    2.0505970e-20
1.3346660580e+1    1.9934519e-20
1.3360265740e+1    2.0000245e-20
1.3373870900e+1    2.0514294e-20
1.3387476050e+1    2.0844782e-20
1.3401081210e+1    2.0350631e-20
1.3414686370e+1    2.1418489e-20
1.3428291530e+1    2.1290305e-20
1.3441896690e+1    2.0322098e-20
1.3455501850e+1    2.1112202e-20
1.3469107010e+1    2.2191323e-20
1.3482712160e+1    2.2952975e-20
1.3496317320e+1    2.3166784e-20
1.3509922480e+1    2.4234003e-20
1.3523527640e+1    2.4673599e-20
1.3537132800e+1    2.4636051e-20
1.3550737960e+1    2.6311329e-20
1.3564343120e+1    2.6744602e-20
1.3577948270e+1    2.7464801e-20
1.3591553430e+1    2.6252840e-20
1.3605158590e+1    2.5536253e-20
1.3618763750e+1    2.3761733e-20
1.3632368910e+1    2.3409824e-20
1.3645974070e+1    2.5016593e-20
1.3659579230e+1    2.3689218e-20
1.3673184380e+1    2.7071332e-20
1.3700394700e+1    2.3289819e-20
1.3713999860e+1    2.5842917e-20
1.3754815340e+1    2.1011569e-20
1.3768420490e+1    2.0342943e-20
1.3782025650e+1    2.0194599e-20
1.3795630810e+1    1.9525543e-20
1.3809235970e+1    1.8852607e-20
1.3822841130e+1    1.8869475e-20
1.3836446290e+1    1.9483761e-20
1.3850051450e+1    1.9318516e-20
1.3863656600e+1    1.7467458e-20
1.3877261760e+1    1.6155014e-20
1.3890866920e+1    1.6198925e-20
1.3904472080e+1    1.6456149e-20
1.3918077240e+1    1.4141284e-20
1.3931682400e+1    1.6897159e-20
1.3945287560e+1    1.7352964e-20
1.3958892720e+1    1.7904371e-20
1.3972497870e+1    1.8213175e-20
1.3986103030e+1    1.6374649e-20
1.3999708190e+1    1.5157411e-20
1.4013313350e+1    1.5382416e-20
1.4026918510e+1    1.4810931e-20
1.4040523670e+1    1.6400408e-20
1.4054128830e+1    1.7566203e-20
1.4067733980e+1    1.7445276e-20
1.4081339140e+1    1.7514664e-20
1.4094944300e+1    1.7284171e-20
1.4108549460e+1    1.7010614e-20
1.4122154620e+1    1.5803293e-20
1.4135759780e+1    1.6699515e-20
1.4149364940e+1    1.6586501e-20
1.4162970090e+1    1.6003492e-20
1.4176575250e+1    1.5586490e-20
1.4190180410e+1    1.5390868e-20
1.4203785570e+1    1.5393451e-20
1.4217390730e+1    1.5650446e-20
1.4230995890e+1    1.5426880e-20
1.4244601050e+1    1.4828067e-20
1.4258206200e+1    1.4085577e-20
1.4271811360e+1    1.4298577e-20
1.4285416520e+1    1.4024303e-20
1.4299021680e+1    1.4420252e-20
1.4312626840e+1    1.5256465e-20
1.4326232000e+1    1.5355833e-20
1.4339837160e+1    1.5579569e-20
1.4353442310e+1    1.5722051e-20
1.4367047470e+1    1.6320589e-20
1.4380652630e+1    1.5353126e-20
1.4394257790e+1    1.5964157e-20
1.4407862950e+1    1.5219024e-20
1.4421468110e+1    1.4743847e-20
1.4435073270e+1    1.4524687e-20
1.4448678420e+1    1.4286192e-20
1.4462283580e+1    1.4547310e-20
1.4475888740e+1    1.3839663e-20
1.4489493900e+1    1.3725134e-20
1.4503099060e+1    1.3715493e-20
1.4516704220e+1    1.3491744e-20
1.4530309380e+1    1.3222433e-20
1.4543914530e+1    1.3666830e-20
1.4557519690e+1    1.3350640e-20
1.4571124850e+1    1.3063456e-20
1.4584730010e+1    1.2222073e-20
1.4598335170e+1    1.2085941e-20
1.4611940330e+1    1.2049284e-20
1.4625545490e+1    1.1822051e-20
1.4639150640e+1    1.2061461e-20
1.4652755800e+1    1.1972924e-20
1.4666360960e+1    1.2506899e-20
1.4679966120e+1    1.2784691e-20
1.4693571280e+1    1.2869379e-20
1.4707176440e+1    1.2377375e-20
1.4720781600e+1    1.2201172e-20
1.4734386750e+1    1.2176132e-20
1.4747991910e+1    1.2067376e-20
1.4761597070e+1    1.2402697e-20
1.4775202230e+1    1.2081191e-20
1.4788807390e+1    1.2443567e-20
1.4802412550e+1    1.2281174e-20
1.4816017710e+1    1.1935059e-20
1.4829622860e+1    1.1405184e-20
1.4843228020e+1    1.1536961e-20
1.4856833180e+1    1.0948191e-20
1.4870438340e+1    1.1041820e-20
1.4884043500e+1    1.1273133e-20
1.4897648660e+1    1.1337158e-20
1.4911253820e+1    1.1121475e-20
1.4924858980e+1    1.0760359e-20
1.4938464130e+1    1.1081194e-20
1.4952069290e+1    1.1148987e-20
1.4965674450e+1    1.0934610e-20
1.4979279610e+1    1.0665128e-20
1.4992884770e+1    1.0734814e-20
1.5006489930e+1    1.0680023e-20
1.5020095090e+1    1.0492580e-20
1.5033700240e+1    1.0560469e-20
1.5047305400e+1    1.0356422e-20
1.5060910560e+1    1.0346682e-20
1.5074515720e+1    1.0235486e-20
1.5088120880e+1    1.0072418e-20
1.5101726040e+1    9.8204842e-21
1.5115331200e+1    9.5548548e-21
1.5128936350e+1    9.4063082e-21
1.5142541510e+1    9.3000126e-21
1.5156146670e+1    8.8721257e-21
1.5169751830e+1    8.9476774e-21
1.5183356990e+1    8.9471849e-21
1.5196962150e+1    8.8347360e-21
1.5210567310e+1    8.8500826e-21
1.5224172460e+1    8.5431981e-21
1.5237777620e+1    8.4067501e-21
1.5251382780e+1    8.3590099e-21
1.5264987940e+1    8.1864702e-21
1.5278593100e+1    8.3723091e-21
1.5292198260e+1    8.0937957e-21
1.5305803420e+1    8.1068877e-21
1.5319408570e+1    8.4507610e-21
1.5333013730e+1    8.4493113e-21
1.5346618890e+1    8.7575681e-21
1.5360224050e+1    8.6352566e-21
1.5373829210e+1    8.7275666e-21
1.5387434370e+1    8.7508793e-21
1.5401039530e+1    8.8457751e-21
1.5414644680e+1    8.6258136e-21
1.5428249840e+1    8.6528658e-21
1.5441855000e+1    8.3869925e-21
1.5455460160e+1    8.2058408e-21
1.5469065320e+1    8.1447856e-21
1.5482670480e+1    8.3333104e-21
1.5509880790e+1    7.8498791e-21
1.5523485950e+1    7.9934949e-21
1.5537091110e+1    7.8874470e-21
1.5550696270e+1    7.9058887e-21
1.5564301430e+1    7.7169862e-21
1.5577906590e+1    7.9123886e-21
1.5591511750e+1    7.8802803e-21
1.5605116900e+1    8.2027828e-21
1.5618722060e+1    8.0772318e-21
1.5632327220e+1    8.1496839e-21
1.5645932380e+1    8.2593482e-21
1.5659537540e+1    8.0453227e-21
1.5673142700e+1    8.0062785e-21
1.5686747860e+1    7.9584099e-21
1.5700353010e+1    7.9620058e-21
1.5713958170e+1    7.9892658e-21
1.5727563330e+1    8.0520171e-21
1.5741168490e+1    7.7766984e-21
1.5754773650e+1    7.9265721e-21
1.5768378810e+1    8.1795028e-21
1.5781983970e+1    7.9065987e-21
1.5795589120e+1    7.7446666e-21
1.5809194280e+1    7.4962569e-21
1.5822799440e+1    7.8721799e-21
1.5836404600e+1    7.4839406e-21
1.5850009760e+1    7.6896566e-21
1.5863614920e+1    7.3179011e-21
1.5877220080e+1    7.2610826e-21
1.5890825240e+1    7.4258192e-21
1.5904430390e+1    7.3853840e-21
1.5918035550e+1    7.2030444e-21
1.5931640710e+1    7.2451879e-21
1.5945245870e+1    7.1930353e-21
1.5958851030e+1    6.7484966e-21
1.5972456190e+1    6.7276360e-21
1.5986061350e+1    6.5877714e-21
1.5999666500e+1    6.5424067e-21
1.6013271660e+1    6.4733290e-21
1.6026876820e+1    6.4749969e-21
1.6040481980e+1    6.2779987e-21
1.6054087140e+1    6.6380862e-21
1.6067692300e+1    6.2749594e-21
1.6081297460e+1    6.3482859e-21
1.6094902610e+1    6.1738986e-21
1.6108507770e+1    5.9148127e-21
1.6122112930e+1    5.9479726e-21
1.6135718090e+1    5.8950668e-21
1.6149323250e+1    5.7015439e-21
1.6162928410e+1    5.7211104e-21
1.6176533570e+1    5.8645721e-21
1.6190138720e+1    5.7005636e-21
1.6203743880e+1    5.6141098e-21
1.6217349040e+1    5.5197018e-21
1.6230954200e+1    5.5433175e-21
1.6244559360e+1    5.6669341e-21
1.6258164520e+1    5.6981480e-21
1.6271769680e+1    5.3687274e-21
1.6285374830e+1    5.5842422e-21
1.6298979990e+1    5.5774806e-21
1.6312585150e+1    5.7444512e-21
1.6326190310e+1    5.6858453e-21
1.6339795470e+1    5.5636176e-21
1.6353400630e+1    5.5914170e-21
1.6367005790e+1    5.5183169e-21
1.6394216100e+1    5.3301297e-21
1.6407821260e+1    5.2685980e-21
1.6421426420e+1    5.3450206e-21
1.6435031580e+1    5.3909768e-21
1.6448636740e+1    5.3018071e-21
1.6462241900e+1    5.2014037e-21
1.6475847050e+1    4.9730637e-21
1.6489452210e+1    5.0504349e-21
1.6503057370e+1    5.0087208e-21
1.6516662530e+1    4.8615482e-21
1.6530267690e+1    4.8584530e-21
1.6543872850e+1    4.7908044e-21
1.6557478010e+1    4.9732948e-21
1.6571083160e+1    4.9423751e-21
1.6584688320e+1    5.0665623e-21
1.6598293480e+1    4.9048809e-21
1.6611898640e+1    4.8711674e-21
1.6625503800e+1    4.8418730e-21
1.6639108960e+1    4.8588411e-21
1.6652714120e+1    4.9801056e-21
1.6679924430e+1    5.0608573e-21
1.6693529590e+1    4.9374324e-21
1.6707134750e+1    5.0115484e-21
1.6720739910e+1    4.9861527e-21
1.6734345070e+1    4.9767351e-21
1.6747950230e+1    4.9353221e-21
1.6761555380e+1    5.0093027e-21
1.6775160540e+1    5.0166801e-21
1.6788765700e+1    5.1377745e-21
1.6802370860e+1    5.0765787e-21
1.6815976020e+1    5.0347700e-21
1.6829581180e+1    5.0195450e-21
1.6843186340e+1    4.9262994e-21
1.6856791500e+1    4.8775562e-21
1.6870396650e+1    4.7993332e-21
1.6884001810e+1    4.7669546e-21
1.6897606970e+1    4.8961827e-21
1.6911212130e+1    4.7307774e-21
1.6924817290e+1    4.7637566e-21
1.6938422450e+1    4.7524295e-21
1.6952027610e+1    4.6973609e-21
1.6965632760e+1    4.5826930e-21
1.6979237920e+1    4.5123775e-21
1.6992843080e+1    4.4415237e-21
1.7006448240e+1    4.7302920e-21
1.7020053400e+1    4.5938220e-21
1.7033658560e+1    4.4249466e-21
1.7047263720e+1    4.4247059e-21
1.7060868870e+1    4.3885543e-21
1.7074474030e+1    4.3732124e-21
1.7088079190e+1    4.2739018e-21
1.7101684350e+1    4.4451196e-21
1.7115289510e+1    4.4103412e-21
1.7128894670e+1    4.1488410e-21
1.7142499830e+1    4.1955573e-21
1.7156104980e+1    4.2521761e-21
1.7169710140e+1    4.1504910e-21
1.7183315300e+1    4.2033356e-21
1.7196920460e+1    4.1657140e-21
1.7210525620e+1    4.0787013e-21
1.7224130780e+1    4.0861745e-21
1.7237735940e+1    4.0033122e-21
1.7251341090e+1    4.0618657e-21
1.7264946250e+1    3.9883041e-21
1.7278551410e+1    3.9722598e-21
1.7292156570e+1    3.8879625e-21
1.7305761730e+1    3.8611868e-21
1.7319366890e+1    3.8419509e-21
1.7332972050e+1    3.8228282e-21
1.7346577200e+1    3.7889298e-21
1.7360182360e+1    3.7629190e-21
1.7373787520e+1    3.7488308e-21
1.7387392680e+1    3.5787958e-21
1.7400997840e+1    3.5981150e-21
1.7414603000e+1    3.6535894e-21
1.7428208160e+1    3.6705705e-21
1.7441813310e+1    3.6658399e-21
1.7455418470e+1    3.4518983e-21
1.7469023630e+1    3.3806022e-21
1.7482628790e+1    3.4345813e-21
1.7496233950e+1    3.4329084e-21
1.7509839110e+1    3.3984183e-21
1.7523444270e+1    3.4055849e-21
1.7537049420e+1    3.3668311e-21
1.7550654580e+1    3.3102368e-21
1.7564259740e+1    3.2488401e-21
1.7577864900e+1    3.3045005e-21
1.7591470060e+1    3.3016214e-21
1.7605075220e+1    3.3671569e-21
1.7618680380e+1    3.2487562e-21
1.7632285530e+1    3.3009736e-21
1.7645890690e+1    3.1907102e-21
1.7659495850e+1    3.1398629e-21
1.7673101010e+1    3.1841998e-21
1.7686706170e+1    3.0851595e-21
1.7700311330e+1    3.0281287e-21
1.7713916490e+1    3.0615718e-21
1.7727521640e+1    2.9736876e-21
1.7741126800e+1    2.9736000e-21
1.7754731960e+1    2.8470401e-21
1.7768337120e+1    2.8668054e-21
1.7781942280e+1    2.9093432e-21
1.7795547440e+1    2.9035964e-21
1.7809152600e+1    2.9183728e-21
1.7822757760e+1    2.8804605e-21
1.7836362910e+1    2.8780295e-21
1.7849968070e+1    2.8704493e-21
1.7863573230e+1    2.9163936e-21
1.7877178390e+1    2.9394271e-21
1.7890783550e+1    2.8938887e-21
1.7904388710e+1    2.9020253e-21
1.7917993870e+1    2.8615487e-21
1.7931599020e+1    2.8389946e-21
1.7945204180e+1    2.7508042e-21
1.7958809340e+1    2.8020522e-21
1.7972414500e+1    2.7769839e-21
1.7986019660e+1    2.8622000e-21
1.7999624820e+1    2.8025568e-21
1.8013229980e+1    2.8499006e-21
1.8026835130e+1    2.8017022e-21
1.8040440290e+1    2.7915947e-21
1.8054045450e+1    2.7698829e-21
1.8067650610e+1    2.7785802e-21
1.8081255770e+1    2.7854695e-21
1.8094860930e+1    2.7880456e-21
1.8108466090e+1    2.8379492e-21
1.8122071240e+1    2.7419899e-21
1.8135676400e+1    2.7555758e-21
1.8149281560e+1    2.7450979e-21
1.8162886720e+1    2.7503576e-21
1.8176491880e+1    2.7504673e-21
1.8190097040e+1    2.7513139e-21
1.8203702200e+1    2.7400542e-21
1.8217307350e+1    2.7358293e-21
1.8230912510e+1    2.6494334e-21
1.8244517670e+1    2.7456755e-21
1.8258122830e+1    2.7601892e-21
1.8271727990e+1    2.7026514e-21
1.8285333150e+1    2.6649096e-21
1.8298938310e+1    2.6968738e-21
1.8312543460e+1    2.6752647e-21
1.8326148620e+1    2.7166168e-21
1.8339753780e+1    2.7491850e-21
1.8353358940e+1    2.7614682e-21
1.8366964100e+1    2.7030440e-21
1.8380569260e+1    2.6645568e-21
1.8394174420e+1    2.7044956e-21
1.8407779570e+1    2.7757142e-21
1.8421384730e+1    2.6684692e-21
1.8434989890e+1    2.6628805e-21
1.8448595050e+1    2.6633060e-21
1.8462200210e+1    2.5985416e-21
1.8475805370e+1    2.5737126e-21
1.8489410530e+1    2.5609176e-21
1.8503015680e+1    2.5225831e-21
1.8516620840e+1    2.4766949e-21
1.8530226000e+1    2.4405975e-21
1.8543831160e+1    2.3862861e-21
1.8557436320e+1    2.4467860e-21
1.8571041480e+1    2.4081495e-21
1.8584646640e+1    2.4609258e-21
1.8598251790e+1    2.4292237e-21
1.8611856950e+1    2.4352050e-21
1.8625462110e+1    2.4450775e-21
1.8639067270e+1    2.4625750e-21
1.8652672430e+1    2.4489011e-21
1.8666277590e+1    2.3500847e-21
1.8679882750e+1    2.3598224e-21
1.8693487900e+1    2.3411810e-21
1.8707093060e+1    2.2983086e-21
1.8720698220e+1    2.2961176e-21
1.8734303380e+1    2.2836171e-21
1.8747908540e+1    2.2123662e-21
1.8761513700e+1    2.2323422e-21
1.8775118860e+1    2.1747233e-21
1.8788724020e+1    2.1862553e-21
1.8802329170e+1    2.1370406e-21
1.8815934330e+1    2.1294824e-21
1.8829539490e+1    2.1176092e-21
1.8843144650e+1    2.1394102e-21
1.8856749810e+1    2.1228419e-21
1.8870354970e+1    2.1090319e-21
1.8883960130e+1    2.1301550e-21
1.8897565280e+1    2.0849557e-21
1.8911170440e+1    2.1026372e-21
1.8924775600e+1    2.0983479e-21
1.8938380760e+1    2.1153575e-21
1.8951985920e+1    2.0440133e-21
1.8965591080e+1    2.0114915e-21
1.8979196240e+1    2.0166902e-21
1.8992801390e+1    2.0816717e-21
1.9006406550e+1    2.0063399e-21
1.9020011710e+1    2.0033959e-21
1.9033616870e+1    1.9562432e-21
1.9047222030e+1    1.9823247e-21
1.9060827190e+1    1.9429962e-21
1.9074432350e+1    1.9400346e-21
1.9088037500e+1    1.9122308e-21
1.9101642660e+1    1.9151872e-21
1.9115247820e+1    1.8912328e-21
1.9128852980e+1    1.8770349e-21
1.9142458140e+1    1.8722532e-21
1.9156063300e+1    1.8898116e-21
1.9169668460e+1    1.8951198e-21
1.9183273610e+1    1.8913893e-21
1.9196878770e+1    1.8769328e-21
1.9210483930e+1    1.8445927e-21
1.9224089090e+1    1.8315228e-21
1.9237694250e+1    1.8246133e-21
1.9251299410e+1    1.8291610e-21
1.9264904570e+1    1.8143452e-21
1.9278509720e+1    1.8115553e-21
1.9292114880e+1    1.8540828e-21
1.9305720040e+1    1.8012005e-21
1.9319325200e+1    1.8092194e-21
1.9332930360e+1    1.7838304e-21
1.9346535520e+1    1.7644302e-21
1.9360140680e+1    1.7013278e-21
1.9373745830e+1    1.7034392e-21
1.9387350990e+1    1.6922744e-21
1.9400956150e+1    1.7431939e-21
1.9414561310e+1    3.4407328e-21
1.9428166470e+1    1.6904019e-21
1.9441771630e+1    1.7156299e-21
1.9455376790e+1    1.7051094e-21
1.9468981940e+1    1.6626641e-21
1.9482587100e+1    1.7049335e-21
1.9496192260e+1    1.6810467e-21
1.9509797420e+1    1.6706999e-21
1.9523402580e+1    1.6690122e-21
1.9537007740e+1    1.6553921e-21
1.9550612900e+1    1.6529379e-21
1.9564218050e+1    1.6399540e-21
1.9577823210e+1    1.6495181e-21
1.9591428370e+1    1.6218515e-21
1.9999583130e+1    2.5617601e-21
2.4999478910e+1    4.9615728e-22
2.9999374690e+1    2.0673904e-22
3.4999270480e+1    1.0993190e-22
3.9999166260e+1    6.2279972e-23
4.4999062040e+1    3.6342788e-23
4.9998957820e+1    2.3375731e-23
5.4998853610e+1    1.6302889e-23
5.9998749390e+1    1.1971245e-23
6.4998645170e+1    9.0992544e-24
6.9998540950e+1    7.1618471e-24
7.4998436740e+1    5.7252314e-24
7.9998332520e+1    4.6603181e-24
8.4998228300e+1    3.8723502e-24
8.9998124080e+1    3.1423327e-24
9.4998019870e+1    2.6130770e-24
9.9997915650e+1    2.1823114e-24
1.0499781143e+2    1.8276044e-24
1.0999770721e+2    1.5408501e-24
1.1499760300e+2    1.3033295e-24
1.1999749878e+2    1.1073805e-24
1.2499739456e+2    9.4561617e-25
1.2999729034e+2    8.1037012e-25
1.3499718613e+2    6.9634736e-25
-----------------------------

