EXCITATION
N(2p2_3P_3d_2Fe) -> N(2p2_3P_4p_2Do)
 1.329200e+1
SPECIES: e / N(2p2_3P_3d_2Fe)
PROCESS: E + N(2p2_3P_3d_2Fe) -> E + N(2p2_3P_4p_2Do), Excitation
PARAM.:  E = 13.292 eV
UPDATED: 2019-01-30 20:10:48
COLUMNS: Energy (eV) | Cross section (m2)
-----------------------------
1.3292105800e+1    0.0000000e+7
1.3305845100e+1    4.0619929e-20
1.3319450260e+1    8.9838996e-20
1.3333055420e+1    1.3418723e-19
1.3346660580e+1    1.8381465e-19
1.3360265740e+1    2.3914989e-19
1.3373870900e+1    3.0085712e-19
1.3387476050e+1    3.2252179e-19
1.3401081210e+1    3.7754711e-19
1.3414686370e+1    4.4283367e-19
1.3428291530e+1    5.1087776e-19
1.3441896690e+1    5.7488617e-19
1.3455501850e+1    6.1317833e-19
1.3469107010e+1    6.6088992e-19
1.3482712160e+1    6.7653765e-19
1.3496317320e+1    6.7655312e-19
1.3509922480e+1    6.7517741e-19
1.3523527640e+1    6.7351193e-19
1.3537132800e+1    6.6214007e-19
1.3550737960e+1    6.7284512e-19
1.3564343120e+1    6.8330321e-19
1.3577948270e+1    6.9352171e-19
1.3591553430e+1    7.0675869e-19
1.3605158590e+1    9.2418876e-19
1.3618763750e+1    9.5626037e-19
1.3632368910e+1    9.7344187e-19
1.3645974070e+1    9.9093057e-19
1.3659579230e+1    9.8597424e-19
1.3673184380e+1    9.7110974e-19
1.3700394700e+1    1.0602089e-18
1.3713999860e+1    1.0597591e-18
1.3754815340e+1    1.1869749e-18
1.3768420490e+1    1.1602393e-18
1.3782025650e+1    1.1610376e-18
1.3795630810e+1    1.1801123e-18
1.3809235970e+1    1.1880668e-18
1.3822841130e+1    1.2006506e-18
1.3836446290e+1    1.2158149e-18
1.3850051450e+1    1.2379485e-18
1.3863656600e+1    1.2734859e-18
1.3877261760e+1    1.2891549e-18
1.3890866920e+1    1.2993689e-18
1.3904472080e+1    1.3094797e-18
1.3918077240e+1    1.3267583e-18
1.3931682400e+1    1.4643234e-18
1.3945287560e+1    1.4763822e-18
1.3958892720e+1    1.4921887e-18
1.3972497870e+1    1.5069098e-18
1.3986103030e+1    1.5168232e-18
1.3999708190e+1    1.5314984e-18
1.4013313350e+1    1.5442928e-18
1.4026918510e+1    1.5487774e-18
1.4040523670e+1    1.5488539e-18
1.4054128830e+1    1.5372306e-18
1.4067733980e+1    1.5357800e-18
1.4081339140e+1    1.5469104e-18
1.4094944300e+1    1.5417126e-18
1.4108549460e+1    1.5491428e-18
1.4122154620e+1    1.5590953e-18
1.4135759780e+1    1.5728403e-18
1.4149364940e+1    1.6390878e-18
1.4162970090e+1    1.6481870e-18
1.4176575250e+1    1.6517399e-18
1.4190180410e+1    1.6514125e-18
1.4203785570e+1    1.6579673e-18
1.4217390730e+1    1.6581739e-18
1.4230995890e+1    1.6582420e-18
1.4244601050e+1    1.6580529e-18
1.4258206200e+1    1.6587250e-18
1.4271811360e+1    1.6605076e-18
1.4285416520e+1    1.6601061e-18
1.4299021680e+1    1.6620477e-18
1.4312626840e+1    1.6666326e-18
1.4326232000e+1    1.6743867e-18
1.4339837160e+1    1.6801906e-18
1.4353442310e+1    1.6598543e-18
1.4367047470e+1    1.6582781e-18
1.4380652630e+1    1.6690979e-18
1.4394257790e+1    1.6675439e-18
1.4407862950e+1    1.6761778e-18
1.4421468110e+1    1.6734234e-18
1.4435073270e+1    1.6666608e-18
1.4448678420e+1    1.6689550e-18
1.4462283580e+1    1.6789123e-18
1.4475888740e+1    1.6794558e-18
1.4489493900e+1    1.6776722e-18
1.4503099060e+1    1.6762724e-18
1.4516704220e+1    1.6735714e-18
1.4530309380e+1    1.6688941e-18
1.4543914530e+1    1.6653649e-18
1.4557519690e+1    1.6529484e-18
1.4571124850e+1    1.6514985e-18
1.4584730010e+1    1.6479073e-18
1.4598335170e+1    1.6488161e-18
1.4611940330e+1    1.6485481e-18
1.4625545490e+1    1.6479747e-18
1.4639150640e+1    1.6447180e-18
1.4652755800e+1    1.6425327e-18
1.4666360960e+1    1.6353660e-18
1.4679966120e+1    1.6378317e-18
1.4693571280e+1    1.6371234e-18
1.4707176440e+1    1.6367918e-18
1.4720781600e+1    1.6357565e-18
1.4734386750e+1    1.6308738e-18
1.4747991910e+1    1.6264291e-18
1.4761597070e+1    1.6250567e-18
1.4775202230e+1    1.6194228e-18
1.4788807390e+1    1.6175772e-18
1.4802412550e+1    1.6125793e-18
1.4816017710e+1    1.6114110e-18
1.4829622860e+1    1.6122170e-18
1.4843228020e+1    1.6106091e-18
1.4856833180e+1    1.6080723e-18
1.4870438340e+1    1.6070523e-18
1.4884043500e+1    1.6044675e-18
1.4897648660e+1    1.6034595e-18
1.4911253820e+1    1.6025970e-18
1.4924858980e+1    1.6014906e-18
1.4938464130e+1    1.6014626e-18
1.4952069290e+1    1.5984466e-18
1.4965674450e+1    1.5964417e-18
1.4979279610e+1    1.5934949e-18
1.4992884770e+1    1.5896509e-18
1.5006489930e+1    1.5861794e-18
1.5020095090e+1    1.5801018e-18
1.5033700240e+1    1.5797310e-18
1.5047305400e+1    1.5770695e-18
1.5060910560e+1    1.5747801e-18
1.5074515720e+1    1.5715756e-18
1.5088120880e+1    1.5675109e-18
1.5101726040e+1    1.5641972e-18
1.5115331200e+1    1.5606895e-18
1.5128936350e+1    1.5572475e-18
1.5142541510e+1    1.5546387e-18
1.5156146670e+1    1.5525588e-18
1.5169751830e+1    1.5497690e-18
1.5183356990e+1    1.5463324e-18
1.5196962150e+1    1.5423022e-18
1.5210567310e+1    1.5392248e-18
1.5224172460e+1    1.5362326e-18
1.5237777620e+1    1.5322113e-18
1.5251382780e+1    1.5286014e-18
1.5264987940e+1    1.5251476e-18
1.5278593100e+1    1.5213038e-18
1.5292198260e+1    1.5169183e-18
1.5305803420e+1    1.5126589e-18
1.5319408570e+1    1.5100950e-18
1.5333013730e+1    1.5071726e-18
1.5346618890e+1    1.5029643e-18
1.5360224050e+1    1.4995601e-18
1.5373829210e+1    1.4937314e-18
1.5387434370e+1    1.4900664e-18
1.5401039530e+1    1.4861251e-18
1.5414644680e+1    1.4815281e-18
1.5428249840e+1    1.4761162e-18
1.5441855000e+1    1.4711013e-18
1.5455460160e+1    1.4674837e-18
1.5469065320e+1    1.4631492e-18
1.5482670480e+1    1.4593821e-18
1.5509880790e+1    1.4502432e-18
1.5523485950e+1    1.4457308e-18
1.5537091110e+1    1.4416076e-18
1.5550696270e+1    1.4375417e-18
1.5564301430e+1    1.4328228e-18
1.5577906590e+1    1.4292562e-18
1.5591511750e+1    1.4240443e-18
1.5605116900e+1    1.4199104e-18
1.5618722060e+1    1.4159108e-18
1.5632327220e+1    1.4120009e-18
1.5645932380e+1    1.4088833e-18
1.5659537540e+1    1.4057473e-18
1.5673142700e+1    1.4024075e-18
1.5686747860e+1    1.3993969e-18
1.5700353010e+1    1.3962887e-18
1.5713958170e+1    1.3924405e-18
1.5727563330e+1    1.3886453e-18
1.5741168490e+1    1.3852211e-18
1.5754773650e+1    1.3833986e-18
1.5768378810e+1    1.3801872e-18
1.5781983970e+1    1.3763051e-18
1.5795589120e+1    1.3730473e-18
1.5809194280e+1    1.3687035e-18
1.5822799440e+1    1.3650734e-18
1.5836404600e+1    1.3630724e-18
1.5850009760e+1    1.3593336e-18
1.5863614920e+1    1.3549888e-18
1.5877220080e+1    1.3513263e-18
1.5890825240e+1    1.3478069e-18
1.5904430390e+1    1.3441573e-18
1.5918035550e+1    1.3400587e-18
1.5931640710e+1    1.3360019e-18
1.5945245870e+1    1.3330288e-18
1.5958851030e+1    1.3294900e-18
1.5972456190e+1    1.3251473e-18
1.5986061350e+1    1.3211850e-18
1.5999666500e+1    1.3174823e-18
1.6013271660e+1    1.3130116e-18
1.6026876820e+1    1.3092197e-18
1.6040481980e+1    1.3054164e-18
1.6054087140e+1    1.3015673e-18
1.6067692300e+1    1.2971003e-18
1.6081297460e+1    1.2932845e-18
1.6094902610e+1    1.2893885e-18
1.6108507770e+1    1.2853694e-18
1.6122112930e+1    1.2810644e-18
1.6135718090e+1    1.2779961e-18
1.6149323250e+1    1.2741586e-18
1.6162928410e+1    1.2705532e-18
1.6176533570e+1    1.2666755e-18
1.6190138720e+1    1.2636431e-18
1.6203743880e+1    1.2599389e-18
1.6217349040e+1    1.2573963e-18
1.6230954200e+1    1.2550889e-18
1.6244559360e+1    1.2520118e-18
1.6258164520e+1    1.2486260e-18
1.6271769680e+1    1.2454618e-18
1.6285374830e+1    1.2424240e-18
1.6298979990e+1    1.2385937e-18
1.6312585150e+1    1.2350033e-18
1.6326190310e+1    1.2318704e-18
1.6339795470e+1    1.2285457e-18
1.6353400630e+1    1.2249297e-18
1.6367005790e+1    1.2211665e-18
1.6394216100e+1    1.2141581e-18
1.6407821260e+1    1.2105102e-18
1.6421426420e+1    1.2065332e-18
1.6435031580e+1    1.2029014e-18
1.6448636740e+1    1.1992142e-18
1.6462241900e+1    1.1956191e-18
1.6475847050e+1    1.1921927e-18
1.6489452210e+1    1.1885844e-18
1.6503057370e+1    1.1851755e-18
1.6516662530e+1    1.1817669e-18
1.6530267690e+1    1.1785747e-18
1.6543872850e+1    1.1752454e-18
1.6557478010e+1    1.1707029e-18
1.6571083160e+1    1.1670728e-18
1.6584688320e+1    1.1632570e-18
1.6598293480e+1    1.1596853e-18
1.6611898640e+1    1.1564212e-18
1.6625503800e+1    1.1530749e-18
1.6639108960e+1    1.1498343e-18
1.6652714120e+1    1.1461475e-18
1.6679924430e+1    1.1401561e-18
1.6693529590e+1    1.1366353e-18
1.6707134750e+1    1.1322663e-18
1.6720739910e+1    1.1281204e-18
1.6734345070e+1    1.1243442e-18
1.6747950230e+1    1.1199337e-18
1.6761555380e+1    1.1163917e-18
1.6775160540e+1    1.1129213e-18
1.6788765700e+1    1.1096304e-18
1.6802370860e+1    1.1059973e-18
1.6815976020e+1    1.1027986e-18
1.6829581180e+1    1.0994024e-18
1.6843186340e+1    1.0967307e-18
1.6856791500e+1    1.0932489e-18
1.6870396650e+1    1.0898808e-18
1.6884001810e+1    1.0875244e-18
1.6897606970e+1    1.0844205e-18
1.6911212130e+1    1.0809738e-18
1.6924817290e+1    1.0777515e-18
1.6938422450e+1    1.0751610e-18
1.6952027610e+1    1.0723123e-18
1.6965632760e+1    1.0695362e-18
1.6979237920e+1    1.0664635e-18
1.6992843080e+1    1.0631427e-18
1.7006448240e+1    1.0602901e-18
1.7020053400e+1    1.0572490e-18
1.7033658560e+1    1.0540314e-18
1.7047263720e+1    1.0513386e-18
1.7060868870e+1    1.0488012e-18
1.7074474030e+1    1.0461265e-18
1.7088079190e+1    1.0434311e-18
1.7101684350e+1    1.0408680e-18
1.7115289510e+1    1.0383730e-18
1.7128894670e+1    1.0353236e-18
1.7142499830e+1    1.0326643e-18
1.7156104980e+1    1.0298824e-18
1.7169710140e+1    1.0271535e-18
1.7183315300e+1    1.0245663e-18
1.7196920460e+1    1.0212205e-18
1.7210525620e+1    1.0184823e-18
1.7224130780e+1    1.0157422e-18
1.7237735940e+1    1.0130526e-18
1.7251341090e+1    1.0098302e-18
1.7264946250e+1    1.0068768e-18
1.7278551410e+1    1.0040836e-18
1.7292156570e+1    1.0012634e-18
1.7305761730e+1    9.9844631e-19
1.7319366890e+1    9.9568450e-19
1.7332972050e+1    9.9287289e-19
1.7346577200e+1    9.9015666e-19
1.7360182360e+1    9.8746618e-19
1.7373787520e+1    9.8432533e-19
1.7387392680e+1    9.8169129e-19
1.7400997840e+1    9.7896720e-19
1.7414603000e+1    9.7644174e-19
1.7428208160e+1    9.7406922e-19
1.7441813310e+1    9.7155378e-19
1.7455418470e+1    9.6932453e-19
1.7469023630e+1    9.6636174e-19
1.7482628790e+1    9.6367158e-19
1.7496233950e+1    9.6073507e-19
1.7509839110e+1    9.5825005e-19
1.7523444270e+1    9.5543430e-19
1.7537049420e+1    9.5274812e-19
1.7550654580e+1    9.4984885e-19
1.7564259740e+1    9.4673435e-19
1.7577864900e+1    9.4406358e-19
1.7591470060e+1    9.4144923e-19
1.7605075220e+1    9.3864570e-19
1.7618680380e+1    9.3595460e-19
1.7632285530e+1    9.3332973e-19
1.7645890690e+1    9.3071516e-19
1.7659495850e+1    9.2829863e-19
1.7673101010e+1    9.2582830e-19
1.7686706170e+1    9.2336435e-19
1.7700311330e+1    9.2086559e-19
1.7713916490e+1    9.1804615e-19
1.7727521640e+1    9.1557529e-19
1.7741126800e+1    9.1279533e-19
1.7754731960e+1    9.1071225e-19
1.7768337120e+1    9.0803476e-19
1.7781942280e+1    9.0542919e-19
1.7795547440e+1    9.0307007e-19
1.7809152600e+1    9.0091158e-19
1.7822757760e+1    8.9845743e-19
1.7836362910e+1    8.9623714e-19
1.7849968070e+1    8.9361275e-19
1.7863573230e+1    8.9132806e-19
1.7877178390e+1    8.8913473e-19
1.7890783550e+1    8.8686778e-19
1.7904388710e+1    8.8454329e-19
1.7917993870e+1    8.8250980e-19
1.7931599020e+1    8.8044005e-19
1.7945204180e+1    8.7827655e-19
1.7958809340e+1    8.7597165e-19
1.7972414500e+1    8.7346747e-19
1.7986019660e+1    8.7107771e-19
1.7999624820e+1    8.6830860e-19
1.8013229980e+1    8.6589834e-19
1.8026835130e+1    8.6316641e-19
1.8040440290e+1    8.6058995e-19
1.8054045450e+1    8.5815638e-19
1.8067650610e+1    8.5573047e-19
1.8081255770e+1    8.5326165e-19
1.8094860930e+1    8.5074915e-19
1.8108466090e+1    8.4825475e-19
1.8122071240e+1    8.4598941e-19
1.8135676400e+1    8.4395178e-19
1.8149281560e+1    8.4190071e-19
1.8162886720e+1    8.3983584e-19
1.8176491880e+1    8.3786199e-19
1.8190097040e+1    8.3565417e-19
1.8203702200e+1    8.3356723e-19
1.8217307350e+1    8.3147145e-19
1.8230912510e+1    8.2928299e-19
1.8244517670e+1    8.2703068e-19
1.8258122830e+1    8.2483757e-19
1.8271727990e+1    8.2257466e-19
1.8285333150e+1    8.2047618e-19
1.8298938310e+1    8.1819074e-19
1.8312543460e+1    8.1594332e-19
1.8326148620e+1    8.1807678e-19
1.8339753780e+1    8.1143235e-19
1.8353358940e+1    8.0940592e-19
1.8366964100e+1    8.0727844e-19
1.8380569260e+1    8.0513191e-19
1.8394174420e+1    8.0320106e-19
1.8407779570e+1    8.0123801e-19
1.8421384730e+1    7.9947368e-19
1.8434989890e+1    7.9773887e-19
1.8448595050e+1    7.9579163e-19
1.8462200210e+1    7.9401103e-19
1.8475805370e+1    7.9225239e-19
1.8489410530e+1    7.9037683e-19
1.8503015680e+1    7.8837409e-19
1.8516620840e+1    7.8633760e-19
1.8530226000e+1    7.8445859e-19
1.8543831160e+1    7.8259317e-19
1.8557436320e+1    7.8061654e-19
1.8571041480e+1    7.7868971e-19
1.8584646640e+1    7.7668934e-19
1.8598251790e+1    7.7450312e-19
1.8611856950e+1    7.7262160e-19
1.8625462110e+1    7.7071864e-19
1.8639067270e+1    7.6894778e-19
1.8652672430e+1    7.6712676e-19
1.8666277590e+1    7.6526322e-19
1.8679882750e+1    7.6349690e-19
1.8693487900e+1    7.6162460e-19
1.8707093060e+1    1.1089657e-18
1.8720698220e+1    7.5818722e-19
1.8734303380e+1    7.5621623e-19
1.8747908540e+1    7.5441734e-19
1.8761513700e+1    7.5253787e-19
1.8775118860e+1    7.5051201e-19
1.8788724020e+1    7.4877393e-19
1.8802329170e+1    7.4694309e-19
1.8815934330e+1    7.4849334e-19
1.8829539490e+1    7.4353179e-19
1.8843144650e+1    7.4192062e-19
1.8856749810e+1    7.4026746e-19
1.8870354970e+1    7.3846524e-19
1.8883960130e+1    7.3680660e-19
1.8897565280e+1    7.3506511e-19
1.8911170440e+1    7.3318005e-19
1.8924775600e+1    7.3160486e-19
1.8938380760e+1    7.3002105e-19
1.8951985920e+1    7.2833175e-19
1.8965591080e+1    7.2757621e-19
1.8979196240e+1    7.2478200e-19
1.8992801390e+1    7.2308213e-19
1.9006406550e+1    7.2139527e-19
1.9020011710e+1    7.1963131e-19
1.9033616870e+1    7.8364648e-19
1.9047222030e+1    7.1612886e-19
1.9060827190e+1    7.1415805e-19
1.9074432350e+1    7.1248590e-19
1.9088037500e+1    7.1065685e-19
1.9101642660e+1    7.0910088e-19
1.9115247820e+1    7.0741092e-19
1.9128852980e+1    7.0563005e-19
1.9142458140e+1    7.0392892e-19
1.9156063300e+1    7.0220619e-19
1.9169668460e+1    7.0056456e-19
1.9183273610e+1    6.9886728e-19
1.9196878770e+1    6.9713787e-19
1.9210483930e+1    6.9533273e-19
1.9224089090e+1    6.9383694e-19
1.9237694250e+1    6.9202379e-19
1.9251299410e+1    6.9034983e-19
1.9264904570e+1    6.8872482e-19
1.9278509720e+1    6.8699577e-19
1.9292114880e+1    6.8528332e-19
1.9305720040e+1    6.8397400e-19
1.9319325200e+1    6.8236232e-19
1.9332930360e+1    6.8077159e-19
1.9346535520e+1    6.7919986e-19
1.9360140680e+1    6.7761272e-19
1.9373745830e+1    6.7596761e-19
1.9387350990e+1    6.7448668e-19
1.9400956150e+1    6.7313811e-19
1.9414561310e+1    6.7454622e-19
1.9428166470e+1    6.7005508e-19
1.9441771630e+1    6.6840381e-19
1.9455376790e+1    6.6695530e-19
1.9468981940e+1    6.6544038e-19
1.9482587100e+1    6.6369533e-19
1.9496192260e+1    6.6232575e-19
1.9509797420e+1    6.6092249e-19
1.9523402580e+1    6.7065890e-19
1.9537007740e+1    6.5797196e-19
1.9550612900e+1    6.5665617e-19
1.9564218050e+1    6.5518731e-19
1.9577823210e+1    6.5382408e-19
1.9591428370e+1    6.5237997e-19
1.9999583130e+1    6.2894488e-19
2.4999478910e+1    3.1796091e-19
2.9999374690e+1    1.9891215e-19
3.4999270480e+1    1.3619759e-19
3.9999166260e+1    9.8525571e-20
4.4999062040e+1    7.3712956e-20
4.9998957820e+1    5.6446040e-20
5.4998853610e+1    4.4054044e-20
5.9998749390e+1    3.4926931e-20
6.4998645170e+1    2.8064270e-20
6.9998540950e+1    2.2813479e-20
7.4998436740e+1    1.8737326e-20
7.9998332520e+1    1.5531170e-20
8.4998228300e+1    1.2981973e-20
8.9998124080e+1    1.0935577e-20
9.4998019870e+1    9.2770866e-21
9.9997915650e+1    7.9207372e-21
1.0499781143e+2    6.8038427e-21
1.0999770721e+2    5.8775175e-21
1.1499760300e+2    5.1039003e-21
1.1999749878e+2    4.4537312e-21
1.2499739456e+2    3.9044773e-21
1.2999729034e+2    3.4374698e-21
1.3499718613e+2    3.0390080e-21
-----------------------------

