EXCITATION
N(2p2_3P_3p_4Po) -> N(2p2_3P_4s_4Pe)
 1.285300e+1
SPECIES: e / N(2p2_3P_3p_4Po)
PROCESS: E + N(2p2_3P_3p_4Po) -> E + N(2p2_3P_4s_4Pe), Excitation
PARAM.:  E = 12.853 eV
UPDATED: 2019-01-30 20:10:47
COLUMNS: Energy (eV) | Cross section (m2)
-----------------------------
1.2852889370e+1    0.0000000e+7
1.2856874870e+1    1.4386608e-20
1.2870480030e+1    3.2224432e-20
1.2884085190e+1    6.7104627e-20
1.2897690340e+1    8.2583071e-20
1.2911295500e+1    7.5951818e-20
1.2924900660e+1    7.5765424e-20
1.2938505820e+1    7.3516202e-20
1.2952110980e+1    1.1675752e-19
1.2965716140e+1    1.2515309e-19
1.2979321300e+1    1.1451198e-19
1.2992926460e+1    1.0332936e-19
1.3006531610e+1    9.9819301e-20
1.3020136770e+1    8.2694950e-20
1.3033741930e+1    7.5070037e-20
1.3047347090e+1    7.2656810e-20
1.3060952250e+1    7.8323209e-20
1.3074557410e+1    8.0908764e-20
1.3088162570e+1    8.3328741e-20
1.3101767720e+1    8.6730988e-20
1.3115372880e+1    9.1084496e-20
1.3128978040e+1    9.5844120e-20
1.3142583200e+1    1.0079841e-19
1.3156188360e+1    8.5725324e-20
1.3169793520e+1    8.8206370e-20
1.3183398680e+1    9.0705047e-20
1.3197003830e+1    9.3112232e-20
1.3210608990e+1    9.5828730e-20
1.3224214150e+1    9.9575071e-20
1.3237819310e+1    1.0188088e-19
1.3251424470e+1    1.0524008e-19
1.3265029630e+1    1.0559733e-19
1.3278634790e+1    1.0485393e-19
1.3305845100e+1    1.1578999e-19
1.3319450260e+1    1.1547559e-19
1.3333055420e+1    1.2581476e-19
1.3346660580e+1    1.2329238e-19
1.3360265740e+1    1.2089316e-19
1.3373870900e+1    1.1896348e-19
1.3387476050e+1    1.1206232e-19
1.3401081210e+1    1.0794725e-19
1.3414686370e+1    1.0459210e-19
1.3428291530e+1    1.0616579e-19
1.3441896690e+1    1.0327171e-19
1.3455501850e+1    1.0610307e-19
1.3469107010e+1    1.0282321e-19
1.3482712160e+1    1.0300820e-19
1.3496317320e+1    1.0162120e-19
1.3509922480e+1    1.0086544e-19
1.3523527640e+1    9.9367821e-20
1.3537132800e+1    9.7173527e-20
1.3550737960e+1    9.5912613e-20
1.3564343120e+1    9.4813480e-20
1.3577948270e+1    1.0321864e-19
1.3591553430e+1    1.0149673e-19
1.3605158590e+1    9.7755706e-20
1.3618763750e+1    9.4572872e-20
1.3632368910e+1    9.9539017e-20
1.3645974070e+1    1.0085579e-19
1.3659579230e+1    1.0612682e-19
1.3673184380e+1    1.1100594e-19
1.3700394700e+1    1.1827075e-19
1.3713999860e+1    1.0954647e-19
1.3754815340e+1    1.2510412e-19
1.3768420490e+1    1.3289002e-19
1.3782025650e+1    1.3065941e-19
1.3795630810e+1    1.2983441e-19
1.3809235970e+1    1.2383555e-19
1.3822841130e+1    1.2220054e-19
1.3836446290e+1    1.2183428e-19
1.3850051450e+1    1.2291385e-19
1.3863656600e+1    1.2307317e-19
1.3877261760e+1    1.2413491e-19
1.3890866920e+1    1.2407803e-19
1.3904472080e+1    1.2393817e-19
1.3918077240e+1    1.2142853e-19
1.3931682400e+1    1.2312852e-19
1.3945287560e+1    1.2257571e-19
1.3958892720e+1    1.2096301e-19
1.3972497870e+1    1.1976769e-19
1.3986103030e+1    1.1050220e-19
1.3999708190e+1    1.1192604e-19
1.4013313350e+1    1.1014456e-19
1.4026918510e+1    1.0859699e-19
1.4040523670e+1    1.2075323e-19
1.4054128830e+1    1.1190313e-19
1.4067733980e+1    1.0664350e-19
1.4081339140e+1    1.0509043e-19
1.4094944300e+1    1.0590470e-19
1.4108549460e+1    1.0757534e-19
1.4122154620e+1    1.0606369e-19
1.4135759780e+1    1.0508278e-19
1.4149364940e+1    1.0594056e-19
1.4162970090e+1    1.0788331e-19
1.4176575250e+1    1.0833444e-19
1.4190180410e+1    1.0928523e-19
1.4203785570e+1    1.0892229e-19
1.4217390730e+1    1.0934285e-19
1.4230995890e+1    1.1039607e-19
1.4244601050e+1    1.0889872e-19
1.4258206200e+1    1.1013059e-19
1.4271811360e+1    1.1002840e-19
1.4285416520e+1    1.1153916e-19
1.4299021680e+1    1.1262471e-19
1.4312626840e+1    1.1389179e-19
1.4326232000e+1    1.1511494e-19
1.4339837160e+1    1.1835732e-19
1.4353442310e+1    1.2118591e-19
1.4367047470e+1    1.2337487e-19
1.4380652630e+1    1.2509566e-19
1.4394257790e+1    1.2468318e-19
1.4407862950e+1    1.2480371e-19
1.4421468110e+1    1.2475270e-19
1.4435073270e+1    1.2400876e-19
1.4448678420e+1    1.2246605e-19
1.4462283580e+1    1.2039742e-19
1.4475888740e+1    1.2011638e-19
1.4489493900e+1    1.2113151e-19
1.4503099060e+1    1.2161924e-19
1.4516704220e+1    1.2135946e-19
1.4530309380e+1    1.2246183e-19
1.4543914530e+1    1.2239493e-19
1.4557519690e+1    1.2314963e-19
1.4571124850e+1    1.2266711e-19
1.4584730010e+1    1.2228470e-19
1.4598335170e+1    1.2125111e-19
1.4611940330e+1    1.2267708e-19
1.4625545490e+1    1.2292127e-19
1.4639150640e+1    1.2290745e-19
1.4652755800e+1    1.2291885e-19
1.4666360960e+1    1.2263158e-19
1.4679966120e+1    1.2304489e-19
1.4693571280e+1    1.2362126e-19
1.4707176440e+1    1.2424593e-19
1.4720781600e+1    1.2430550e-19
1.4734386750e+1    1.2428992e-19
1.4747991910e+1    1.2511240e-19
1.4761597070e+1    1.2543926e-19
1.4775202230e+1    1.2631066e-19
1.4788807390e+1    1.2604085e-19
1.4802412550e+1    1.2639483e-19
1.4816017710e+1    1.2714578e-19
1.4829622860e+1    1.2744565e-19
1.4843228020e+1    1.2738201e-19
1.4856833180e+1    1.2777253e-19
1.4870438340e+1    1.2780824e-19
1.4884043500e+1    1.2664298e-19
1.4897648660e+1    1.2616431e-19
1.4911253820e+1    1.2554290e-19
1.4924858980e+1    1.2467059e-19
1.4938464130e+1    1.2430055e-19
1.4952069290e+1    1.2345545e-19
1.4965674450e+1    1.2404809e-19
1.4979279610e+1    1.2515954e-19
1.4992884770e+1    1.2579745e-19
1.5006489930e+1    1.2571163e-19
1.5020095090e+1    1.2660923e-19
1.5033700240e+1    1.2712000e-19
1.5047305400e+1    1.2753966e-19
1.5060910560e+1    1.2904743e-19
1.5074515720e+1    1.2873530e-19
1.5088120880e+1    1.2925313e-19
1.5101726040e+1    1.2967602e-19
1.5115331200e+1    1.3068960e-19
1.5128936350e+1    1.3093107e-19
1.5142541510e+1    1.3173186e-19
1.5156146670e+1    1.3256092e-19
1.5169751830e+1    1.3358194e-19
1.5183356990e+1    1.3445796e-19
1.5196962150e+1    1.3458959e-19
1.5210567310e+1    1.3469151e-19
1.5224172460e+1    1.3516894e-19
1.5237777620e+1    1.3545068e-19
1.5251382780e+1    1.3623621e-19
1.5264987940e+1    1.3648053e-19
1.5278593100e+1    1.3698799e-19
1.5292198260e+1    1.3709660e-19
1.5305803420e+1    1.3776012e-19
1.5319408570e+1    1.3700919e-19
1.5333013730e+1    1.3786427e-19
1.5346618890e+1    1.3825318e-19
1.5360224050e+1    1.3847468e-19
1.5373829210e+1    1.3791373e-19
1.5387434370e+1    1.3770567e-19
1.5401039530e+1    1.3798165e-19
1.5414644680e+1    1.3801582e-19
1.5428249840e+1    1.3783450e-19
1.5441855000e+1    1.3842860e-19
1.5455460160e+1    1.3855621e-19
1.5469065320e+1    1.3927369e-19
1.5482670480e+1    1.3958416e-19
1.5509880790e+1    1.4074896e-19
1.5523485950e+1    1.4114285e-19
1.5537091110e+1    1.4111472e-19
1.5550696270e+1    1.4135976e-19
1.5564301430e+1    1.4162288e-19
1.5577906590e+1    1.4156222e-19
1.5591511750e+1    1.4189797e-19
1.5605116900e+1    1.4202567e-19
1.5618722060e+1    1.4230090e-19
1.5632327220e+1    1.4266063e-19
1.5645932380e+1    1.4245721e-19
1.5659537540e+1    1.4241338e-19
1.5673142700e+1    1.4279075e-19
1.5686747860e+1    1.4366057e-19
1.5700353010e+1    1.4235682e-19
1.5713958170e+1    1.4270866e-19
1.5727563330e+1    1.4246854e-19
1.5741168490e+1    1.4304885e-19
1.5754773650e+1    1.4334390e-19
1.5768378810e+1    1.4297654e-19
1.5781983970e+1    1.4306371e-19
1.5795589120e+1    1.4279516e-19
1.5809194280e+1    1.4289429e-19
1.5822799440e+1    1.4292443e-19
1.5836404600e+1    1.4289096e-19
1.5850009760e+1    1.4282714e-19
1.5863614920e+1    1.4316908e-19
1.5877220080e+1    1.4336984e-19
1.5890825240e+1    1.4294576e-19
1.5904430390e+1    1.4341111e-19
1.5918035550e+1    1.4340712e-19
1.5931640710e+1    1.4346067e-19
1.5945245870e+1    1.4325162e-19
1.5958851030e+1    1.4279412e-19
1.5972456190e+1    1.4304500e-19
1.5986061350e+1    1.4334291e-19
1.5999666500e+1    1.4353918e-19
1.6013271660e+1    1.4388103e-19
1.6026876820e+1    1.4436442e-19
1.6040481980e+1    1.4450438e-19
1.6054087140e+1    1.4530985e-19
1.6067692300e+1    1.4588227e-19
1.6081297460e+1    1.4595253e-19
1.6094902610e+1    1.4613190e-19
1.6108507770e+1    1.4609636e-19
1.6122112930e+1    1.4616510e-19
1.6135718090e+1    1.4634927e-19
1.6149323250e+1    1.4666500e-19
1.6162928410e+1    1.4674866e-19
1.6176533570e+1    1.4712366e-19
1.6190138720e+1    1.4736413e-19
1.6203743880e+1    1.4804907e-19
1.6217349040e+1    1.4830223e-19
1.6230954200e+1    1.4855486e-19
1.6244559360e+1    1.4896858e-19
1.6258164520e+1    1.4941439e-19
1.6271769680e+1    1.4977616e-19
1.6285374830e+1    1.5016159e-19
1.6298979990e+1    1.5031810e-19
1.6312585150e+1    1.5038330e-19
1.6326190310e+1    1.5048708e-19
1.6339795470e+1    1.5117146e-19
1.6353400630e+1    1.5153044e-19
1.6367005790e+1    1.5195954e-19
1.6394216100e+1    1.5306759e-19
1.6407821260e+1    1.5315121e-19
1.6421426420e+1    1.5299219e-19
1.6435031580e+1    1.5337363e-19
1.6448636740e+1    1.5393684e-19
1.6462241900e+1    1.5408998e-19
1.6475847050e+1    1.5421857e-19
1.6489452210e+1    1.5416439e-19
1.6503057370e+1    1.5416130e-19
1.6516662530e+1    1.5406996e-19
1.6530267690e+1    1.5424725e-19
1.6543872850e+1    1.5449207e-19
1.6557478010e+1    1.5439823e-19
1.6571083160e+1    1.5467494e-19
1.6584688320e+1    1.5469048e-19
1.6598293480e+1    1.5447842e-19
1.6611898640e+1    1.5452647e-19
1.6625503800e+1    1.5465826e-19
1.6639108960e+1    1.5445349e-19
1.6652714120e+1    1.5451345e-19
1.6679924430e+1    1.5462383e-19
1.6693529590e+1    1.5471999e-19
1.6707134750e+1    1.5496356e-19
1.6720739910e+1    1.5523519e-19
1.6734345070e+1    1.5558423e-19
1.6747950230e+1    1.5554907e-19
1.6761555380e+1    1.5614076e-19
1.6775160540e+1    1.5621898e-19
1.6788765700e+1    1.5583414e-19
1.6802370860e+1    1.5599685e-19
1.6815976020e+1    1.5611368e-19
1.6829581180e+1    1.5614296e-19
1.6843186340e+1    1.5623239e-19
1.6856791500e+1    1.5630577e-19
1.6870396650e+1    1.5655727e-19
1.6884001810e+1    1.5640452e-19
1.6897606970e+1    1.5622591e-19
1.6911212130e+1    1.5610670e-19
1.6924817290e+1    1.5654201e-19
1.6938422450e+1    1.5665307e-19
1.6952027610e+1    1.5645244e-19
1.6965632760e+1    1.5654659e-19
1.6979237920e+1    1.5636415e-19
1.6992843080e+1    1.5632480e-19
1.7006448240e+1    1.5648270e-19
1.7020053400e+1    1.5609681e-19
1.7033658560e+1    1.5607528e-19
1.7047263720e+1    1.5623926e-19
1.7060868870e+1    1.5618888e-19
1.7074474030e+1    1.5636579e-19
1.7088079190e+1    1.5636414e-19
1.7101684350e+1    1.5627834e-19
1.7115289510e+1    1.5618854e-19
1.7128894670e+1    1.5599730e-19
1.7142499830e+1    1.5635415e-19
1.7156104980e+1    1.5647384e-19
1.7169710140e+1    1.5632718e-19
1.7183315300e+1    1.5614634e-19
1.7196920460e+1    1.5640114e-19
1.7210525620e+1    1.5620053e-19
1.7224130780e+1    1.5630226e-19
1.7237735940e+1    1.5653639e-19
1.7251341090e+1    1.5549740e-19
1.7264946250e+1    1.5547689e-19
1.7278551410e+1    1.5541378e-19
1.7292156570e+1    1.5521364e-19
1.7305761730e+1    1.5482417e-19
1.7319366890e+1    1.5484887e-19
1.7332972050e+1    1.5568324e-19
1.7346577200e+1    1.5599980e-19
1.7360182360e+1    1.5600184e-19
1.7373787520e+1    1.5597100e-19
1.7387392680e+1    1.5582102e-19
1.7400997840e+1    1.5583610e-19
1.7414603000e+1    1.5545431e-19
1.7428208160e+1    1.5523178e-19
1.7441813310e+1    1.5546295e-19
1.7455418470e+1    1.5565145e-19
1.7469023630e+1    1.5549357e-19
1.7482628790e+1    1.5522821e-19
1.7496233950e+1    1.5561931e-19
1.7509839110e+1    1.5533023e-19
1.7523444270e+1    1.5489472e-19
1.7537049420e+1    1.5474260e-19
1.7550654580e+1    1.5503807e-19
1.7564259740e+1    1.5520915e-19
1.7577864900e+1    1.5542686e-19
1.7591470060e+1    1.5552874e-19
1.7605075220e+1    1.5546654e-19
1.7618680380e+1    1.5577653e-19
1.7632285530e+1    1.5591052e-19
1.7645890690e+1    1.5611300e-19
1.7659495850e+1    1.5607888e-19
1.7673101010e+1    1.5390455e-19
1.7686706170e+1    1.5625844e-19
1.7700311330e+1    1.5634821e-19
1.7713916490e+1    1.5656896e-19
1.7727521640e+1    1.5667237e-19
1.7741126800e+1    1.5664384e-19
1.7754731960e+1    1.5663818e-19
1.7768337120e+1    1.5641955e-19
1.7781942280e+1    1.5649620e-19
1.7795547440e+1    1.5646465e-19
1.7809152600e+1    1.5670989e-19
1.7822757760e+1    1.5674227e-19
1.7836362910e+1    1.5679199e-19
1.7849968070e+1    1.5691086e-19
1.7863573230e+1    1.5682997e-19
1.7877178390e+1    1.5674244e-19
1.7890783550e+1    1.5675845e-19
1.7904388710e+1    1.5665501e-19
1.7917993870e+1    1.5663820e-19
1.7931599020e+1    1.5672924e-19
1.7945204180e+1    1.5683872e-19
1.7958809340e+1    1.5695914e-19
1.7972414500e+1    1.5689522e-19
1.7986019660e+1    1.5690064e-19
1.7999624820e+1    1.5691740e-19
1.8013229980e+1    1.5704085e-19
1.8026835130e+1    1.5697825e-19
1.8040440290e+1    1.5699243e-19
1.8054045450e+1    1.5694870e-19
1.8067650610e+1    1.5676250e-19
1.8081255770e+1    1.5707202e-19
1.8094860930e+1    1.5706609e-19
1.8108466090e+1    1.5680673e-19
1.8122071240e+1    1.5712730e-19
1.8135676400e+1    1.5700350e-19
1.8149281560e+1    1.5703910e-19
1.8162886720e+1    1.5707557e-19
1.8176491880e+1    1.5707689e-19
1.8190097040e+1    1.5695989e-19
1.8203702200e+1    1.5695332e-19
1.8217307350e+1    1.5707308e-19
1.8230912510e+1    1.5723068e-19
1.8244517670e+1    1.5731090e-19
1.8258122830e+1    1.5738960e-19
1.8271727990e+1    1.5736629e-19
1.8285333150e+1    1.5725863e-19
1.8298938310e+1    1.5718141e-19
1.8312543460e+1    1.5708413e-19
1.8326148620e+1    1.5707492e-19
1.8339753780e+1    1.5707812e-19
1.8353358940e+1    1.5688859e-19
1.8366964100e+1    1.5697223e-19
1.8380569260e+1    1.5677376e-19
1.8394174420e+1    1.5666832e-19
1.8407779570e+1    1.5665425e-19
1.8421384730e+1    1.5670184e-19
1.8434989890e+1    1.5651523e-19
1.8448595050e+1    1.5663451e-19
1.8462200210e+1    1.5644492e-19
1.8475805370e+1    1.5627082e-19
1.8489410530e+1    1.5633446e-19
1.8503015680e+1    1.5609146e-19
1.8516620840e+1    1.5604632e-19
1.8530226000e+1    1.5622273e-19
1.8543831160e+1    1.5599886e-19
1.8557436320e+1    1.5596190e-19
1.8571041480e+1    1.5577738e-19
1.8584646640e+1    1.5582330e-19
1.8598251790e+1    1.5571757e-19
1.8611856950e+1    1.5566662e-19
1.8625462110e+1    1.5560260e-19
1.8639067270e+1    1.5537166e-19
1.8652672430e+1    1.5555014e-19
1.8666277590e+1    1.5550549e-19
1.8679882750e+1    1.5537311e-19
1.8693487900e+1    1.5526399e-19
1.8707093060e+1    1.7042957e-19
1.8720698220e+1    1.5534250e-19
1.8734303380e+1    1.5525425e-19
1.8747908540e+1    1.5522937e-19
1.8761513700e+1    1.5517904e-19
1.8775118860e+1    1.5514109e-19
1.8788724020e+1    1.5513592e-19
1.8802329170e+1    1.5513215e-19
1.8815934330e+1    1.5513376e-19
1.8829539490e+1    1.5506441e-19
1.8843144650e+1    1.5510082e-19
1.8856749810e+1    1.5507415e-19
1.8870354970e+1    1.5493726e-19
1.8883960130e+1    1.5508199e-19
1.8897565280e+1    1.5485729e-19
1.8911170440e+1    1.5481674e-19
1.8924775600e+1    1.5473241e-19
1.8938380760e+1    1.5475554e-19
1.8951985920e+1    1.5460773e-19
1.8965591080e+1    1.5463848e-19
1.8979196240e+1    1.5461520e-19
1.8992801390e+1    1.5463806e-19
1.9006406550e+1    1.5454106e-19
1.9020011710e+1    1.5461323e-19
1.9033616870e+1    1.5444486e-19
1.9047222030e+1    1.5444442e-19
1.9060827190e+1    1.5425761e-19
1.9074432350e+1    1.5414584e-19
1.9088037500e+1    1.5402791e-19
1.9101642660e+1    1.5393239e-19
1.9115247820e+1    1.5390690e-19
1.9128852980e+1    1.5360249e-19
1.9142458140e+1    1.5376343e-19
1.9156063300e+1    1.5357024e-19
1.9169668460e+1    1.5350982e-19
1.9183273610e+1    1.5347004e-19
1.9196878770e+1    1.5350306e-19
1.9210483930e+1    1.5352459e-19
1.9224089090e+1    1.5339513e-19
1.9237694250e+1    1.5338249e-19
1.9251299410e+1    1.5335994e-19
1.9264904570e+1    1.5329002e-19
1.9278509720e+1    1.5323958e-19
1.9292114880e+1    1.5318866e-19
1.9305720040e+1    1.5298727e-19
1.9319325200e+1    1.5296975e-19
1.9332930360e+1    1.5300807e-19
1.9346535520e+1    1.5314872e-19
1.9360140680e+1    1.5297729e-19
1.9373745830e+1    1.5309184e-19
1.9387350990e+1    1.5308284e-19
1.9400956150e+1    1.5311085e-19
1.9414561310e+1    1.6064390e-19
1.9428166470e+1    1.5315426e-19
1.9441771630e+1    1.5303427e-19
1.9455376790e+1    1.5304425e-19
1.9468981940e+1    1.5303891e-19
1.9482587100e+1    1.5706130e-19
1.9496192260e+1    1.5289797e-19
1.9509797420e+1    1.5286464e-19
1.9523402580e+1    1.5719237e-19
1.9537007740e+1    1.5264704e-19
1.9550612900e+1    1.5264804e-19
1.9564218050e+1    1.5267972e-19
1.9577823210e+1    1.5261778e-19
1.9591428370e+1    1.5242752e-19
1.9999583130e+1    1.5151322e-19
2.4999478910e+1    1.1787745e-19
2.9999374690e+1    8.9952754e-20
3.4999270480e+1    6.9647742e-20
3.9999166260e+1    5.5108050e-20
4.4999062040e+1    4.4450382e-20
4.9998957820e+1    3.6350761e-20
5.4998853610e+1    3.0100563e-20
5.9998749390e+1    2.5195716e-20
6.4998645170e+1    2.1283993e-20
6.9998540950e+1    1.8124358e-20
7.4998436740e+1    1.5543358e-20
7.9998332520e+1    1.3413876e-20
8.4998228300e+1    1.1642418e-20
8.9998124080e+1    1.0157084e-20
9.4998019870e+1    8.9034873e-21
9.9997915650e+1    7.8386362e-21
1.0499781143e+2    6.9291159e-21
1.0999770721e+2    6.1482193e-21
1.1499760300e+2    5.4745413e-21
1.1999749878e+2    4.8908446e-21
1.2499739456e+2    4.3830048e-21
1.2999729034e+2    3.9394323e-21
1.3499718613e+2    3.5506382e-21
-----------------------------

