EXCITATION
N(2p3_2Po) -> N(2p2_3P_4p_4Do)
 1.324200e+1
SPECIES: e / N(2p3_2Po)
PROCESS: E + N(2p3_2Po) -> E + N(2p2_3P_4p_4Do), Excitation
PARAM.:  E = 13.242 eV
UPDATED: 2019-01-30 20:10:46
COLUMNS: Energy (eV) | Cross section (m2)
-----------------------------
1.3242276090e+1    0.0000000e+7
1.3251424470e+1    8.3700716e-24
1.3265029630e+1    1.3610169e-23
1.3278634790e+1    2.6551239e-23
1.3305845100e+1    2.7570795e-23
1.3319450260e+1    2.8297955e-23
1.3333055420e+1    2.2931946e-23
1.3346660580e+1    2.6784444e-23
1.3360265740e+1    2.9270189e-23
1.3373870900e+1    3.0931726e-23
1.3387476050e+1    3.2281390e-23
1.3401081210e+1    3.4598847e-23
1.3414686370e+1    3.6971967e-23
1.3428291530e+1    3.2570381e-23
1.3441896690e+1    3.3911894e-23
1.3455501850e+1    3.5845956e-23
1.3469107010e+1    3.7652675e-23
1.3482712160e+1    3.9185903e-23
1.3496317320e+1    4.1133939e-23
1.3509922480e+1    4.3127474e-23
1.3523527640e+1    3.7979586e-23
1.3537132800e+1    5.0120086e-23
1.3550737960e+1    5.2412559e-23
1.3564343120e+1    5.4546427e-23
1.3577948270e+1    5.8117982e-23
1.3591553430e+1    6.4725595e-23
1.3605158590e+1    6.8343736e-23
1.3618763750e+1    7.6189011e-23
1.3632368910e+1    6.7345546e-23
1.3645974070e+1    5.7119109e-23
1.3659579230e+1    4.6809199e-23
1.3673184380e+1    3.7011655e-23
1.3700394700e+1    3.4514540e-23
1.3713999860e+1    3.4058352e-23
1.3754815340e+1    1.6746683e-23
1.3768420490e+1    1.7095236e-23
1.3782025650e+1    1.9935764e-23
1.3795630810e+1    2.0259306e-23
1.3809235970e+1    2.1339612e-23
1.3822841130e+1    2.3544864e-23
1.3836446290e+1    2.3423808e-23
1.3850051450e+1    2.2922905e-23
1.3863656600e+1    2.4644558e-23
1.3877261760e+1    2.6088766e-23
1.3890866920e+1    2.6530306e-23
1.3904472080e+1    2.7283234e-23
1.3918077240e+1    3.2143371e-23
1.3931682400e+1    3.3772875e-23
1.3945287560e+1    3.2805108e-23
1.3958892720e+1    3.3625206e-23
1.3972497870e+1    3.5615902e-23
1.3986103030e+1    3.4300887e-23
1.3999708190e+1    3.4884804e-23
1.4013313350e+1    4.3037630e-23
1.4026918510e+1    4.4444797e-23
1.4040523670e+1    4.5478899e-23
1.4054128830e+1    4.6355007e-23
1.4067733980e+1    4.5856294e-23
1.4081339140e+1    4.5445387e-23
1.4094944300e+1    4.7858227e-23
1.4108549460e+1    4.7565764e-23
1.4122154620e+1    4.8236996e-23
1.4135759780e+1    5.0350154e-23
1.4149364940e+1    4.9953878e-23
1.4162970090e+1    4.6086808e-23
1.4176575250e+1    4.5799774e-23
1.4190180410e+1    4.6131752e-23
1.4203785570e+1    4.6773220e-23
1.4217390730e+1    4.8247465e-23
1.4230995890e+1    4.8159298e-23
1.4244601050e+1    4.8395033e-23
1.4258206200e+1    4.7785499e-23
1.4271811360e+1    4.6845022e-23
1.4285416520e+1    4.7516932e-23
1.4299021680e+1    5.1172932e-23
1.4312626840e+1    4.6716183e-23
1.4326232000e+1    4.7282130e-23
1.4339837160e+1    4.8613663e-23
1.4353442310e+1    4.8917129e-23
1.4367047470e+1    4.6564225e-23
1.4380652630e+1    5.0968042e-23
1.4394257790e+1    5.2408302e-23
1.4407862950e+1    4.8717505e-23
1.4421468110e+1    5.2361030e-23
1.4435073270e+1    5.8885540e-23
1.4448678420e+1    6.2764759e-23
1.4462283580e+1    6.3828495e-23
1.4475888740e+1    6.7324434e-23
1.4489493900e+1    6.9696103e-23
1.4503099060e+1    7.1357529e-23
1.4516704220e+1    7.4297770e-23
1.4530309380e+1    7.3522769e-23
1.4543914530e+1    6.6388292e-23
1.4557519690e+1    6.6307490e-23
1.4571124850e+1    6.7319617e-23
1.4584730010e+1    6.2143219e-23
1.4598335170e+1    6.3287382e-23
1.4611940330e+1    6.3280046e-23
1.4625545490e+1    6.8996371e-23
1.4639150640e+1    8.2638283e-23
1.4652755800e+1    7.5948124e-23
1.4666360960e+1    7.8889995e-23
1.4679966120e+1    7.9857129e-23
1.4693571280e+1    8.3429569e-23
1.4707176440e+1    8.0082865e-23
1.4720781600e+1    8.1066192e-23
1.4734386750e+1    7.8647574e-23
1.4747991910e+1    7.6917790e-23
1.4761597070e+1    7.7195308e-23
1.4775202230e+1    7.7443190e-23
1.4788807390e+1    7.8821172e-23
1.4802412550e+1    6.9461969e-23
1.4816017710e+1    6.7979148e-23
1.4829622860e+1    6.7692795e-23
1.4843228020e+1    6.7283629e-23
1.4856833180e+1    6.6451056e-23
1.4870438340e+1    6.2794180e-23
1.4884043500e+1    6.0197653e-23
1.4897648660e+1    7.1863596e-23
1.4911253820e+1    7.3093579e-23
1.4924858980e+1    7.2027105e-23
1.4938464130e+1    7.4765472e-23
1.4952069290e+1    7.5232826e-23
1.4965674450e+1    7.2753601e-23
1.4979279610e+1    7.3465681e-23
1.4992884770e+1    7.3578252e-23
1.5006489930e+1    7.2648133e-23
1.5020095090e+1    7.1653800e-23
1.5033700240e+1    7.1562744e-23
1.5047305400e+1    7.2566337e-23
1.5060910560e+1    7.2483022e-23
1.5074515720e+1    7.3014936e-23
1.5088120880e+1    7.3064325e-23
1.5101726040e+1    7.4799659e-23
1.5115331200e+1    7.5060554e-23
1.5128936350e+1    6.9810543e-23
1.5142541510e+1    6.9310868e-23
1.5156146670e+1    6.7840124e-23
1.5169751830e+1    6.5293795e-23
1.5183356990e+1    6.2937470e-23
1.5196962150e+1    6.1080636e-23
1.5210567310e+1    5.9127552e-23
1.5224172460e+1    5.7506672e-23
1.5237777620e+1    5.4356933e-23
1.5251382780e+1    5.2414945e-23
1.5264987940e+1    5.2792978e-23
1.5278593100e+1    5.2931939e-23
1.5292198260e+1    5.6026673e-23
1.5305803420e+1    5.4394797e-23
1.5319408570e+1    5.5902616e-23
1.5333013730e+1    5.6356948e-23
1.5346618890e+1    5.1770624e-23
1.5360224050e+1    6.2063601e-23
1.5373829210e+1    6.2998026e-23
1.5387434370e+1    6.4390843e-23
1.5401039530e+1    6.5649128e-23
1.5414644680e+1    6.9221068e-23
1.5428249840e+1    6.7465658e-23
1.5441855000e+1    6.8949496e-23
1.5455460160e+1    7.1616047e-23
1.5469065320e+1    6.6795333e-23
1.5482670480e+1    7.0732033e-23
1.5509880790e+1    6.6663248e-23
1.5523485950e+1    6.5750266e-23
1.5537091110e+1    6.5995088e-23
1.5550696270e+1    6.4249790e-23
1.5564301430e+1    6.3714015e-23
1.5577906590e+1    6.1912714e-23
1.5591511750e+1    6.5386031e-23
1.5605116900e+1    6.6923668e-23
1.5618722060e+1    6.8086489e-23
1.5632327220e+1    6.8500339e-23
1.5645932380e+1    6.9373746e-23
1.5659537540e+1    6.7589288e-23
1.5673142700e+1    6.6264136e-23
1.5686747860e+1    6.6062181e-23
1.5700353010e+1    6.5614915e-23
1.5713958170e+1    6.6337187e-23
1.5727563330e+1    6.4827937e-23
1.5741168490e+1    6.8214588e-23
1.5754773650e+1    6.5635695e-23
1.5768378810e+1    6.2358365e-23
1.5781983970e+1    6.2777051e-23
1.5795589120e+1    6.0605132e-23
1.5809194280e+1    6.1769888e-23
1.5822799440e+1    5.9273939e-23
1.5836404600e+1    5.6954694e-23
1.5850009760e+1    6.0028992e-23
1.5863614920e+1    6.6588048e-23
1.5877220080e+1    6.5985033e-23
1.5890825240e+1    6.6569879e-23
1.5904430390e+1    6.4521050e-23
1.5918035550e+1    6.4335140e-23
1.5931640710e+1    6.2921282e-23
1.5945245870e+1    5.9725473e-23
1.5958851030e+1    5.9935349e-23
1.5972456190e+1    6.1220725e-23
1.5986061350e+1    6.0478941e-23
1.5999666500e+1    6.0302182e-23
1.6013271660e+1    5.8093102e-23
1.6026876820e+1    5.7580884e-23
1.6040481980e+1    5.7210477e-23
1.6054087140e+1    5.6814719e-23
1.6067692300e+1    5.7211825e-23
1.6081297460e+1    5.7727867e-23
1.6094902610e+1    5.6089157e-23
1.6108507770e+1    5.5295685e-23
1.6122112930e+1    5.3489379e-23
1.6135718090e+1    5.3359164e-23
1.6149323250e+1    5.4278549e-23
1.6162928410e+1    5.1930177e-23
1.6176533570e+1    5.2883655e-23
1.6190138720e+1    5.4319830e-23
1.6203743880e+1    5.3065116e-23
1.6217349040e+1    5.2096354e-23
1.6230954200e+1    5.0295407e-23
1.6244559360e+1    5.1310718e-23
1.6258164520e+1    4.9337983e-23
1.6271769680e+1    4.7935874e-23
1.6285374830e+1    4.6919925e-23
1.6298979990e+1    4.7370829e-23
1.6312585150e+1    4.7700168e-23
1.6326190310e+1    4.7406498e-23
1.6339795470e+1    4.9457922e-23
1.6353400630e+1    4.8673802e-23
1.6367005790e+1    4.7843089e-23
1.6394216100e+1    4.4109856e-23
1.6407821260e+1    4.5930934e-23
1.6421426420e+1    4.8691341e-23
1.6435031580e+1    4.9012979e-23
1.6448636740e+1    4.8477623e-23
1.6462241900e+1    4.8960922e-23
1.6475847050e+1    4.9214388e-23
1.6489452210e+1    4.9248872e-23
1.6503057370e+1    5.0123253e-23
1.6516662530e+1    5.0907805e-23
1.6530267690e+1    5.2382441e-23
1.6543872850e+1    5.0643831e-23
1.6557478010e+1    5.0415434e-23
1.6571083160e+1    5.2154916e-23
1.6584688320e+1    5.2684605e-23
1.6598293480e+1    5.6424686e-23
1.6611898640e+1    5.5587666e-23
1.6625503800e+1    5.8206683e-23
1.6639108960e+1    6.0077613e-23
1.6652714120e+1    6.2708466e-23
1.6679924430e+1    6.3941700e-23
1.6693529590e+1    6.6505196e-23
1.6707134750e+1    7.1166194e-23
1.6720739910e+1    6.7181702e-23
1.6734345070e+1    6.9455506e-23
1.6747950230e+1    6.9794493e-23
1.6761555380e+1    7.2422723e-23
1.6775160540e+1    7.1522166e-23
1.6788765700e+1    6.7509002e-23
1.6802370860e+1    6.3088991e-23
1.6815976020e+1    6.4724950e-23
1.6829581180e+1    6.3690887e-23
1.6843186340e+1    6.4322751e-23
1.6856791500e+1    6.5289625e-23
1.6870396650e+1    6.5203596e-23
1.6884001810e+1    6.4561391e-23
1.6897606970e+1    6.3959866e-23
1.6911212130e+1    6.2563179e-23
1.6924817290e+1    6.0274593e-23
1.6938422450e+1    5.9484235e-23
1.6952027610e+1    5.9301526e-23
1.6965632760e+1    5.9249601e-23
1.6979237920e+1    6.2880023e-23
1.6992843080e+1    5.9970999e-23
1.7006448240e+1    6.0821499e-23
1.7020053400e+1    6.0032085e-23
1.7033658560e+1    5.9759114e-23
1.7047263720e+1    5.9998173e-23
1.7060868870e+1    6.2598025e-23
1.7074474030e+1    6.1324733e-23
1.7088079190e+1    5.8453874e-23
1.7101684350e+1    6.0071546e-23
1.7115289510e+1    6.0747555e-23
1.7128894670e+1    5.9752596e-23
1.7142499830e+1    5.8403556e-23
1.7156104980e+1    5.7226753e-23
1.7169710140e+1    5.6403191e-23
1.7183315300e+1    5.7798642e-23
1.7196920460e+1    5.7495129e-23
1.7210525620e+1    5.6924297e-23
1.7224130780e+1    5.5630935e-23
1.7237735940e+1    5.3889580e-23
1.7251341090e+1    5.5582467e-23
1.7264946250e+1    5.5540207e-23
1.7278551410e+1    5.7563424e-23
1.7292156570e+1    5.3789023e-23
1.7305761730e+1    5.4046550e-23
1.7319366890e+1    5.3698850e-23
1.7332972050e+1    5.2389028e-23
1.7346577200e+1    5.1564851e-23
1.7360182360e+1    5.3579224e-23
1.7373787520e+1    5.0886920e-23
1.7387392680e+1    4.5904194e-23
1.7400997840e+1    4.6041061e-23
1.7414603000e+1    4.5889727e-23
1.7428208160e+1    4.4460060e-23
1.7441813310e+1    4.5057342e-23
1.7455418470e+1    4.6236902e-23
1.7469023630e+1    4.5590170e-23
1.7482628790e+1    4.6875021e-23
1.7496233950e+1    4.7474893e-23
1.7509839110e+1    4.6090983e-23
1.7523444270e+1    4.9347812e-23
1.7537049420e+1    4.9113818e-23
1.7550654580e+1    4.7119417e-23
1.7564259740e+1    4.8186608e-23
1.7577864900e+1    4.6407399e-23
1.7591470060e+1    4.4803850e-23
1.7605075220e+1    4.4303600e-23
1.7618680380e+1    4.4775795e-23
1.7632285530e+1    4.3607946e-23
1.7645890690e+1    4.3386380e-23
1.7659495850e+1    4.4316398e-23
1.7673101010e+1    4.3132423e-23
1.7686706170e+1    4.2591853e-23
1.7700311330e+1    4.3893818e-23
1.7713916490e+1    4.3343192e-23
1.7727521640e+1    4.4397663e-23
1.7741126800e+1    4.4735300e-23
1.7754731960e+1    4.3594432e-23
1.7768337120e+1    4.3888230e-23
1.7781942280e+1    4.2337322e-23
1.7795547440e+1    4.2652206e-23
1.7809152600e+1    4.3312248e-23
1.7822757760e+1    4.3003399e-23
1.7836362910e+1    4.2177958e-23
1.7849968070e+1    4.2494183e-23
1.7863573230e+1    4.2860643e-23
1.7877178390e+1    4.3391944e-23
1.7890783550e+1    4.5956610e-23
1.7904388710e+1    4.2550056e-23
1.7917993870e+1    4.3717620e-23
1.7931599020e+1    4.3899264e-23
1.7945204180e+1    4.6127847e-23
1.7958809340e+1    4.6218777e-23
1.7972414500e+1    4.6491642e-23
1.7986019660e+1    4.5018528e-23
1.7999624820e+1    4.4329175e-23
1.8013229980e+1    4.6390018e-23
1.8026835130e+1    4.4926977e-23
1.8040440290e+1    4.6476088e-23
1.8054045450e+1    4.5267010e-23
1.8067650610e+1    4.7298422e-23
1.8081255770e+1    4.6301880e-23
1.8094860930e+1    4.6133724e-23
1.8108466090e+1    4.8243481e-23
1.8122071240e+1    4.9036708e-23
1.8135676400e+1    4.8492922e-23
1.8149281560e+1    5.0548884e-23
1.8162886720e+1    5.1335021e-23
1.8176491880e+1    5.1654749e-23
1.8190097040e+1    5.3564817e-23
1.8203702200e+1    5.2735532e-23
1.8217307350e+1    5.4784858e-23
1.8230912510e+1    5.6623632e-23
1.8244517670e+1    5.3828863e-23
1.8258122830e+1    5.5337491e-23
1.8271727990e+1    5.5393736e-23
1.8285333150e+1    5.5232789e-23
1.8298938310e+1    5.5681048e-23
1.8312543460e+1    5.7548783e-23
1.8326148620e+1    5.5469737e-23
1.8339753780e+1    5.4818611e-23
1.8353358940e+1    5.3985205e-23
1.8366964100e+1    5.4411787e-23
1.8380569260e+1    5.2994816e-23
1.8394174420e+1    5.3439406e-23
1.8407779570e+1    5.3788406e-23
1.8421384730e+1    5.3459270e-23
1.8434989890e+1    5.4090073e-23
1.8448595050e+1    5.3172263e-23
1.8462200210e+1    5.2548796e-23
1.8475805370e+1    5.3467077e-23
1.8489410530e+1    5.3303460e-23
1.8503015680e+1    5.3514148e-23
1.8516620840e+1    5.2748423e-23
1.8530226000e+1    5.5714597e-23
1.8543831160e+1    5.4206738e-23
1.8557436320e+1    5.5123294e-23
1.8571041480e+1    5.5292213e-23
1.8584646640e+1    5.5583850e-23
1.8598251790e+1    5.3781151e-23
1.8611856950e+1    5.4959956e-23
1.8625462110e+1    5.5768373e-23
1.8639067270e+1    5.5053364e-23
1.8652672430e+1    5.4859143e-23
1.8666277590e+1    5.5454443e-23
1.8679882750e+1    5.5966784e-23
1.8693487900e+1    5.6297787e-23
1.8707093060e+1    1.9218412e-22
1.8720698220e+1    5.2324522e-23
1.8734303380e+1    5.0516723e-23
1.8747908540e+1    5.1564730e-23
1.8761513700e+1    5.1169010e-23
1.8775118860e+1    4.7901710e-23
1.8788724020e+1    4.4094596e-23
1.8802329170e+1    4.5438522e-23
1.8815934330e+1    4.5142719e-23
1.8829539490e+1    4.3484962e-23
1.8843144650e+1    4.2525273e-23
1.8856749810e+1    4.2268298e-23
1.8870354970e+1    4.1954217e-23
1.8883960130e+1    4.2100851e-23
1.8897565280e+1    4.1177248e-23
1.8911170440e+1    4.0375212e-23
1.8924775600e+1    4.1097776e-23
1.8938380760e+1    3.9043254e-23
1.8951985920e+1    3.9355731e-23
1.8965591080e+1    3.9884444e-23
1.8979196240e+1    3.6993303e-23
1.8992801390e+1    3.9261711e-23
1.9006406550e+1    3.7854508e-23
1.9020011710e+1    3.8286064e-23
1.9033616870e+1    3.8001554e-23
1.9047222030e+1    3.7837385e-23
1.9060827190e+1    3.7407447e-23
1.9074432350e+1    3.6751600e-23
1.9088037500e+1    3.6118527e-23
1.9101642660e+1    3.5969713e-23
1.9115247820e+1    3.5219948e-23
1.9128852980e+1    3.5585373e-23
1.9142458140e+1    3.3917617e-23
1.9156063300e+1    3.4355758e-23
1.9169668460e+1    3.3768908e-23
1.9183273610e+1    3.3538861e-23
1.9196878770e+1    3.3078386e-23
1.9210483930e+1    3.3735804e-23
1.9224089090e+1    3.2329102e-23
1.9237694250e+1    3.2723239e-23
1.9251299410e+1    3.2332200e-23
1.9264904570e+1    3.2434220e-23
1.9278509720e+1    3.1895589e-23
1.9292114880e+1    3.2507209e-23
1.9305720040e+1    3.2008905e-23
1.9319325200e+1    3.1145422e-23
1.9332930360e+1    3.2634814e-23
1.9346535520e+1    3.1895711e-23
1.9360140680e+1    3.2974716e-23
1.9373745830e+1    3.2100098e-23
1.9387350990e+1    3.2284142e-23
1.9400956150e+1    3.2881937e-23
1.9414561310e+1    4.3568022e-23
1.9428166470e+1    3.1327262e-23
1.9441771630e+1    3.3180093e-23
1.9455376790e+1    3.2264959e-23
1.9468981940e+1    3.1008942e-23
1.9482587100e+1    3.3167327e-23
1.9496192260e+1    3.2021145e-23
1.9509797420e+1    3.2075148e-23
1.9523402580e+1    3.1559301e-23
1.9537007740e+1    3.1737173e-23
1.9550612900e+1    3.1532191e-23
1.9564218050e+1    3.0685203e-23
1.9577823210e+1    3.2446952e-23
1.9591428370e+1    3.1324283e-23
1.9999583130e+1    3.9206237e-23
2.4999478910e+1    2.3307046e-23
2.9999374690e+1    1.9933665e-23
3.4999270480e+1    1.4342280e-23
3.9999166260e+1    1.1643378e-23
4.4999062040e+1    9.4342598e-24
4.9998957820e+1    7.8774723e-24
5.4998853610e+1    6.8229379e-24
5.9998749390e+1    5.7868077e-24
6.4998645170e+1    4.9554985e-24
6.9998540950e+1    4.2126037e-24
7.4998436740e+1    3.5386816e-24
7.9998332520e+1    3.0465013e-24
8.4998228300e+1    2.6949667e-24
8.9998124080e+1    2.2595586e-24
9.4998019870e+1    1.9589125e-24
9.9997915650e+1    1.7077367e-24
1.0499781143e+2    1.4959024e-24
1.0999770721e+2    1.3090147e-24
1.1499760300e+2    1.1650568e-24
1.1999749878e+2    1.0352332e-24
1.2499739456e+2    9.2311899e-25
1.2999729034e+2    8.2571358e-25
1.3499718613e+2    7.4207511e-25
-----------------------------

