EXCITATION
N(2p2_3P_3d_2Pe) -> N(2p2_3P_4p_4Po)
 1.326800e+1
SPECIES: e / N(2p2_3P_3d_2Pe)
PROCESS: E + N(2p2_3P_3d_2Pe) -> E + N(2p2_3P_4p_4Po), Excitation
PARAM.:  E = 13.268 eV
UPDATED: 2019-01-30 20:10:48
COLUMNS: Energy (eV) | Cross section (m2)
-----------------------------
1.3267779230e+1    0.0000000e+7
1.3278634790e+1    1.4516936e-20
1.3305845100e+1    3.8670369e-20
1.3319450260e+1    4.1257282e-20
1.3333055420e+1    5.4255516e-20
1.3346660580e+1    4.7215861e-20
1.3360265740e+1    3.2289356e-20
1.3373870900e+1    3.1928725e-20
1.3387476050e+1    3.2822100e-20
1.3401081210e+1    3.4392819e-20
1.3414686370e+1    3.7705748e-20
1.3428291530e+1    3.9012379e-20
1.3441896690e+1    4.2319133e-20
1.3455501850e+1    3.4414472e-20
1.3469107010e+1    3.7149030e-20
1.3482712160e+1    3.6265230e-20
1.3496317320e+1    3.6953144e-20
1.3509922480e+1    3.7608296e-20
1.3523527640e+1    3.9757385e-20
1.3537132800e+1    3.5218378e-20
1.3550737960e+1    3.6863794e-20
1.3564343120e+1    3.6763865e-20
1.3577948270e+1    3.2204207e-20
1.3591553430e+1    3.2109245e-20
1.3605158590e+1    2.4983248e-20
1.3618763750e+1    3.0921410e-20
1.3632368910e+1    3.4191175e-20
1.3645974070e+1    3.8570981e-20
1.3659579230e+1    3.7686689e-20
1.3673184380e+1    4.4180681e-20
1.3700394700e+1    3.3986124e-20
1.3713999860e+1    3.6068657e-20
1.3754815340e+1    4.3669918e-20
1.3768420490e+1    4.5756534e-20
1.3782025650e+1    5.7178127e-20
1.3795630810e+1    4.5826361e-20
1.3809235970e+1    3.8176635e-20
1.3822841130e+1    3.2472963e-20
1.3836446290e+1    3.0412446e-20
1.3850051450e+1    2.5880740e-20
1.3863656600e+1    2.6638169e-20
1.3877261760e+1    2.5732965e-20
1.3890866920e+1    3.1566130e-20
1.3904472080e+1    2.9236259e-20
1.3918077240e+1    2.1582367e-20
1.3931682400e+1    2.2981058e-20
1.3945287560e+1    2.4995501e-20
1.3958892720e+1    2.7702497e-20
1.3972497870e+1    2.4074365e-20
1.3986103030e+1    2.3798013e-20
1.3999708190e+1    2.4096123e-20
1.4013313350e+1    2.4300031e-20
1.4026918510e+1    2.6592060e-20
1.4040523670e+1    2.4272633e-20
1.4054128830e+1    2.3495475e-20
1.4067733980e+1    2.2787855e-20
1.4081339140e+1    2.1645902e-20
1.4094944300e+1    2.1836793e-20
1.4108549460e+1    2.2893399e-20
1.4122154620e+1    1.9570307e-20
1.4135759780e+1    1.7845358e-20
1.4149364940e+1    1.8291701e-20
1.4162970090e+1    1.8985190e-20
1.4176575250e+1    1.8498014e-20
1.4190180410e+1    1.8059479e-20
1.4203785570e+1    1.9556333e-20
1.4217390730e+1    1.8339698e-20
1.4230995890e+1    1.9149657e-20
1.4244601050e+1    1.9353543e-20
1.4258206200e+1    1.9650660e-20
1.4271811360e+1    1.9508132e-20
1.4285416520e+1    1.9545523e-20
1.4299021680e+1    1.8430352e-20
1.4312626840e+1    1.7807572e-20
1.4326232000e+1    1.7443981e-20
1.4339837160e+1    1.7708371e-20
1.4353442310e+1    1.7863721e-20
1.4367047470e+1    1.9196254e-20
1.4380652630e+1    1.9385734e-20
1.4394257790e+1    1.8349156e-20
1.4407862950e+1    1.8109167e-20
1.4421468110e+1    1.8693571e-20
1.4435073270e+1    1.7853850e-20
1.4448678420e+1    1.6588640e-20
1.4462283580e+1    1.4727000e-20
1.4475888740e+1    1.4226486e-20
1.4489493900e+1    1.3960830e-20
1.4503099060e+1    1.3782531e-20
1.4516704220e+1    1.3415120e-20
1.4530309380e+1    1.1586720e-20
1.4543914530e+1    1.0021607e-20
1.4557519690e+1    1.0863157e-20
1.4571124850e+1    1.1215247e-20
1.4584730010e+1    1.1065832e-20
1.4598335170e+1    1.0744668e-20
1.4611940330e+1    1.1671914e-20
1.4625545490e+1    1.2168504e-20
1.4639150640e+1    1.1191878e-20
1.4652755800e+1    1.1263876e-20
1.4666360960e+1    1.1412428e-20
1.4679966120e+1    1.1697869e-20
1.4693571280e+1    1.1683817e-20
1.4707176440e+1    1.1128552e-20
1.4720781600e+1    1.1133964e-20
1.4734386750e+1    1.0911728e-20
1.4747991910e+1    1.1309476e-20
1.4761597070e+1    1.1010381e-20
1.4775202230e+1    1.1342715e-20
1.4788807390e+1    1.0475655e-20
1.4802412550e+1    1.0792953e-20
1.4816017710e+1    1.0473608e-20
1.4829622860e+1    1.0004439e-20
1.4843228020e+1    1.0110963e-20
1.4856833180e+1    9.2477450e-21
1.4870438340e+1    9.6818562e-21
1.4884043500e+1    1.0266408e-20
1.4897648660e+1    1.0155044e-20
1.4911253820e+1    1.0666243e-20
1.4924858980e+1    1.0494915e-20
1.4938464130e+1    1.0045718e-20
1.4952069290e+1    1.0019301e-20
1.4965674450e+1    9.8330128e-21
1.4979279610e+1    9.2311081e-21
1.4992884770e+1    8.8506127e-21
1.5006489930e+1    8.5672869e-21
1.5020095090e+1    8.1675190e-21
1.5033700240e+1    8.7172969e-21
1.5047305400e+1    9.2853083e-21
1.5060910560e+1    8.6277638e-21
1.5074515720e+1    8.2446346e-21
1.5088120880e+1    7.9669919e-21
1.5101726040e+1    7.6502644e-21
1.5115331200e+1    7.6536030e-21
1.5128936350e+1    7.3386097e-21
1.5142541510e+1    6.9247039e-21
1.5156146670e+1    6.7337018e-21
1.5169751830e+1    6.6080357e-21
1.5183356990e+1    6.5433904e-21
1.5196962150e+1    6.5886626e-21
1.5210567310e+1    6.3176536e-21
1.5224172460e+1    6.3023364e-21
1.5237777620e+1    6.0989121e-21
1.5251382780e+1    6.1799010e-21
1.5264987940e+1    6.5929755e-21
1.5278593100e+1    6.2410820e-21
1.5292198260e+1    6.1220038e-21
1.5305803420e+1    6.0983513e-21
1.5319408570e+1    5.9115974e-21
1.5333013730e+1    5.8868110e-21
1.5346618890e+1    6.1483342e-21
1.5360224050e+1    5.8936428e-21
1.5373829210e+1    5.5491570e-21
1.5387434370e+1    5.4293227e-21
1.5401039530e+1    5.2070177e-21
1.5414644680e+1    5.2112866e-21
1.5428249840e+1    4.8823685e-21
1.5441855000e+1    4.7279331e-21
1.5455460160e+1    4.4452483e-21
1.5469065320e+1    4.6893613e-21
1.5482670480e+1    4.4227819e-21
1.5509880790e+1    4.4169255e-21
1.5523485950e+1    4.1271151e-21
1.5537091110e+1    4.2313621e-21
1.5550696270e+1    3.9905969e-21
1.5564301430e+1    4.0619004e-21
1.5577906590e+1    4.0945315e-21
1.5591511750e+1    4.0472051e-21
1.5605116900e+1    4.0720177e-21
1.5618722060e+1    4.2726857e-21
1.5632327220e+1    4.4052505e-21
1.5645932380e+1    4.2221942e-21
1.5659537540e+1    4.5187126e-21
1.5673142700e+1    4.2260542e-21
1.5686747860e+1    4.2096638e-21
1.5700353010e+1    4.1619842e-21
1.5713958170e+1    4.1152130e-21
1.5727563330e+1    4.0218316e-21
1.5741168490e+1    3.8615687e-21
1.5754773650e+1    3.9494665e-21
1.5768378810e+1    3.8304399e-21
1.5781983970e+1    3.9528126e-21
1.5795589120e+1    3.7379777e-21
1.5809194280e+1    3.7094058e-21
1.5822799440e+1    3.6416409e-21
1.5836404600e+1    3.5138977e-21
1.5850009760e+1    3.4223504e-21
1.5863614920e+1    3.3026870e-21
1.5877220080e+1    3.3426577e-21
1.5890825240e+1    3.1202264e-21
1.5904430390e+1    3.2574870e-21
1.5918035550e+1    3.5034867e-21
1.5931640710e+1    3.1653379e-21
1.5945245870e+1    3.1420643e-21
1.5958851030e+1    3.2509079e-21
1.5972456190e+1    3.1009567e-21
1.5986061350e+1    2.8940139e-21
1.5999666500e+1    3.0507734e-21
1.6013271660e+1    2.8184191e-21
1.6026876820e+1    2.7338930e-21
1.6040481980e+1    2.7509694e-21
1.6054087140e+1    2.7851507e-21
1.6067692300e+1    2.6749581e-21
1.6081297460e+1    2.6584031e-21
1.6094902610e+1    2.5655107e-21
1.6108507770e+1    2.4897495e-21
1.6122112930e+1    2.4287146e-21
1.6135718090e+1    2.4023870e-21
1.6149323250e+1    2.4085996e-21
1.6162928410e+1    2.4775481e-21
1.6176533570e+1    2.3056488e-21
1.6190138720e+1    2.3629163e-21
1.6203743880e+1    2.4014770e-21
1.6217349040e+1    2.3239593e-21
1.6230954200e+1    2.1910097e-21
1.6244559360e+1    2.1695845e-21
1.6258164520e+1    2.1922162e-21
1.6271769680e+1    2.0265994e-21
1.6285374830e+1    2.0215251e-21
1.6298979990e+1    2.1155784e-21
1.6312585150e+1    1.9983187e-21
1.6326190310e+1    2.1135127e-21
1.6339795470e+1    2.0969711e-21
1.6353400630e+1    2.4121497e-21
1.6367005790e+1    2.2808643e-21
1.6394216100e+1    2.1957998e-21
1.6407821260e+1    2.2261990e-21
1.6421426420e+1    2.2821054e-21
1.6435031580e+1    2.2870495e-21
1.6448636740e+1    2.3013735e-21
1.6462241900e+1    2.3118447e-21
1.6475847050e+1    2.2002969e-21
1.6489452210e+1    2.1618645e-21
1.6503057370e+1    2.0616459e-21
1.6516662530e+1    2.0429830e-21
1.6530267690e+1    2.1750905e-21
1.6543872850e+1    2.1973452e-21
1.6557478010e+1    2.2467994e-21
1.6571083160e+1    2.2787920e-21
1.6584688320e+1    2.2686307e-21
1.6598293480e+1    2.3404633e-21
1.6611898640e+1    2.3138220e-21
1.6625503800e+1    2.4081394e-21
1.6639108960e+1    2.5800369e-21
1.6652714120e+1    2.7206160e-21
1.6679924430e+1    2.3097755e-21
1.6693529590e+1    2.1949388e-21
1.6707134750e+1    2.1086057e-21
1.6720739910e+1    1.8822948e-21
1.6734345070e+1    2.0268758e-21
1.6747950230e+1    1.8909895e-21
1.6761555380e+1    1.7464406e-21
1.6775160540e+1    1.7638798e-21
1.6788765700e+1    1.6885867e-21
1.6802370860e+1    1.7586522e-21
1.6815976020e+1    1.7361035e-21
1.6829581180e+1    1.6918565e-21
1.6843186340e+1    1.5557001e-21
1.6856791500e+1    1.5933569e-21
1.6870396650e+1    1.5753370e-21
1.6884001810e+1    1.5561078e-21
1.6897606970e+1    1.4820904e-21
1.6911212130e+1    1.5190107e-21
1.6924817290e+1    1.4301139e-21
1.6938422450e+1    1.4046126e-21
1.6952027610e+1    1.4063981e-21
1.6965632760e+1    1.3996953e-21
1.6979237920e+1    1.4020461e-21
1.6992843080e+1    1.5982207e-21
1.7006448240e+1    1.2938856e-21
1.7020053400e+1    1.3100185e-21
1.7033658560e+1    1.3209121e-21
1.7047263720e+1    1.3596054e-21
1.7060868870e+1    1.3134183e-21
1.7074474030e+1    1.2907710e-21
1.7088079190e+1    1.3205446e-21
1.7101684350e+1    1.3223225e-21
1.7115289510e+1    1.2249379e-21
1.7128894670e+1    1.2434783e-21
1.7142499830e+1    1.2705812e-21
1.7156104980e+1    1.2101159e-21
1.7169710140e+1    1.2459925e-21
1.7183315300e+1    1.0510764e-21
1.7196920460e+1    1.1246957e-21
1.7210525620e+1    1.0854023e-21
1.7224130780e+1    1.0768545e-21
1.7237735940e+1    1.1304219e-21
1.7251341090e+1    1.1580391e-21
1.7264946250e+1    1.0421134e-21
1.7278551410e+1    1.0491432e-21
1.7292156570e+1    1.1153161e-21
1.7305761730e+1    1.0201515e-21
1.7319366890e+1    1.0809701e-21
1.7332972050e+1    1.1177549e-21
1.7346577200e+1    9.9557542e-22
1.7360182360e+1    1.0455263e-21
1.7373787520e+1    1.0459094e-21
1.7387392680e+1    9.6644200e-22
1.7400997840e+1    1.0985402e-21
1.7414603000e+1    1.0230486e-21
1.7428208160e+1    1.0625306e-21
1.7441813310e+1    1.1018738e-21
1.7455418470e+1    9.7852950e-22
1.7469023630e+1    8.3995746e-22
1.7482628790e+1    8.3620571e-22
1.7496233950e+1    9.0911095e-22
1.7509839110e+1    9.0854055e-22
1.7523444270e+1    9.5372118e-22
1.7537049420e+1    1.0477608e-21
1.7550654580e+1    9.6631795e-22
1.7564259740e+1    9.0971545e-22
1.7577864900e+1    9.0943520e-22
1.7591470060e+1    9.6379826e-22
1.7605075220e+1    9.8205213e-22
1.7618680380e+1    1.0745381e-21
1.7632285530e+1    9.8509181e-22
1.7645890690e+1    9.8505972e-22
1.7659495850e+1    9.5033611e-22
1.7673101010e+1    1.0256691e-21
1.7686706170e+1    9.2131012e-22
1.7700311330e+1    9.3857409e-22
1.7713916490e+1    8.6980204e-22
1.7727521640e+1    9.1716310e-22
1.7741126800e+1    8.9975088e-22
1.7754731960e+1    8.7778686e-22
1.7768337120e+1    9.0838713e-22
1.7781942280e+1    9.1391866e-22
1.7795547440e+1    9.3722991e-22
1.7809152600e+1    9.2307787e-22
1.7822757760e+1    8.7644040e-22
1.7836362910e+1    8.7894447e-22
1.7849968070e+1    9.1388579e-22
1.7863573230e+1    9.0263671e-22
1.7877178390e+1    9.2168943e-22
1.7890783550e+1    9.9359880e-22
1.7904388710e+1    9.5979682e-22
1.7917993870e+1    9.8769042e-22
1.7931599020e+1    9.7180371e-22
1.7945204180e+1    9.3987415e-22
1.7958809340e+1    9.5091553e-22
1.7972414500e+1    8.8913112e-22
1.7986019660e+1    9.0222407e-22
1.7999624820e+1    8.8603225e-22
1.8013229980e+1    8.8232869e-22
1.8026835130e+1    8.0102270e-22
1.8040440290e+1    8.3241748e-22
1.8054045450e+1    8.8731611e-22
1.8067650610e+1    8.5470525e-22
1.8081255770e+1    8.3384597e-22
1.8094860930e+1    8.4640700e-22
1.8108466090e+1    8.6132842e-22
1.8122071240e+1    8.3038056e-22
1.8135676400e+1    8.6927778e-22
1.8149281560e+1    8.4317234e-22
1.8162886720e+1    8.4537338e-22
1.8176491880e+1    8.7067054e-22
1.8190097040e+1    8.9039426e-22
1.8203702200e+1    8.8795606e-22
1.8217307350e+1    8.7036969e-22
1.8230912510e+1    8.7468374e-22
1.8244517670e+1    9.0689943e-22
1.8258122830e+1    9.1608149e-22
1.8271727990e+1    9.1195534e-22
1.8285333150e+1    9.3610086e-22
1.8298938310e+1    9.4427490e-22
1.8312543460e+1    9.1629583e-22
1.8326148620e+1    9.1864861e-22
1.8339753780e+1    9.0147624e-22
1.8353358940e+1    9.5399375e-22
1.8366964100e+1    8.8327421e-22
1.8380569260e+1    8.6933386e-22
1.8394174420e+1    8.4001618e-22
1.8407779570e+1    7.3925835e-22
1.8421384730e+1    7.7854883e-22
1.8434989890e+1    7.5448424e-22
1.8448595050e+1    7.2937642e-22
1.8462200210e+1    7.5278694e-22
1.8475805370e+1    7.3128515e-22
1.8489410530e+1    7.1801836e-22
1.8503015680e+1    7.3784292e-22
1.8516620840e+1    7.3602976e-22
1.8530226000e+1    7.5550587e-22
1.8543831160e+1    6.6896254e-22
1.8557436320e+1    6.6794603e-22
1.8571041480e+1    6.8375749e-22
1.8584646640e+1    6.5746858e-22
1.8598251790e+1    6.6724825e-22
1.8611856950e+1    6.1107238e-22
1.8625462110e+1    6.1988484e-22
1.8639067270e+1    6.1254474e-22
1.8652672430e+1    5.7158012e-22
1.8666277590e+1    6.3904198e-22
1.8679882750e+1    5.8804687e-22
1.8693487900e+1    5.8800893e-22
1.8707093060e+1    7.2616393e-21
1.8720698220e+1    5.5877699e-22
1.8734303380e+1    5.4264413e-22
1.8747908540e+1    5.1080679e-22
1.8761513700e+1    5.4140406e-22
1.8775118860e+1    5.6756914e-22
1.8788724020e+1    5.8436132e-22
1.8802329170e+1    5.1684494e-22
1.8815934330e+1    1.0533087e-21
1.8829539490e+1    4.7403389e-22
1.8843144650e+1    4.9811721e-22
1.8856749810e+1    4.7381538e-22
1.8870354970e+1    4.6963220e-22
1.8883960130e+1    4.1708581e-22
1.8897565280e+1    4.6216260e-22
1.8911170440e+1    4.4543098e-22
1.8924775600e+1    4.8277567e-22
1.8938380760e+1    4.5081929e-22
1.8951985920e+1    4.2083583e-22
1.8965591080e+1    3.9657714e-22
1.8979196240e+1    3.8419707e-22
1.8992801390e+1    4.0051733e-22
1.9006406550e+1    4.0171874e-22
1.9020011710e+1    3.9255199e-22
1.9033616870e+1    3.7074793e-22
1.9047222030e+1    4.0689589e-22
1.9060827190e+1    3.8795907e-22
1.9074432350e+1    3.6128263e-22
1.9088037500e+1    4.1245755e-22
1.9101642660e+1    3.8403858e-22
1.9115247820e+1    3.7204448e-22
1.9128852980e+1    3.7620281e-22
1.9142458140e+1    3.7645529e-22
1.9156063300e+1    3.8366012e-22
1.9169668460e+1    3.7794506e-22
1.9183273610e+1    3.5982247e-22
1.9196878770e+1    3.5544211e-22
1.9210483930e+1    3.5030466e-22
1.9224089090e+1    3.4262222e-22
1.9237694250e+1    3.6692398e-22
1.9251299410e+1    3.5234694e-22
1.9264904570e+1    3.6343487e-22
1.9278509720e+1    3.7125378e-22
1.9292114880e+1    3.6558912e-22
1.9305720040e+1    3.6324013e-22
1.9319325200e+1    3.6180651e-22
1.9332930360e+1    3.5922747e-22
1.9346535520e+1    3.8469351e-22
1.9360140680e+1    3.8627107e-22
1.9373745830e+1    3.8032822e-22
1.9387350990e+1    3.9943474e-22
1.9400956150e+1    4.0959236e-22
1.9414561310e+1    5.1126731e-21
1.9428166470e+1    3.9355243e-22
1.9441771630e+1    3.8782486e-22
1.9455376790e+1    4.0745040e-22
1.9468981940e+1    3.9081857e-22
1.9482587100e+1    4.2158662e-22
1.9496192260e+1    4.2041934e-22
1.9509797420e+1    4.2453619e-22
1.9523402580e+1    2.4574330e-21
1.9537007740e+1    4.3245514e-22
1.9550612900e+1    4.3023957e-22
1.9564218050e+1    4.5437903e-22
1.9577823210e+1    4.3466879e-22
1.9591428370e+1    4.2896403e-22
1.9999583130e+1    2.7139390e-21
2.4999478910e+1    6.4893023e-23
2.9999374690e+1    3.1617720e-23
3.4999270480e+1    1.7744826e-23
3.9999166260e+1    1.3287603e-23
4.4999062040e+1    9.8215484e-24
4.9998957820e+1    7.1037804e-24
5.4998853610e+1    5.2952041e-24
5.9998749390e+1    3.9383170e-24
6.4998645170e+1    2.8141238e-24
6.9998540950e+1    2.0861997e-24
7.4998436740e+1    1.5220488e-24
7.9998332520e+1    1.1765918e-24
8.4998228300e+1    8.5225511e-25
8.9998124080e+1    7.2598034e-25
9.4998019870e+1    5.3416313e-25
9.9997915650e+1    4.2049298e-25
1.0499781143e+2    3.3465255e-25
1.0999770721e+2    2.6857141e-25
1.1499760300e+2    2.1663573e-25
1.1999749878e+2    1.7524463e-25
1.2499739456e+2    1.4440504e-25
1.2999729034e+2    1.1877775e-25
1.3499718613e+2    9.8991076e-26
-----------------------------

