EXCITATION
N(2p2_3P_3p_2Do) -> N(2p2_3P_3p_2Po)
 1.214500e+1
SPECIES: e / N(2p2_3P_3p_2Do)
PROCESS: E + N(2p2_3P_3p_2Do) -> E + N(2p2_3P_3p_2Po), Excitation
PARAM.:  E = 12.145 eV
UPDATED: 2019-01-30 20:10:47
COLUMNS: Energy (eV) | Cross section (m2)
-----------------------------
1.2145261950e+1    0.0000000e+7
1.2149406620e+1    7.5484311e-20
1.2163011780e+1    6.5164678e-20
1.2176616940e+1    7.3306459e-20
1.2190222100e+1    8.1783211e-20
1.2203827260e+1    9.1553570e-20
1.2217432420e+1    1.7116500e-19
1.2231037570e+1    1.7042697e-19
1.2244642730e+1    1.9246990e-19
1.2258247890e+1    1.9850765e-19
1.2271853050e+1    2.0597204e-19
1.2285458210e+1    2.1403349e-19
1.2299063370e+1    2.2225567e-19
1.2312668530e+1    2.3050755e-19
1.2326273680e+1    2.3919027e-19
1.2339878840e+1    2.6888321e-19
1.2353484000e+1    3.2321655e-19
1.2367089160e+1    2.6665934e-19
1.2380694320e+1    2.5143257e-19
1.2394299480e+1    2.4914736e-19
1.2407904640e+1    2.4811539e-19
1.2421509790e+1    2.4755972e-19
1.2435114950e+1    2.4674592e-19
1.2448720110e+1    2.5376069e-19
1.2462325270e+1    2.5241097e-19
1.2475930430e+1    2.5116399e-19
1.2489535590e+1    2.5914187e-19
1.2503140750e+1    2.5625922e-19
1.2516745900e+1    2.5339904e-19
1.2530351060e+1    2.5058027e-19
1.2543956220e+1    2.4781886e-19
1.2557561380e+1    2.4504229e-19
1.2571166540e+1    2.4241229e-19
1.2584771700e+1    2.3986042e-19
1.2598376860e+1    2.3739086e-19
1.2611982010e+1    2.3549975e-19
1.2625587170e+1    2.3312817e-19
1.2639192330e+1    2.3090851e-19
1.2652797490e+1    2.2879430e-19
1.2666402650e+1    2.3148636e-19
1.2680007810e+1    2.2748904e-19
1.2693612970e+1    2.2190450e-19
1.2707218120e+1    2.1989840e-19
1.2720823280e+1    2.1796480e-19
1.2734428440e+1    2.1581021e-19
1.2748033600e+1    2.1356637e-19
1.2761638760e+1    2.1131948e-19
1.2775243920e+1    2.0916030e-19
1.2788849080e+1    2.0874974e-19
1.2802454230e+1    2.0733990e-19
1.2816059390e+1    2.0747529e-19
1.2829664550e+1    2.1463611e-19
1.2843269710e+1    2.1614711e-19
1.2856874870e+1    2.2385386e-19
1.2870480030e+1    2.4498890e-19
1.2884085190e+1    2.7508805e-19
1.2897690340e+1    3.0034650e-19
1.2911295500e+1    2.9584145e-19
1.2924900660e+1    2.9325490e-19
1.2938505820e+1    2.7576112e-19
1.2952110980e+1    2.6296008e-19
1.2965716140e+1    2.5568386e-19
1.2979321300e+1    2.4638406e-19
1.2992926460e+1    2.2819722e-19
1.3006531610e+1    2.1745063e-19
1.3020136770e+1    2.0415553e-19
1.3033741930e+1    1.9513405e-19
1.3047347090e+1    1.6969920e-19
1.3060952250e+1    1.3976149e-19
1.3074557410e+1    1.2296253e-19
1.3088162570e+1    1.1220950e-19
1.3101767720e+1    1.1499196e-19
1.3115372880e+1    1.1314953e-19
1.3128978040e+1    1.1167431e-19
1.3142583200e+1    1.1037562e-19
1.3156188360e+1    1.0717671e-19
1.3169793520e+1    1.0653101e-19
1.3183398680e+1    1.0559329e-19
1.3197003830e+1    1.0490161e-19
1.3210608990e+1    1.0312705e-19
1.3224214150e+1    1.0407932e-19
1.3237819310e+1    1.0208583e-19
1.3251424470e+1    1.0116976e-19
1.3265029630e+1    1.0021585e-19
1.3278634790e+1    9.9753496e-20
1.3305845100e+1    1.0466346e-19
1.3319450260e+1    1.0428921e-19
1.3333055420e+1    1.0299651e-19
1.3346660580e+1    1.0104697e-19
1.3360265740e+1    1.0162334e-19
1.3373870900e+1    1.0109010e-19
1.3387476050e+1    9.9854135e-20
1.3401081210e+1    9.8011037e-20
1.3414686370e+1    9.7377003e-20
1.3428291530e+1    9.5412442e-20
1.3441896690e+1    9.5673857e-20
1.3455501850e+1    9.5306138e-20
1.3469107010e+1    9.4070722e-20
1.3482712160e+1    9.2688881e-20
1.3496317320e+1    9.0955320e-20
1.3509922480e+1    9.0951852e-20
1.3523527640e+1    9.1950048e-20
1.3537132800e+1    8.7371642e-20
1.3550737960e+1    8.6719695e-20
1.3564343120e+1    8.6328277e-20
1.3577948270e+1    8.5457959e-20
1.3591553430e+1    8.4375716e-20
1.3605158590e+1    8.1916606e-20
1.3618763750e+1    8.2269241e-20
1.3632368910e+1    8.2680014e-20
1.3645974070e+1    8.2622629e-20
1.3659579230e+1    8.1837529e-20
1.3673184380e+1    8.3369135e-20
1.3700394700e+1    7.7991213e-20
1.3713999860e+1    7.4845284e-20
1.3754815340e+1    8.4458629e-20
1.3768420490e+1    8.7310847e-20
1.3782025650e+1    8.7060145e-20
1.3795630810e+1    8.7989492e-20
1.3809235970e+1    8.6832155e-20
1.3822841130e+1    8.5108697e-20
1.3836446290e+1    8.4578938e-20
1.3850051450e+1    8.2945800e-20
1.3863656600e+1    8.1808655e-20
1.3877261760e+1    8.2206546e-20
1.3890866920e+1    8.1282414e-20
1.3904472080e+1    8.0751446e-20
1.3918077240e+1    8.1958391e-20
1.3931682400e+1    8.0844086e-20
1.3945287560e+1    7.9730593e-20
1.3958892720e+1    7.9240797e-20
1.3972497870e+1    7.7737120e-20
1.3986103030e+1    7.7462696e-20
1.3999708190e+1    7.7108055e-20
1.4013313350e+1    7.7526538e-20
1.4026918510e+1    7.8061295e-20
1.4040523670e+1    7.7587313e-20
1.4054128830e+1    7.6703813e-20
1.4067733980e+1    7.5255863e-20
1.4081339140e+1    7.4329851e-20
1.4094944300e+1    7.3261306e-20
1.4108549460e+1    7.1620482e-20
1.4122154620e+1    7.2724553e-20
1.4135759780e+1    7.1640435e-20
1.4149364940e+1    7.1037922e-20
1.4162970090e+1    6.9365606e-20
1.4176575250e+1    6.9238253e-20
1.4190180410e+1    6.8248636e-20
1.4203785570e+1    6.7460451e-20
1.4217390730e+1    6.6225803e-20
1.4230995890e+1    6.5418371e-20
1.4244601050e+1    6.4107794e-20
1.4258206200e+1    6.3977052e-20
1.4271811360e+1    6.2648962e-20
1.4285416520e+1    6.2367656e-20
1.4299021680e+1    6.1698849e-20
1.4312626840e+1    6.1181624e-20
1.4326232000e+1    6.1463043e-20
1.4339837160e+1    6.1279417e-20
1.4353442310e+1    6.0628514e-20
1.4367047470e+1    6.0248624e-20
1.4380652630e+1    6.1795937e-20
1.4394257790e+1    6.3130762e-20
1.4407862950e+1    6.5438898e-20
1.4421468110e+1    6.7162701e-20
1.4435073270e+1    6.8804863e-20
1.4448678420e+1    7.0724632e-20
1.4462283580e+1    7.1563807e-20
1.4475888740e+1    7.1443222e-20
1.4489493900e+1    7.1241701e-20
1.4503099060e+1    7.0816465e-20
1.4516704220e+1    7.0592332e-20
1.4530309380e+1    6.9694452e-20
1.4543914530e+1    6.8590554e-20
1.4557519690e+1    7.0641610e-20
1.4571124850e+1    6.9883909e-20
1.4584730010e+1    7.0243739e-20
1.4598335170e+1    6.9378769e-20
1.4611940330e+1    6.8526814e-20
1.4625545490e+1    6.8015291e-20
1.4639150640e+1    6.7983191e-20
1.4652755800e+1    6.8304038e-20
1.4666360960e+1    6.7796349e-20
1.4679966120e+1    6.7278759e-20
1.4693571280e+1    6.6750240e-20
1.4707176440e+1    6.6420229e-20
1.4720781600e+1    6.5753614e-20
1.4734386750e+1    6.4888153e-20
1.4747991910e+1    6.4481264e-20
1.4761597070e+1    6.4208425e-20
1.4775202230e+1    6.4038323e-20
1.4788807390e+1    6.3253959e-20
1.4802412550e+1    6.3991481e-20
1.4816017710e+1    6.4062519e-20
1.4829622860e+1    6.3889173e-20
1.4843228020e+1    6.3621551e-20
1.4856833180e+1    6.3418769e-20
1.4870438340e+1    6.3322651e-20
1.4884043500e+1    6.3283388e-20
1.4897648660e+1    6.3102091e-20
1.4911253820e+1    6.3010030e-20
1.4924858980e+1    6.3022318e-20
1.4938464130e+1    6.2766233e-20
1.4952069290e+1    6.1643279e-20
1.4965674450e+1    6.1789088e-20
1.4979279610e+1    6.0871606e-20
1.4992884770e+1    6.0856040e-20
1.5006489930e+1    6.0538876e-20
1.5020095090e+1    6.0556214e-20
1.5033700240e+1    6.0363274e-20
1.5047305400e+1    6.0326561e-20
1.5060910560e+1    6.0246345e-20
1.5074515720e+1    5.9781843e-20
1.5088120880e+1    5.9687239e-20
1.5101726040e+1    5.9543166e-20
1.5115331200e+1    5.9559973e-20
1.5128936350e+1    5.9608697e-20
1.5142541510e+1    5.9441491e-20
1.5156146670e+1    5.9910051e-20
1.5169751830e+1    5.9893377e-20
1.5183356990e+1    5.9910724e-20
1.5196962150e+1    5.9908272e-20
1.5210567310e+1    6.0020715e-20
1.5224172460e+1    6.0291215e-20
1.5237777620e+1    6.0489019e-20
1.5251382780e+1    6.0476790e-20
1.5264987940e+1    6.0576026e-20
1.5278593100e+1    6.0579586e-20
1.5292198260e+1    6.0878084e-20
1.5305803420e+1    6.0984902e-20
1.5319408570e+1    6.2277232e-20
1.5333013730e+1    6.2611044e-20
1.5346618890e+1    6.1930870e-20
1.5360224050e+1    6.1902694e-20
1.5373829210e+1    6.1761790e-20
1.5387434370e+1    6.1708177e-20
1.5401039530e+1    6.1174050e-20
1.5414644680e+1    6.0861062e-20
1.5428249840e+1    6.0407588e-20
1.5441855000e+1    6.0077220e-20
1.5455460160e+1    6.0004463e-20
1.5469065320e+1    5.9752341e-20
1.5482670480e+1    5.9620471e-20
1.5509880790e+1    5.9407843e-20
1.5523485950e+1    5.9205514e-20
1.5537091110e+1    5.9044224e-20
1.5550696270e+1    5.8750162e-20
1.5564301430e+1    5.8816655e-20
1.5577906590e+1    5.8376524e-20
1.5591511750e+1    5.8305476e-20
1.5605116900e+1    5.7920162e-20
1.5618722060e+1    5.7942363e-20
1.5632327220e+1    5.7829932e-20
1.5645932380e+1    5.7618646e-20
1.5659537540e+1    5.7705249e-20
1.5673142700e+1    5.7556979e-20
1.5686747860e+1    5.7461785e-20
1.5700353010e+1    5.7227003e-20
1.5713958170e+1    5.6480461e-20
1.5727563330e+1    5.6460539e-20
1.5741168490e+1    5.5655488e-20
1.5754773650e+1    5.5686068e-20
1.5768378810e+1    5.5601043e-20
1.5781983970e+1    5.5313050e-20
1.5795589120e+1    5.5180239e-20
1.5809194280e+1    5.4990301e-20
1.5822799440e+1    5.4806953e-20
1.5836404600e+1    5.5042568e-20
1.5850009760e+1    5.4890512e-20
1.5863614920e+1    5.4928559e-20
1.5877220080e+1    5.4762028e-20
1.5890825240e+1    5.4790601e-20
1.5904430390e+1    5.4702237e-20
1.5918035550e+1    5.4623026e-20
1.5931640710e+1    5.4555002e-20
1.5945245870e+1    5.4375559e-20
1.5958851030e+1    5.4682246e-20
1.5972456190e+1    5.4543552e-20
1.5986061350e+1    5.4561113e-20
1.5999666500e+1    5.4567450e-20
1.6013271660e+1    5.4650644e-20
1.6026876820e+1    5.4494581e-20
1.6040481980e+1    5.4255567e-20
1.6054087140e+1    5.4196618e-20
1.6067692300e+1    5.4076884e-20
1.6081297460e+1    5.4201439e-20
1.6094902610e+1    5.4120789e-20
1.6108507770e+1    5.4048889e-20
1.6122112930e+1    5.3979957e-20
1.6135718090e+1    5.3882153e-20
1.6149323250e+1    5.3771105e-20
1.6162928410e+1    5.3760901e-20
1.6176533570e+1    5.3888176e-20
1.6190138720e+1    5.3813470e-20
1.6203743880e+1    5.3676145e-20
1.6217349040e+1    5.3602544e-20
1.6230954200e+1    5.3541648e-20
1.6244559360e+1    5.3717353e-20
1.6258164520e+1    5.3696952e-20
1.6271769680e+1    5.3613280e-20
1.6285374830e+1    5.3528333e-20
1.6298979990e+1    5.3578275e-20
1.6312585150e+1    5.3509491e-20
1.6326190310e+1    5.3303011e-20
1.6339795470e+1    5.3131030e-20
1.6353400630e+1    5.2841382e-20
1.6367005790e+1    5.2628176e-20
1.6394216100e+1    5.2143661e-20
1.6407821260e+1    5.2036330e-20
1.6421426420e+1    5.1769901e-20
1.6435031580e+1    5.1848973e-20
1.6448636740e+1    5.1785095e-20
1.6462241900e+1    5.1588960e-20
1.6475847050e+1    5.1535080e-20
1.6489452210e+1    5.1336080e-20
1.6503057370e+1    5.1400675e-20
1.6516662530e+1    5.1617777e-20
1.6530267690e+1    5.1154070e-20
1.6543872850e+1    5.0985017e-20
1.6557478010e+1    5.0812747e-20
1.6571083160e+1    5.1102440e-20
1.6584688320e+1    5.1032204e-20
1.6598293480e+1    5.1012727e-20
1.6611898640e+1    5.1115851e-20
1.6625503800e+1    5.1280419e-20
1.6639108960e+1    5.1316015e-20
1.6652714120e+1    5.1205519e-20
1.6679924430e+1    5.1133252e-20
1.6693529590e+1    5.0929614e-20
1.6707134750e+1    5.0544816e-20
1.6720739910e+1    5.0115706e-20
1.6734345070e+1    5.0091021e-20
1.6747950230e+1    5.0063626e-20
1.6761555380e+1    5.0048305e-20
1.6775160540e+1    5.0024111e-20
1.6788765700e+1    4.9820206e-20
1.6802370860e+1    4.9834964e-20
1.6815976020e+1    4.9652328e-20
1.6829581180e+1    4.9590844e-20
1.6843186340e+1    4.9651931e-20
1.6856791500e+1    4.9518990e-20
1.6870396650e+1    4.9540870e-20
1.6884001810e+1    4.9546721e-20
1.6897606970e+1    4.9577879e-20
1.6911212130e+1    4.9377947e-20
1.6924817290e+1    4.9404704e-20
1.6938422450e+1    4.9425018e-20
1.6952027610e+1    4.9378852e-20
1.6965632760e+1    4.8991538e-20
1.6979237920e+1    4.8935689e-20
1.6992843080e+1    4.8786710e-20
1.7006448240e+1    4.8776774e-20
1.7020053400e+1    4.8715534e-20
1.7033658560e+1    4.8444191e-20
1.7047263720e+1    4.8465237e-20
1.7060868870e+1    4.8510560e-20
1.7074474030e+1    4.8374411e-20
1.7088079190e+1    4.8290651e-20
1.7101684350e+1    4.8235260e-20
1.7115289510e+1    4.8132944e-20
1.7128894670e+1    4.8102806e-20
1.7142499830e+1    4.8178697e-20
1.7156104980e+1    4.8175695e-20
1.7169710140e+1    4.8149402e-20
1.7183315300e+1    4.8156088e-20
1.7196920460e+1    4.8106169e-20
1.7210525620e+1    4.8025719e-20
1.7224130780e+1    4.8120655e-20
1.7237735940e+1    4.8171830e-20
1.7251341090e+1    4.8132995e-20
1.7264946250e+1    4.8133770e-20
1.7278551410e+1    4.8253173e-20
1.7292156570e+1    4.7977572e-20
1.7305761730e+1    4.7995605e-20
1.7319366890e+1    4.8030280e-20
1.7332972050e+1    4.8119501e-20
1.7346577200e+1    4.8178964e-20
1.7360182360e+1    4.8097631e-20
1.7373787520e+1    4.8110668e-20
1.7387392680e+1    4.7541140e-20
1.7400997840e+1    4.7383452e-20
1.7414603000e+1    4.7343993e-20
1.7428208160e+1    4.7307511e-20
1.7441813310e+1    4.7294746e-20
1.7455418470e+1    4.7356094e-20
1.7469023630e+1    4.7221885e-20
1.7482628790e+1    4.7172744e-20
1.7496233950e+1    4.6943429e-20
1.7509839110e+1    4.6939780e-20
1.7523444270e+1    4.6783855e-20
1.7537049420e+1    4.6509626e-20
1.7550654580e+1    4.6541994e-20
1.7564259740e+1    4.6483941e-20
1.7577864900e+1    4.6331677e-20
1.7591470060e+1    4.6319824e-20
1.7605075220e+1    4.6205422e-20
1.7618680380e+1    4.6225625e-20
1.7632285530e+1    4.6217839e-20
1.7645890690e+1    4.6178045e-20
1.7659495850e+1    4.6126275e-20
1.7673101010e+1    4.6128374e-20
1.7686706170e+1    4.6093711e-20
1.7700311330e+1    4.6105504e-20
1.7713916490e+1    4.5954909e-20
1.7727521640e+1    4.5907260e-20
1.7741126800e+1    4.6033098e-20
1.7754731960e+1    4.6066434e-20
1.7768337120e+1    4.5882472e-20
1.7781942280e+1    4.5924344e-20
1.7795547440e+1    4.5985120e-20
1.7809152600e+1    4.5952118e-20
1.7822757760e+1    4.5987093e-20
1.7836362910e+1    4.5913181e-20
1.7849968070e+1    4.5971524e-20
1.7863573230e+1    4.5995124e-20
1.7877178390e+1    4.6033606e-20
1.7890783550e+1    4.6049402e-20
1.7904388710e+1    4.6014386e-20
1.7917993870e+1    4.5991913e-20
1.7931599020e+1    4.5967270e-20
1.7945204180e+1    4.5841508e-20
1.7958809340e+1    4.5747252e-20
1.7972414500e+1    4.5627050e-20
1.7986019660e+1    4.5521888e-20
1.7999624820e+1    4.5506174e-20
1.8013229980e+1    4.5467135e-20
1.8026835130e+1    4.5507881e-20
1.8040440290e+1    4.5552215e-20
1.8054045450e+1    4.5457253e-20
1.8067650610e+1    4.5428798e-20
1.8081255770e+1    4.5328163e-20
1.8094860930e+1    4.5272537e-20
1.8108466090e+1    4.5092271e-20
1.8122071240e+1    4.4827502e-20
1.8135676400e+1    4.4653360e-20
1.8149281560e+1    4.4484852e-20
1.8162886720e+1    4.4378918e-20
1.8176491880e+1    4.4362078e-20
1.8190097040e+1    4.4373032e-20
1.8203702200e+1    4.4354034e-20
1.8217307350e+1    4.4382788e-20
1.8230912510e+1    4.4358536e-20
1.8244517670e+1    4.4410198e-20
1.8258122830e+1    4.4339389e-20
1.8271727990e+1    4.4339905e-20
1.8285333150e+1    4.4326413e-20
1.8298938310e+1    4.4246092e-20
1.8312543460e+1    4.4178458e-20
1.8326148620e+1    4.4088243e-20
1.8339753780e+1    4.4225445e-20
1.8353358940e+1    4.4117108e-20
1.8366964100e+1    4.4111330e-20
1.8380569260e+1    4.4017708e-20
1.8394174420e+1    4.3968844e-20
1.8407779570e+1    4.3857553e-20
1.8421384730e+1    4.3902268e-20
1.8434989890e+1    4.3812658e-20
1.8448595050e+1    4.3874880e-20
1.8462200210e+1    4.3898275e-20
1.8475805370e+1    4.3867595e-20
1.8489410530e+1    4.3771648e-20
1.8503015680e+1    4.3713197e-20
1.8516620840e+1    4.3537168e-20
1.8530226000e+1    4.3572299e-20
1.8543831160e+1    4.3543959e-20
1.8557436320e+1    4.3458284e-20
1.8571041480e+1    4.3417777e-20
1.8584646640e+1    4.3391058e-20
1.8598251790e+1    4.3377576e-20
1.8611856950e+1    4.3338126e-20
1.8625462110e+1    4.3387717e-20
1.8639067270e+1    4.3321912e-20
1.8652672430e+1    4.3332502e-20
1.8666277590e+1    4.3225433e-20
1.8679882750e+1    4.3171991e-20
1.8693487900e+1    4.3106572e-20
1.8707093060e+1    3.1240203e-19
1.8720698220e+1    4.3052125e-20
1.8734303380e+1    4.2997097e-20
1.8747908540e+1    4.2951817e-20
1.8761513700e+1    4.2971027e-20
1.8775118860e+1    4.2839147e-20
1.8788724020e+1    4.2933924e-20
1.8802329170e+1    4.2714962e-20
1.8815934330e+1    4.2592254e-20
1.8829539490e+1    4.2576054e-20
1.8843144650e+1    4.2398636e-20
1.8856749810e+1    4.2233631e-20
1.8870354970e+1    4.2231375e-20
1.8883960130e+1    4.2010584e-20
1.8897565280e+1    4.1992188e-20
1.8911170440e+1    4.1948281e-20
1.8924775600e+1    4.1873439e-20
1.8938380760e+1    4.1881560e-20
1.8951985920e+1    4.1822709e-20
1.8965591080e+1    4.1648930e-20
1.8979196240e+1    4.1681528e-20
1.8992801390e+1    4.1573506e-20
1.9006406550e+1    4.1586705e-20
1.9020011710e+1    4.1516326e-20
1.9033616870e+1    4.1734739e-20
1.9047222030e+1    4.1453578e-20
1.9060827190e+1    4.1416517e-20
1.9074432350e+1    4.1377318e-20
1.9088037500e+1    4.1345756e-20
1.9101642660e+1    4.1366215e-20
1.9115247820e+1    4.1421249e-20
1.9128852980e+1    4.1274197e-20
1.9142458140e+1    4.1218247e-20
1.9156063300e+1    4.1223602e-20
1.9169668460e+1    4.1182075e-20
1.9183273610e+1    4.1146218e-20
1.9196878770e+1    4.1153302e-20
1.9210483930e+1    4.1101817e-20
1.9224089090e+1    4.1028960e-20
1.9237694250e+1    4.0959316e-20
1.9251299410e+1    4.0963724e-20
1.9264904570e+1    4.0913956e-20
1.9278509720e+1    4.0941786e-20
1.9292114880e+1    4.0908445e-20
1.9305720040e+1    4.0873712e-20
1.9319325200e+1    4.0867137e-20
1.9332930360e+1    4.0781570e-20
1.9346535520e+1    4.0756027e-20
1.9360140680e+1    4.0738676e-20
1.9373745830e+1    4.0728070e-20
1.9387350990e+1    4.0702041e-20
1.9400956150e+1    4.0684734e-20
1.9414561310e+1    4.4445160e-20
1.9428166470e+1    4.0644764e-20
1.9441771630e+1    4.0694806e-20
1.9455376790e+1    4.0657916e-20
1.9468981940e+1    4.0621396e-20
1.9482587100e+1    4.0607983e-20
1.9496192260e+1    4.0587692e-20
1.9509797420e+1    4.0165904e-20
1.9523402580e+1    4.0263977e-20
1.9537007740e+1    4.0690862e-20
1.9550612900e+1    4.0674018e-20
1.9564218050e+1    4.0651114e-20
1.9577823210e+1    4.0688852e-20
1.9591428370e+1    4.0690589e-20
1.9999583130e+1    4.0728188e-20
2.4999478910e+1    3.0450986e-20
2.9999374690e+1    2.4721335e-20
3.4999270480e+1    2.1038118e-20
3.9999166260e+1    1.8349772e-20
4.4999062040e+1    1.6051749e-20
4.9998957820e+1    1.4403985e-20
5.4998853610e+1    1.2988205e-20
5.9998749390e+1    1.1843403e-20
6.4998645170e+1    1.0909398e-20
6.9998540950e+1    1.0135299e-20
7.4998436740e+1    9.4879688e-21
7.9998332520e+1    8.9609990e-21
8.4998228300e+1    8.5474466e-21
8.9998124080e+1    8.2085517e-21
9.4998019870e+1    7.9320039e-21
9.9997915650e+1    7.7522634e-21
1.0499781143e+2    7.6344583e-21
1.0999770721e+2    7.5625824e-21
1.1499760300e+2    7.6005669e-21
1.1999749878e+2    7.6834013e-21
1.2499739456e+2    7.8632493e-21
1.2999729034e+2    8.1773608e-21
1.3499718613e+2    8.5654432e-21
-----------------------------

