EXCITATION
N(2p2_3P_3p_4Po) -> N(2p2_3P_3p_2Do)
 1.202700e+1
SPECIES: e / N(2p2_3P_3p_4Po)
PROCESS: E + N(2p2_3P_3p_4Po) -> E + N(2p2_3P_3p_2Do), Excitation
PARAM.:  E = 12.027 eV
UPDATED: 2019-01-30 20:10:47
COLUMNS: Energy (eV) | Cross section (m2)
-----------------------------
1.2026543060e+1    0.0000000e+7
1.2026960200e+1    3.6490176e-21
1.2040565350e+1    1.2304413e-20
1.2054170510e+1    2.2639491e-20
1.2067775670e+1    3.3883149e-20
1.2081380830e+1    3.9718760e-20
1.2094985990e+1    4.4451639e-20
1.2108591150e+1    4.9121069e-20
1.2122196310e+1    5.9365306e-20
1.2135801460e+1    8.1612846e-20
1.2149406620e+1    7.4312310e-20
1.2163011780e+1    7.6420471e-20
1.2176616940e+1    8.0426827e-20
1.2190222100e+1    8.6685335e-20
1.2203827260e+1    9.3162757e-20
1.2217432420e+1    1.0035468e-19
1.2231037570e+1    1.0611115e-19
1.2244642730e+1    1.0959853e-19
1.2258247890e+1    1.1372872e-19
1.2271853050e+1    1.1717368e-19
1.2285458210e+1    1.1998512e-19
1.2299063370e+1    1.2223161e-19
1.2312668530e+1    1.2398750e-19
1.2326273680e+1    1.2552229e-19
1.2339878840e+1    1.2759050e-19
1.2353484000e+1    1.1942544e-19
1.2367089160e+1    1.0087389e-19
1.2380694320e+1    1.1576036e-19
1.2394299480e+1    1.1736292e-19
1.2407904640e+1    1.1809983e-19
1.2421509790e+1    1.1755877e-19
1.2435114950e+1    1.1673268e-19
1.2448720110e+1    1.1575131e-19
1.2462325270e+1    1.1455993e-19
1.2475930430e+1    1.1330797e-19
1.2489535590e+1    1.1193274e-19
1.2503140750e+1    1.1050181e-19
1.2516745900e+1    1.0903838e-19
1.2530351060e+1    1.0756243e-19
1.2543956220e+1    1.0609244e-19
1.2557561380e+1    1.0468140e-19
1.2571166540e+1    1.0327363e-19
1.2584771700e+1    1.0192361e-19
1.2598376860e+1    1.0065280e-19
1.2611982010e+1    9.9492695e-20
1.2625587170e+1    9.8482417e-20
1.2639192330e+1    9.7700557e-20
1.2652797490e+1    9.7276127e-20
1.2666402650e+1    9.7301390e-20
1.2680007810e+1    9.5212650e-20
1.2693612970e+1    8.7710237e-20
1.2707218120e+1    8.6927763e-20
1.2720823280e+1    8.7172950e-20
1.2734428440e+1    8.7345825e-20
1.2748033600e+1    8.7557459e-20
1.2761638760e+1    8.7946475e-20
1.2775243920e+1    8.8632959e-20
1.2788849080e+1    8.9725048e-20
1.2802454230e+1    9.1282273e-20
1.2816059390e+1    9.3322087e-20
1.2829664550e+1    1.0556794e-19
1.2843269710e+1    1.1015969e-19
1.2856874870e+1    1.1485449e-19
1.2870480030e+1    1.1063522e-19
1.2884085190e+1    1.0809588e-19
1.2897690340e+1    9.4138169e-20
1.2911295500e+1    7.8968914e-20
1.2924900660e+1    7.1906282e-20
1.2938505820e+1    6.5902392e-20
1.2952110980e+1    6.1654255e-20
1.2965716140e+1    6.2069756e-20
1.2979321300e+1    6.1727705e-20
1.2992926460e+1    6.4992375e-20
1.3006531610e+1    7.5444537e-20
1.3020136770e+1    8.2146060e-20
1.3033741930e+1    8.6223082e-20
1.3047347090e+1    8.9770025e-20
1.3060952250e+1    8.3988878e-20
1.3074557410e+1    7.8212500e-20
1.3088162570e+1    6.6844365e-20
1.3101767720e+1    5.9334241e-20
1.3115372880e+1    5.7088505e-20
1.3128978040e+1    5.5572237e-20
1.3142583200e+1    5.4856362e-20
1.3156188360e+1    5.3658701e-20
1.3169793520e+1    5.3059038e-20
1.3183398680e+1    5.2434230e-20
1.3197003830e+1    5.1758909e-20
1.3210608990e+1    5.1373214e-20
1.3224214150e+1    5.0916408e-20
1.3237819310e+1    5.0475315e-20
1.3251424470e+1    5.0700292e-20
1.3265029630e+1    5.1789388e-20
1.3278634790e+1    4.7915652e-20
1.3305845100e+1    4.3904847e-20
1.3319450260e+1    4.2106669e-20
1.3333055420e+1    4.1073210e-20
1.3346660580e+1    4.1372166e-20
1.3360265740e+1    4.0770612e-20
1.3373870900e+1    4.0583416e-20
1.3387476050e+1    4.1122571e-20
1.3401081210e+1    4.0870838e-20
1.3414686370e+1    4.0323311e-20
1.3428291530e+1    4.0431065e-20
1.3441896690e+1    3.9939805e-20
1.3455501850e+1    3.8247717e-20
1.3469107010e+1    3.7529605e-20
1.3482712160e+1    3.6472793e-20
1.3496317320e+1    3.6148100e-20
1.3509922480e+1    3.7070845e-20
1.3523527640e+1    3.4594732e-20
1.3537132800e+1    3.5137822e-20
1.3550737960e+1    3.5391653e-20
1.3564343120e+1    3.5438483e-20
1.3577948270e+1    3.4979343e-20
1.3591553430e+1    3.4805097e-20
1.3605158590e+1    3.3421492e-20
1.3618763750e+1    3.3029210e-20
1.3632368910e+1    3.3972368e-20
1.3645974070e+1    3.7556469e-20
1.3659579230e+1    3.8337927e-20
1.3673184380e+1    3.4775781e-20
1.3700394700e+1    3.3271603e-20
1.3713999860e+1    3.6425119e-20
1.3754815340e+1    2.5374192e-20
1.3768420490e+1    2.5294170e-20
1.3782025650e+1    2.4893693e-20
1.3795630810e+1    2.5969358e-20
1.3809235970e+1    2.6543871e-20
1.3822841130e+1    2.5894017e-20
1.3836446290e+1    2.5818978e-20
1.3850051450e+1    2.6323867e-20
1.3863656600e+1    2.5793645e-20
1.3877261760e+1    2.4894122e-20
1.3890866920e+1    2.3611297e-20
1.3904472080e+1    2.2968771e-20
1.3918077240e+1    2.3108068e-20
1.3931682400e+1    2.2760189e-20
1.3945287560e+1    2.2037437e-20
1.3958892720e+1    2.1863896e-20
1.3972497870e+1    2.1488740e-20
1.3986103030e+1    2.1173856e-20
1.3999708190e+1    2.0279045e-20
1.4013313350e+1    1.9902004e-20
1.4026918510e+1    1.9938453e-20
1.4040523670e+1    1.9553355e-20
1.4054128830e+1    1.9517034e-20
1.4067733980e+1    2.0345677e-20
1.4081339140e+1    2.0264459e-20
1.4094944300e+1    2.0412654e-20
1.4108549460e+1    1.9827731e-20
1.4122154620e+1    2.0270847e-20
1.4135759780e+1    1.9918059e-20
1.4149364940e+1    1.9774101e-20
1.4162970090e+1    1.9440073e-20
1.4176575250e+1    1.9317383e-20
1.4190180410e+1    1.9154735e-20
1.4203785570e+1    1.9075635e-20
1.4217390730e+1    1.8872324e-20
1.4230995890e+1    1.8744191e-20
1.4244601050e+1    1.8683613e-20
1.4258206200e+1    1.8337913e-20
1.4271811360e+1    1.8371363e-20
1.4285416520e+1    1.8685331e-20
1.4299021680e+1    1.8548821e-20
1.4312626840e+1    1.8084095e-20
1.4326232000e+1    1.7606527e-20
1.4339837160e+1    1.6918759e-20
1.4353442310e+1    1.6470905e-20
1.4367047470e+1    1.6079396e-20
1.4380652630e+1    1.5670802e-20
1.4394257790e+1    1.5380145e-20
1.4407862950e+1    1.4986962e-20
1.4421468110e+1    1.4636193e-20
1.4435073270e+1    1.4277903e-20
1.4448678420e+1    1.3694943e-20
1.4462283580e+1    1.3827814e-20
1.4475888740e+1    1.3943238e-20
1.4489493900e+1    1.3876894e-20
1.4503099060e+1    1.3793227e-20
1.4516704220e+1    1.3861437e-20
1.4530309380e+1    1.3882016e-20
1.4543914530e+1    1.4275974e-20
1.4557519690e+1    1.3829053e-20
1.4571124850e+1    1.3751106e-20
1.4584730010e+1    1.3878488e-20
1.4598335170e+1    1.3941064e-20
1.4611940330e+1    1.3545972e-20
1.4625545490e+1    1.3773021e-20
1.4639150640e+1    1.3712870e-20
1.4652755800e+1    1.3448997e-20
1.4666360960e+1    1.3193751e-20
1.4679966120e+1    1.3075930e-20
1.4693571280e+1    1.2818516e-20
1.4707176440e+1    1.2682693e-20
1.4720781600e+1    1.2345434e-20
1.4734386750e+1    1.2204261e-20
1.4747991910e+1    1.1957143e-20
1.4761597070e+1    1.1796413e-20
1.4775202230e+1    1.1582293e-20
1.4788807390e+1    1.1439200e-20
1.4802412550e+1    1.2241632e-20
1.4816017710e+1    1.1811110e-20
1.4829622860e+1    1.1567299e-20
1.4843228020e+1    1.1438326e-20
1.4856833180e+1    1.1307557e-20
1.4870438340e+1    1.0936709e-20
1.4884043500e+1    1.0989951e-20
1.4897648660e+1    1.0911174e-20
1.4911253820e+1    1.0758860e-20
1.4924858980e+1    1.0704667e-20
1.4938464130e+1    1.0911054e-20
1.4952069290e+1    1.1404127e-20
1.4965674450e+1    1.0628696e-20
1.4979279610e+1    1.0329125e-20
1.4992884770e+1    1.0285902e-20
1.5006489930e+1    1.0150010e-20
1.5020095090e+1    9.8731598e-21
1.5033700240e+1    9.8929588e-21
1.5047305400e+1    9.7412200e-21
1.5060910560e+1    9.6555436e-21
1.5074515720e+1    9.5829099e-21
1.5088120880e+1    9.3229405e-21
1.5101726040e+1    9.3554906e-21
1.5115331200e+1    9.1633709e-21
1.5128936350e+1    9.0716937e-21
1.5142541510e+1    9.1212013e-21
1.5156146670e+1    8.8169126e-21
1.5169751830e+1    8.7430817e-21
1.5183356990e+1    8.6996703e-21
1.5196962150e+1    8.5984177e-21
1.5210567310e+1    8.3558855e-21
1.5224172460e+1    8.2231558e-21
1.5237777620e+1    8.1666859e-21
1.5251382780e+1    8.1288631e-21
1.5264987940e+1    7.9269178e-21
1.5278593100e+1    8.0181915e-21
1.5292198260e+1    8.0057942e-21
1.5305803420e+1    7.9759865e-21
1.5319408570e+1    7.9954414e-21
1.5333013730e+1    7.9293812e-21
1.5346618890e+1    8.0236535e-21
1.5360224050e+1    7.8792724e-21
1.5373829210e+1    7.8428711e-21
1.5387434370e+1    7.9143310e-21
1.5401039530e+1    7.8445883e-21
1.5414644680e+1    7.8017782e-21
1.5428249840e+1    7.7197468e-21
1.5441855000e+1    7.6618614e-21
1.5455460160e+1    7.6196985e-21
1.5469065320e+1    7.5728298e-21
1.5482670480e+1    7.3748912e-21
1.5509880790e+1    7.2333069e-21
1.5523485950e+1    7.1720146e-21
1.5537091110e+1    7.0526897e-21
1.5550696270e+1    6.9416255e-21
1.5564301430e+1    6.8991891e-21
1.5577906590e+1    6.8952381e-21
1.5591511750e+1    6.7534508e-21
1.5605116900e+1    6.7322125e-21
1.5618722060e+1    6.5878015e-21
1.5632327220e+1    6.5542911e-21
1.5645932380e+1    6.4658173e-21
1.5659537540e+1    6.4062059e-21
1.5673142700e+1    6.3802605e-21
1.5686747860e+1    6.3459768e-21
1.5700353010e+1    6.4173026e-21
1.5713958170e+1    6.4705925e-21
1.5727563330e+1    6.3228562e-21
1.5741168490e+1    6.2682705e-21
1.5754773650e+1    6.2851445e-21
1.5768378810e+1    6.2693940e-21
1.5781983970e+1    6.1678554e-21
1.5795589120e+1    6.1504687e-21
1.5809194280e+1    5.9670898e-21
1.5822799440e+1    5.8844288e-21
1.5836404600e+1    5.7373794e-21
1.5850009760e+1    5.6392219e-21
1.5863614920e+1    5.5613447e-21
1.5877220080e+1    5.5787734e-21
1.5890825240e+1    5.6209885e-21
1.5904430390e+1    5.5704711e-21
1.5918035550e+1    5.5173159e-21
1.5931640710e+1    5.4472674e-21
1.5945245870e+1    5.4022854e-21
1.5958851030e+1    5.5636916e-21
1.5972456190e+1    5.4203202e-21
1.5986061350e+1    5.3872144e-21
1.5999666500e+1    5.3191055e-21
1.6013271660e+1    5.1396086e-21
1.6026876820e+1    5.1266413e-21
1.6040481980e+1    5.0757088e-21
1.6054087140e+1    5.0240195e-21
1.6067692300e+1    5.0066695e-21
1.6081297460e+1    5.0166238e-21
1.6094902610e+1    4.9781399e-21
1.6108507770e+1    4.9923568e-21
1.6122112930e+1    4.9629324e-21
1.6135718090e+1    4.9168461e-21
1.6149323250e+1    4.8506956e-21
1.6162928410e+1    4.7430711e-21
1.6176533570e+1    4.7160955e-21
1.6190138720e+1    4.8523013e-21
1.6203743880e+1    4.6754346e-21
1.6217349040e+1    4.5541146e-21
1.6230954200e+1    4.6522176e-21
1.6244559360e+1    4.5442642e-21
1.6258164520e+1    4.4600646e-21
1.6271769680e+1    4.3865116e-21
1.6285374830e+1    4.3720468e-21
1.6298979990e+1    4.3495346e-21
1.6312585150e+1    4.2119322e-21
1.6326190310e+1    4.2183375e-21
1.6339795470e+1    4.1649157e-21
1.6353400630e+1    4.2174683e-21
1.6367005790e+1    4.1711562e-21
1.6394216100e+1    4.1652748e-21
1.6407821260e+1    4.2052953e-21
1.6421426420e+1    4.1882444e-21
1.6435031580e+1    4.2044387e-21
1.6448636740e+1    4.1856249e-21
1.6462241900e+1    4.1225551e-21
1.6475847050e+1    4.0980390e-21
1.6489452210e+1    4.0871627e-21
1.6503057370e+1    4.0952398e-21
1.6516662530e+1    4.0721137e-21
1.6530267690e+1    4.1159951e-21
1.6543872850e+1    3.9660957e-21
1.6557478010e+1    3.8917773e-21
1.6571083160e+1    3.8397314e-21
1.6584688320e+1    3.8978513e-21
1.6598293480e+1    3.8821353e-21
1.6611898640e+1    3.8185163e-21
1.6625503800e+1    3.7471448e-21
1.6639108960e+1    3.7143151e-21
1.6652714120e+1    3.7061305e-21
1.6679924430e+1    3.6171538e-21
1.6693529590e+1    3.5813231e-21
1.6707134750e+1    3.5590023e-21
1.6720739910e+1    3.5134781e-21
1.6734345070e+1    3.5388073e-21
1.6747950230e+1    3.4701411e-21
1.6761555380e+1    3.4727775e-21
1.6775160540e+1    3.4714438e-21
1.6788765700e+1    3.4604884e-21
1.6802370860e+1    3.4782703e-21
1.6815976020e+1    3.5555183e-21
1.6829581180e+1    3.3968702e-21
1.6843186340e+1    3.4415798e-21
1.6856791500e+1    3.4163398e-21
1.6870396650e+1    3.4178245e-21
1.6884001810e+1    3.3477704e-21
1.6897606970e+1    3.3847266e-21
1.6911212130e+1    3.4028664e-21
1.6924817290e+1    3.2986595e-21
1.6938422450e+1    3.2659464e-21
1.6952027610e+1    3.2653596e-21
1.6965632760e+1    3.2359941e-21
1.6979237920e+1    3.2127287e-21
1.6992843080e+1    3.2211114e-21
1.7006448240e+1    3.2189392e-21
1.7020053400e+1    3.1771123e-21
1.7033658560e+1    3.1607442e-21
1.7047263720e+1    3.1410026e-21
1.7060868870e+1    3.1399855e-21
1.7074474030e+1    3.1065331e-21
1.7088079190e+1    3.0719091e-21
1.7101684350e+1    3.0696019e-21
1.7115289510e+1    3.0532029e-21
1.7128894670e+1    2.9648329e-21
1.7142499830e+1    2.9383969e-21
1.7156104980e+1    2.9504071e-21
1.7169710140e+1    2.9303775e-21
1.7183315300e+1    2.9216988e-21
1.7196920460e+1    2.9051297e-21
1.7210525620e+1    2.8937289e-21
1.7224130780e+1    2.8411500e-21
1.7237735940e+1    2.8043379e-21
1.7251341090e+1    2.7619542e-21
1.7264946250e+1    2.7427263e-21
1.7278551410e+1    2.7105161e-21
1.7292156570e+1    2.6845763e-21
1.7305761730e+1    2.6879439e-21
1.7319366890e+1    2.6486378e-21
1.7332972050e+1    2.5945720e-21
1.7346577200e+1    2.5569820e-21
1.7360182360e+1    2.4885706e-21
1.7373787520e+1    2.4587996e-21
1.7387392680e+1    2.7092224e-21
1.7400997840e+1    2.7310710e-21
1.7414603000e+1    2.6643109e-21
1.7428208160e+1    2.6225440e-21
1.7441813310e+1    2.6131367e-21
1.7455418470e+1    2.6040892e-21
1.7469023630e+1    2.5852606e-21
1.7482628790e+1    2.5511817e-21
1.7496233950e+1    2.5138043e-21
1.7509839110e+1    2.4812125e-21
1.7523444270e+1    2.4685248e-21
1.7537049420e+1    2.5192447e-21
1.7550654580e+1    2.4617391e-21
1.7564259740e+1    2.4597762e-21
1.7577864900e+1    2.4106285e-21
1.7591470060e+1    2.3738179e-21
1.7605075220e+1    2.4263368e-21
1.7618680380e+1    2.3830556e-21
1.7632285530e+1    2.3409768e-21
1.7645890690e+1    2.3616111e-21
1.7659495850e+1    2.3439173e-21
1.7673101010e+1    2.3257408e-21
1.7686706170e+1    2.3034901e-21
1.7700311330e+1    2.2600875e-21
1.7713916490e+1    2.2610317e-21
1.7727521640e+1    2.2913049e-21
1.7741126800e+1    2.2704653e-21
1.7754731960e+1    2.2456984e-21
1.7768337120e+1    2.2197396e-21
1.7781942280e+1    2.2073174e-21
1.7795547440e+1    2.1953534e-21
1.7809152600e+1    2.1900529e-21
1.7822757760e+1    2.1702427e-21
1.7836362910e+1    2.1562049e-21
1.7849968070e+1    2.1310758e-21
1.7863573230e+1    2.1041593e-21
1.7877178390e+1    2.0931001e-21
1.7890783550e+1    2.0577062e-21
1.7904388710e+1    2.0526744e-21
1.7917993870e+1    2.0171918e-21
1.7931599020e+1    2.0059589e-21
1.7945204180e+1    1.9943409e-21
1.7958809340e+1    1.9886943e-21
1.7972414500e+1    1.9858115e-21
1.7986019660e+1    1.9705406e-21
1.7999624820e+1    1.9340916e-21
1.8013229980e+1    1.9352775e-21
1.8026835130e+1    1.9124055e-21
1.8040440290e+1    1.9053092e-21
1.8054045450e+1    1.8721465e-21
1.8067650610e+1    1.8966556e-21
1.8081255770e+1    1.9164300e-21
1.8094860930e+1    1.9189546e-21
1.8108466090e+1    1.8974987e-21
1.8122071240e+1    1.8477762e-21
1.8135676400e+1    1.8447401e-21
1.8149281560e+1    1.8398704e-21
1.8162886720e+1    1.8293672e-21
1.8176491880e+1    1.8106782e-21
1.8190097040e+1    1.8053504e-21
1.8203702200e+1    1.8077862e-21
1.8217307350e+1    1.7964406e-21
1.8230912510e+1    1.8082351e-21
1.8244517670e+1    1.7982487e-21
1.8258122830e+1    1.7832589e-21
1.8271727990e+1    1.7678454e-21
1.8285333150e+1    1.7570916e-21
1.8298938310e+1    1.7541470e-21
1.8312543460e+1    1.7524915e-21
1.8326148620e+1    1.7551402e-21
1.8339753780e+1    1.7293417e-21
1.8353358940e+1    1.7186579e-21
1.8366964100e+1    1.6943482e-21
1.8380569260e+1    1.7008603e-21
1.8394174420e+1    1.6860101e-21
1.8407779570e+1    1.6775660e-21
1.8421384730e+1    1.6664312e-21
1.8434989890e+1    1.6699973e-21
1.8448595050e+1    1.6543206e-21
1.8462200210e+1    1.6422679e-21
1.8475805370e+1    1.6277264e-21
1.8489410530e+1    1.6056931e-21
1.8503015680e+1    1.6246994e-21
1.8516620840e+1    1.6141140e-21
1.8530226000e+1    1.6073352e-21
1.8543831160e+1    1.5857253e-21
1.8557436320e+1    1.5688788e-21
1.8571041480e+1    1.5505341e-21
1.8584646640e+1    1.5525514e-21
1.8598251790e+1    1.5708307e-21
1.8611856950e+1    1.5486441e-21
1.8625462110e+1    1.5396815e-21
1.8639067270e+1    1.5149323e-21
1.8652672430e+1    1.4731104e-21
1.8666277590e+1    1.4855396e-21
1.8679882750e+1    1.5048698e-21
1.8693487900e+1    1.5050439e-21
1.8707093060e+1    3.4718159e-19
1.8720698220e+1    1.5101880e-21
1.8734303380e+1    1.5030005e-21
1.8747908540e+1    1.5238352e-21
1.8761513700e+1    1.5002632e-21
1.8775118860e+1    1.4999025e-21
1.8788724020e+1    1.4697444e-21
1.8802329170e+1    1.4776769e-21
1.8815934330e+1    1.4619306e-21
1.8829539490e+1    1.4752297e-21
1.8843144650e+1    1.4303184e-21
1.8856749810e+1    1.4206204e-21
1.8870354970e+1    1.3854862e-21
1.8883960130e+1    1.3799371e-21
1.8897565280e+1    1.3607907e-21
1.8911170440e+1    1.3622741e-21
1.8924775600e+1    1.3412991e-21
1.8938380760e+1    1.3429378e-21
1.8951985920e+1    1.3330851e-21
1.8965591080e+1    1.3240658e-21
1.8979196240e+1    1.3197904e-21
1.8992801390e+1    1.3172188e-21
1.9006406550e+1    1.3068610e-21
1.9020011710e+1    1.3078067e-21
1.9033616870e+1    1.3186618e-21
1.9047222030e+1    1.3045513e-21
1.9060827190e+1    1.3024832e-21
1.9074432350e+1    1.2937817e-21
1.9088037500e+1    1.2822761e-21
1.9101642660e+1    1.2642949e-21
1.9115247820e+1    1.2371054e-21
1.9128852980e+1    1.2638983e-21
1.9142458140e+1    1.2538115e-21
1.9156063300e+1    1.2481184e-21
1.9169668460e+1    1.2481082e-21
1.9183273610e+1    1.2438478e-21
1.9196878770e+1    1.2361624e-21
1.9210483930e+1    1.2152486e-21
1.9224089090e+1    1.2226865e-21
1.9237694250e+1    1.2201312e-21
1.9251299410e+1    1.2059985e-21
1.9264904570e+1    1.2141119e-21
1.9278509720e+1    1.2044408e-21
1.9292114880e+1    1.2143811e-21
1.9305720040e+1    1.1969518e-21
1.9319325200e+1    1.1946061e-21
1.9332930360e+1    1.1873627e-21
1.9346535520e+1    1.1687902e-21
1.9360140680e+1    1.1711494e-21
1.9373745830e+1    1.1634635e-21
1.9387350990e+1    1.1597690e-21
1.9400956150e+1    1.1499635e-21
1.9414561310e+1    2.0916103e-21
1.9428166470e+1    1.1360213e-21
1.9441771630e+1    1.1294066e-21
1.9455376790e+1    1.1228151e-21
1.9468981940e+1    1.1090980e-21
1.9482587100e+1    1.0913819e-21
1.9496192260e+1    1.0856244e-21
1.9509797420e+1    1.0805864e-21
1.9523402580e+1    1.3120846e-21
1.9537007740e+1    1.0734053e-21
1.9550612900e+1    1.0754802e-21
1.9564218050e+1    1.0732826e-21
1.9577823210e+1    1.0664435e-21
1.9591428370e+1    1.0614851e-21
1.9999583130e+1    1.9824320e-21
2.4999478910e+1    3.6098864e-22
2.9999374690e+1    2.1521657e-22
3.4999270480e+1    1.3951212e-22
3.9999166260e+1    9.8981782e-23
4.4999062040e+1    7.1669575e-23
4.9998957820e+1    5.3117344e-23
5.4998853610e+1    4.0584488e-23
5.9998749390e+1    3.1469348e-23
6.4998645170e+1    2.4949466e-23
6.9998540950e+1    2.0096099e-23
7.4998436740e+1    1.6445397e-23
7.9998332520e+1    1.3667810e-23
8.4998228300e+1    1.1582684e-23
8.9998124080e+1    9.8044184e-24
9.4998019870e+1    8.4262292e-24
9.9997915650e+1    7.3008169e-24
1.0499781143e+2    6.3688063e-24
1.0999770721e+2    5.5871597e-24
1.1499760300e+2    4.9292941e-24
1.1999749878e+2    4.3678742e-24
1.2499739456e+2    3.8894565e-24
1.2999729034e+2    3.4774057e-24
1.3499718613e+2    3.1186117e-24
-----------------------------

