EXCITATION
N(2p2_3P_3d_2Pe) -> N(2p2_3P_4p_2Do)
 1.329200e+1
SPECIES: e / N(2p2_3P_3d_2Pe)
PROCESS: E + N(2p2_3P_3d_2Pe) -> E + N(2p2_3P_4p_2Do), Excitation
PARAM.:  E = 13.292 eV
UPDATED: 2019-01-30 20:10:48
COLUMNS: Energy (eV) | Cross section (m2)
-----------------------------
1.3292105800e+1    0.0000000e+7
1.3305845100e+1    8.5442601e-20
1.3319450260e+1    9.5217136e-20
1.3333055420e+1    1.0906503e-19
1.3346660580e+1    1.3776818e-19
1.3360265740e+1    1.6006065e-19
1.3373870900e+1    1.9091311e-19
1.3387476050e+1    2.3389743e-19
1.3401081210e+1    2.7742460e-19
1.3414686370e+1    3.3051690e-19
1.3428291530e+1    3.8354065e-19
1.3441896690e+1    4.1200488e-19
1.3455501850e+1    4.6331729e-19
1.3469107010e+1    4.8897449e-19
1.3482712160e+1    4.5397593e-19
1.3496317320e+1    5.3152701e-19
1.3509922480e+1    5.6622436e-19
1.3523527640e+1    5.9146728e-19
1.3537132800e+1    6.2597015e-19
1.3550737960e+1    6.4603401e-19
1.3564343120e+1    6.7749924e-19
1.3577948270e+1    6.8805896e-19
1.3591553430e+1    7.1076242e-19
1.3605158590e+1    7.6780279e-19
1.3618763750e+1    7.8614250e-19
1.3632368910e+1    7.9927873e-19
1.3645974070e+1    8.2264310e-19
1.3659579230e+1    8.6780414e-19
1.3673184380e+1    8.5991878e-19
1.3700394700e+1    8.7743090e-19
1.3713999860e+1    8.7311348e-19
1.3754815340e+1    8.2984258e-19
1.3768420490e+1    8.3357782e-19
1.3782025650e+1    8.7875012e-19
1.3795630810e+1    9.1271194e-19
1.3809235970e+1    9.0930124e-19
1.3822841130e+1    9.2756935e-19
1.3836446290e+1    9.4316862e-19
1.3850051450e+1    9.4807413e-19
1.3863656600e+1    9.7549015e-19
1.3877261760e+1    9.8853845e-19
1.3890866920e+1    9.9861796e-19
1.3904472080e+1    9.9642838e-19
1.3918077240e+1    9.9853568e-19
1.3931682400e+1    9.9705404e-19
1.3945287560e+1    1.0081687e-18
1.3958892720e+1    1.0140944e-18
1.3972497870e+1    1.0185603e-18
1.3986103030e+1    1.0295002e-18
1.3999708190e+1    1.0351196e-18
1.4013313350e+1    1.0397957e-18
1.4026918510e+1    1.0344991e-18
1.4040523670e+1    1.0339676e-18
1.4054128830e+1    1.0298787e-18
1.4067733980e+1    1.0234033e-18
1.4081339140e+1    1.0238685e-18
1.4094944300e+1    1.0275398e-18
1.4108549460e+1    1.0210072e-18
1.4122154620e+1    1.0251962e-18
1.4135759780e+1    1.0293787e-18
1.4149364940e+1    1.0283898e-18
1.4162970090e+1    1.0266799e-18
1.4176575250e+1    1.0292829e-18
1.4190180410e+1    1.0298896e-18
1.4203785570e+1    1.0327127e-18
1.4217390730e+1    1.0283134e-18
1.4230995890e+1    1.0290230e-18
1.4244601050e+1    1.0260538e-18
1.4258206200e+1    1.0271942e-18
1.4271811360e+1    1.0257448e-18
1.4285416520e+1    1.0234964e-18
1.4299021680e+1    1.0186196e-18
1.4312626840e+1    1.0196432e-18
1.4326232000e+1    1.0204352e-18
1.4339837160e+1    1.0226679e-18
1.4353442310e+1    1.0261166e-18
1.4367047470e+1    1.0241871e-18
1.4380652630e+1    1.0194382e-18
1.4394257790e+1    1.0317195e-18
1.4407862950e+1    1.0317177e-18
1.4421468110e+1    1.0345717e-18
1.4435073270e+1    1.0378497e-18
1.4448678420e+1    1.0403663e-18
1.4462283580e+1    1.0402181e-18
1.4475888740e+1    1.0394767e-18
1.4489493900e+1    1.0385718e-18
1.4503099060e+1    1.0380168e-18
1.4516704220e+1    1.0366116e-18
1.4530309380e+1    1.0338922e-18
1.4543914530e+1    1.0316754e-18
1.4557519690e+1    1.0361791e-18
1.4571124850e+1    1.0343530e-18
1.4584730010e+1    1.0312222e-18
1.4598335170e+1    1.0254532e-18
1.4611940330e+1    1.0230110e-18
1.4625545490e+1    1.0242920e-18
1.4639150640e+1    1.0193375e-18
1.4652755800e+1    1.0184646e-18
1.4666360960e+1    1.0173479e-18
1.4679966120e+1    1.0166169e-18
1.4693571280e+1    1.0150384e-18
1.4707176440e+1    1.0136583e-18
1.4720781600e+1    1.0118834e-18
1.4734386750e+1    1.0117979e-18
1.4747991910e+1    1.0090617e-18
1.4761597070e+1    1.0086032e-18
1.4775202230e+1    1.0087970e-18
1.4788807390e+1    1.0065972e-18
1.4802412550e+1    1.0035168e-18
1.4816017710e+1    1.0007465e-18
1.4829622860e+1    9.9666522e-19
1.4843228020e+1    9.9097405e-19
1.4856833180e+1    9.8659672e-19
1.4870438340e+1    9.8579885e-19
1.4884043500e+1    9.8252884e-19
1.4897648660e+1    9.7876568e-19
1.4911253820e+1    9.7685720e-19
1.4924858980e+1    9.7297847e-19
1.4938464130e+1    9.7124101e-19
1.4952069290e+1    9.6876469e-19
1.4965674450e+1    9.6665778e-19
1.4979279610e+1    9.6663189e-19
1.4992884770e+1    9.6588716e-19
1.5006489930e+1    9.6319658e-19
1.5020095090e+1    9.6178621e-19
1.5033700240e+1    9.6710685e-19
1.5047305400e+1    9.6383061e-19
1.5060910560e+1    9.6125079e-19
1.5074515720e+1    9.5837893e-19
1.5088120880e+1    9.5671412e-19
1.5101726040e+1    9.5500362e-19
1.5115331200e+1    9.5129832e-19
1.5128936350e+1    9.4869782e-19
1.5142541510e+1    9.4767080e-19
1.5156146670e+1    9.4530880e-19
1.5169751830e+1    9.4200280e-19
1.5183356990e+1    9.3959684e-19
1.5196962150e+1    9.3734842e-19
1.5210567310e+1    9.3459779e-19
1.5224172460e+1    9.3229605e-19
1.5237777620e+1    9.3019557e-19
1.5251382780e+1    9.2661153e-19
1.5264987940e+1    9.2276934e-19
1.5278593100e+1    9.1956913e-19
1.5292198260e+1    9.1648441e-19
1.5305803420e+1    9.1377816e-19
1.5319408570e+1    9.1292767e-19
1.5333013730e+1    9.0934156e-19
1.5346618890e+1    9.0552532e-19
1.5360224050e+1    9.0198939e-19
1.5373829210e+1    8.9890354e-19
1.5387434370e+1    8.9687425e-19
1.5401039530e+1    8.9390996e-19
1.5414644680e+1    8.9148184e-19
1.5428249840e+1    8.8811775e-19
1.5441855000e+1    8.8531560e-19
1.5455460160e+1    8.8305275e-19
1.5469065320e+1    8.7978522e-19
1.5482670480e+1    8.7682724e-19
1.5509880790e+1    8.7110805e-19
1.5523485950e+1    8.6777798e-19
1.5537091110e+1    8.6505534e-19
1.5550696270e+1    8.6381532e-19
1.5564301430e+1    8.6060646e-19
1.5577906590e+1    8.5778581e-19
1.5591511750e+1    8.5601336e-19
1.5605116900e+1    8.5442158e-19
1.5618722060e+1    8.5171337e-19
1.5632327220e+1    8.4931241e-19
1.5645932380e+1    8.4673580e-19
1.5659537540e+1    8.4432544e-19
1.5673142700e+1    8.4237232e-19
1.5686747860e+1    8.4007595e-19
1.5700353010e+1    8.3828689e-19
1.5713958170e+1    8.3756633e-19
1.5727563330e+1    8.3518630e-19
1.5741168490e+1    8.3355647e-19
1.5754773650e+1    8.3142762e-19
1.5768378810e+1    8.2966158e-19
1.5781983970e+1    8.2749070e-19
1.5795589120e+1    8.2645253e-19
1.5809194280e+1    8.2446163e-19
1.5822799440e+1    8.2221966e-19
1.5836404600e+1    8.2115795e-19
1.5850009760e+1    8.1907760e-19
1.5863614920e+1    8.1724262e-19
1.5877220080e+1    8.1639782e-19
1.5890825240e+1    8.1394227e-19
1.5904430390e+1    8.1107161e-19
1.5918035550e+1    8.0923073e-19
1.5931640710e+1    8.0807876e-19
1.5945245870e+1    8.0550437e-19
1.5958851030e+1    8.0264374e-19
1.5972456190e+1    8.0022014e-19
1.5986061350e+1    7.9742091e-19
1.5999666500e+1    7.9462022e-19
1.6013271660e+1    7.9238001e-19
1.6026876820e+1    7.9034375e-19
1.6040481980e+1    7.8870924e-19
1.6054087140e+1    7.8549128e-19
1.6067692300e+1    7.8407451e-19
1.6081297460e+1    7.8188913e-19
1.6094902610e+1    7.7907153e-19
1.6108507770e+1    7.7663421e-19
1.6122112930e+1    7.7447905e-19
1.6135718090e+1    7.7207578e-19
1.6149323250e+1    7.6933956e-19
1.6162928410e+1    7.6669207e-19
1.6176533570e+1    7.6404111e-19
1.6190138720e+1    7.6145021e-19
1.6203743880e+1    7.5925378e-19
1.6217349040e+1    7.5628307e-19
1.6230954200e+1    7.5370012e-19
1.6244559360e+1    7.5124338e-19
1.6258164520e+1    7.4877806e-19
1.6271769680e+1    7.4638118e-19
1.6285374830e+1    7.4379018e-19
1.6298979990e+1    7.4178594e-19
1.6312585150e+1    7.3889138e-19
1.6326190310e+1    7.3663242e-19
1.6339795470e+1    7.3395285e-19
1.6353400630e+1    7.3169595e-19
1.6367005790e+1    7.2926310e-19
1.6394216100e+1    7.2491849e-19
1.6407821260e+1    7.2242160e-19
1.6421426420e+1    7.2038210e-19
1.6435031580e+1    7.1817800e-19
1.6448636740e+1    7.1600593e-19
1.6462241900e+1    7.1362659e-19
1.6475847050e+1    7.1144513e-19
1.6489452210e+1    7.0896311e-19
1.6503057370e+1    7.0694279e-19
1.6516662530e+1    7.0499402e-19
1.6530267690e+1    7.0317665e-19
1.6543872850e+1    7.0146546e-19
1.6557478010e+1    6.9928368e-19
1.6571083160e+1    6.9719912e-19
1.6584688320e+1    6.9484744e-19
1.6598293480e+1    6.9296992e-19
1.6611898640e+1    6.9080594e-19
1.6625503800e+1    6.8919507e-19
1.6639108960e+1    6.8714871e-19
1.6652714120e+1    6.8537864e-19
1.6679924430e+1    6.8192850e-19
1.6693529590e+1    6.8001640e-19
1.6707134750e+1    6.7796295e-19
1.6720739910e+1    6.7573294e-19
1.6734345070e+1    6.7402781e-19
1.6747950230e+1    6.7249337e-19
1.6761555380e+1    6.7069437e-19
1.6775160540e+1    6.6860272e-19
1.6788765700e+1    6.6658335e-19
1.6802370860e+1    6.6490537e-19
1.6815976020e+1    6.6305622e-19
1.6829581180e+1    6.6094865e-19
1.6843186340e+1    6.5911904e-19
1.6856791500e+1    6.5723321e-19
1.6870396650e+1    6.5498118e-19
1.6884001810e+1    6.5317896e-19
1.6897606970e+1    6.5145855e-19
1.6911212130e+1    6.4988865e-19
1.6924817290e+1    6.4798577e-19
1.6938422450e+1    6.4613035e-19
1.6952027610e+1    6.4448976e-19
1.6965632760e+1    6.4262081e-19
1.6979237920e+1    6.4100357e-19
1.6992843080e+1    6.3892600e-19
1.7006448240e+1    6.3664988e-19
1.7020053400e+1    6.3496032e-19
1.7033658560e+1    6.3315783e-19
1.7047263720e+1    6.3124485e-19
1.7060868870e+1    6.2918266e-19
1.7074474030e+1    6.2763159e-19
1.7088079190e+1    6.2562234e-19
1.7101684350e+1    6.2422793e-19
1.7115289510e+1    6.2248451e-19
1.7128894670e+1    6.2091716e-19
1.7142499830e+1    6.1881527e-19
1.7156104980e+1    6.1729620e-19
1.7169710140e+1    6.1618316e-19
1.7183315300e+1    6.1458543e-19
1.7196920460e+1    6.1317031e-19
1.7210525620e+1    6.1134740e-19
1.7224130780e+1    6.0986716e-19
1.7237735940e+1    6.0839196e-19
1.7251341090e+1    6.0695505e-19
1.7264946250e+1    6.0516813e-19
1.7278551410e+1    6.0391070e-19
1.7292156570e+1    6.0217458e-19
1.7305761730e+1    6.0071783e-19
1.7319366890e+1    5.9935484e-19
1.7332972050e+1    5.9759375e-19
1.7346577200e+1    5.9629352e-19
1.7360182360e+1    5.9510050e-19
1.7373787520e+1    5.9335250e-19
1.7387392680e+1    5.9171818e-19
1.7400997840e+1    5.8987216e-19
1.7414603000e+1    5.8861140e-19
1.7428208160e+1    5.8716529e-19
1.7441813310e+1    5.8560219e-19
1.7455418470e+1    5.8389051e-19
1.7469023630e+1    5.8266150e-19
1.7482628790e+1    5.8073029e-19
1.7496233950e+1    5.7896566e-19
1.7509839110e+1    5.7752168e-19
1.7523444270e+1    5.7577352e-19
1.7537049420e+1    5.7411840e-19
1.7550654580e+1    5.7221524e-19
1.7564259740e+1    5.7041374e-19
1.7577864900e+1    5.6866509e-19
1.7591470060e+1    5.6685802e-19
1.7605075220e+1    5.6587691e-19
1.7618680380e+1    5.6429413e-19
1.7632285530e+1    5.6264059e-19
1.7645890690e+1    5.6112327e-19
1.7659495850e+1    5.5980503e-19
1.7673101010e+1    5.5797944e-19
1.7686706170e+1    5.5658895e-19
1.7700311330e+1    5.5483146e-19
1.7713916490e+1    5.5318246e-19
1.7727521640e+1    5.5172443e-19
1.7741126800e+1    5.5012435e-19
1.7754731960e+1    5.4869343e-19
1.7768337120e+1    5.4685192e-19
1.7781942280e+1    5.4555853e-19
1.7795547440e+1    5.4413931e-19
1.7809152600e+1    5.4256492e-19
1.7822757760e+1    5.4103329e-19
1.7836362910e+1    5.3957922e-19
1.7849968070e+1    5.3819992e-19
1.7863573230e+1    5.3686686e-19
1.7877178390e+1    5.3515363e-19
1.7890783550e+1    5.3354002e-19
1.7904388710e+1    5.3212208e-19
1.7917993870e+1    5.3067095e-19
1.7931599020e+1    5.2930297e-19
1.7945204180e+1    5.2804039e-19
1.7958809340e+1    5.2647790e-19
1.7972414500e+1    5.2504114e-19
1.7986019660e+1    5.2375199e-19
1.7999624820e+1    5.2263243e-19
1.8013229980e+1    5.2159348e-19
1.8026835130e+1    5.2038540e-19
1.8040440290e+1    5.1914816e-19
1.8054045450e+1    5.1815593e-19
1.8067650610e+1    5.1690704e-19
1.8081255770e+1    5.1559218e-19
1.8094860930e+1    5.1440545e-19
1.8108466090e+1    5.1339872e-19
1.8122071240e+1    5.1201454e-19
1.8135676400e+1    5.1076583e-19
1.8149281560e+1    5.0946605e-19
1.8162886720e+1    5.0816245e-19
1.8176491880e+1    5.0698297e-19
1.8190097040e+1    5.0543711e-19
1.8203702200e+1    5.0412664e-19
1.8217307350e+1    5.0298165e-19
1.8230912510e+1    5.0178650e-19
1.8244517670e+1    5.0038402e-19
1.8258122830e+1    4.9930702e-19
1.8271727990e+1    4.9797148e-19
1.8285333150e+1    4.9705476e-19
1.8298938310e+1    4.9542170e-19
1.8312543460e+1    4.9430082e-19
1.8326148620e+1    4.9384509e-19
1.8339753780e+1    4.9213765e-19
1.8353358940e+1    4.9073504e-19
1.8366964100e+1    4.8953004e-19
1.8380569260e+1    4.8824537e-19
1.8394174420e+1    4.8696519e-19
1.8407779570e+1    4.8577974e-19
1.8421384730e+1    4.8447087e-19
1.8434989890e+1    4.8322658e-19
1.8448595050e+1    4.8214366e-19
1.8462200210e+1    4.8091506e-19
1.8475805370e+1    4.7988720e-19
1.8489410530e+1    4.7875708e-19
1.8503015680e+1    4.7741434e-19
1.8516620840e+1    4.7627341e-19
1.8530226000e+1    4.7517083e-19
1.8543831160e+1    4.7386775e-19
1.8557436320e+1    4.7289181e-19
1.8571041480e+1    4.7158048e-19
1.8584646640e+1    4.7046541e-19
1.8598251790e+1    4.6951938e-19
1.8611856950e+1    4.6858899e-19
1.8625462110e+1    4.6750169e-19
1.8639067270e+1    4.6668747e-19
1.8652672430e+1    4.6552033e-19
1.8666277590e+1    4.6443824e-19
1.8679882750e+1    4.6356168e-19
1.8693487900e+1    4.6248063e-19
1.8707093060e+1    5.1054087e-19
1.8720698220e+1    4.6048402e-19
1.8734303380e+1    4.5939962e-19
1.8747908540e+1    4.5838240e-19
1.8761513700e+1    4.5744869e-19
1.8775118860e+1    4.5626716e-19
1.8788724020e+1    4.5513015e-19
1.8802329170e+1    4.5408776e-19
1.8815934330e+1    4.5217505e-19
1.8829539490e+1    4.5198962e-19
1.8843144650e+1    4.5083124e-19
1.8856749810e+1    4.4963514e-19
1.8870354970e+1    4.4845989e-19
1.8883960130e+1    4.4733892e-19
1.8897565280e+1    4.4586975e-19
1.8911170440e+1    4.4501824e-19
1.8924775600e+1    4.4380118e-19
1.8938380760e+1    4.4267288e-19
1.8951985920e+1    4.4149536e-19
1.8965591080e+1    4.4445449e-19
1.8979196240e+1    4.3927797e-19
1.8992801390e+1    4.3817527e-19
1.9006406550e+1    4.3701890e-19
1.9020011710e+1    4.3611704e-19
1.9033616870e+1    5.8790680e-19
1.9047222030e+1    4.3391945e-19
1.9060827190e+1    4.3293083e-19
1.9074432350e+1    4.3201349e-19
1.9088037500e+1    4.3101568e-19
1.9101642660e+1    4.2994174e-19
1.9115247820e+1    4.2902922e-19
1.9128852980e+1    4.2813749e-19
1.9142458140e+1    4.2708992e-19
1.9156063300e+1    4.2620453e-19
1.9169668460e+1    4.2529036e-19
1.9183273610e+1    4.2448333e-19
1.9196878770e+1    4.2346949e-19
1.9210483930e+1    4.2257664e-19
1.9224089090e+1    4.2186530e-19
1.9237694250e+1    4.2093815e-19
1.9251299410e+1    4.2006933e-19
1.9264904570e+1    4.1929792e-19
1.9278509720e+1    4.1837504e-19
1.9292114880e+1    4.1734605e-19
1.9305720040e+1    4.1635379e-19
1.9319325200e+1    4.1557343e-19
1.9332930360e+1    4.1482710e-19
1.9346535520e+1    4.1389039e-19
1.9360140680e+1    4.1294038e-19
1.9373745830e+1    4.1200120e-19
1.9387350990e+1    4.1102224e-19
1.9400956150e+1    4.1007651e-19
1.9414561310e+1    4.3484622e-19
1.9428166470e+1    4.0820271e-19
1.9441771630e+1    4.0743035e-19
1.9455376790e+1    4.0665393e-19
1.9468981940e+1    4.0569080e-19
1.9482587100e+1    4.0481855e-19
1.9496192260e+1    4.0412457e-19
1.9509797420e+1    4.0322124e-19
1.9523402580e+1    4.0787262e-19
1.9537007740e+1    4.0175206e-19
1.9550612900e+1    4.0109905e-19
1.9564218050e+1    4.0028363e-19
1.9577823210e+1    3.9952424e-19
1.9591428370e+1    3.9858231e-19
1.9999583130e+1    3.7300589e-19
2.4999478910e+1    2.0732002e-19
2.9999374690e+1    1.3643907e-19
3.4999270480e+1    9.6915595e-20
3.9999166260e+1    7.2072872e-20
4.4999062040e+1    5.5095992e-20
4.9998957820e+1    4.2805791e-20
5.4998853610e+1    3.3851682e-20
5.9998749390e+1    2.7187782e-20
6.4998645170e+1    2.2131148e-20
6.9998540950e+1    1.8231963e-20
7.4998436740e+1    1.5182395e-20
7.9998332520e+1    1.2765870e-20
8.4998228300e+1    1.0831484e-20
8.9998124080e+1    9.2629397e-21
9.4998019870e+1    7.9817629e-21
9.9997915650e+1    6.9241078e-21
1.0499781143e+2    6.0438463e-21
1.0999770721e+2    5.3063382e-21
1.1499760300e+2    4.6839380e-21
1.1999749878e+2    4.1546611e-21
1.2499739456e+2    3.7022784e-21
1.2999729034e+2    3.3130599e-21
1.3499718613e+2    2.9770197e-21
-----------------------------

