EXCITATION
N(2s_2p4_4Pe) -> N(2p2_3P_4p_4Po)
 1.326800e+1
SPECIES: e / N(2s_2p4_4Pe)
PROCESS: E + N(2s_2p4_4Pe) -> E + N(2p2_3P_4p_4Po), Excitation
PARAM.:  E = 13.268 eV
UPDATED: 2019-01-30 20:10:47
COLUMNS: Energy (eV) | Cross section (m2)
-----------------------------
1.3267779230e+1    0.0000000e+7
1.3278634790e+1    2.1225374e-22
1.3305845100e+1    5.2061615e-22
1.3319450260e+1    6.0253384e-22
1.3333055420e+1    6.9773654e-22
1.3346660580e+1    7.6601375e-22
1.3360265740e+1    6.0605209e-22
1.3373870900e+1    7.5202229e-22
1.3387476050e+1    8.7470945e-22
1.3401081210e+1    9.8636515e-22
1.3414686370e+1    1.0282093e-21
1.3428291530e+1    1.1731549e-21
1.3441896690e+1    1.2053084e-21
1.3455501850e+1    9.0311275e-22
1.3469107010e+1    9.1531755e-22
1.3482712160e+1    9.6525335e-22
1.3496317320e+1    1.0234865e-21
1.3509922480e+1    1.0698236e-21
1.3523527640e+1    1.1345692e-21
1.3537132800e+1    1.2299888e-21
1.3550737960e+1    1.2902866e-21
1.3564343120e+1    1.3494918e-21
1.3577948270e+1    1.7938488e-21
1.3591553430e+1    1.6878551e-21
1.3605158590e+1    1.5472356e-21
1.3618763750e+1    1.5105137e-21
1.3632368910e+1    1.6126743e-21
1.3645974070e+1    1.4881839e-21
1.3659579230e+1    1.2936072e-21
1.3673184380e+1    1.0713147e-21
1.3700394700e+1    1.3828670e-21
1.3713999860e+1    1.3785394e-21
1.3754815340e+1    8.7987236e-22
1.3768420490e+1    9.4724793e-22
1.3782025650e+1    1.0257623e-21
1.3795630810e+1    9.5271350e-22
1.3809235970e+1    9.4639108e-22
1.3822841130e+1    8.8944409e-22
1.3836446290e+1    8.5278574e-22
1.3850051450e+1    8.6765678e-22
1.3863656600e+1    8.7633219e-22
1.3877261760e+1    8.9541134e-22
1.3890866920e+1    8.9650778e-22
1.3904472080e+1    8.7692836e-22
1.3918077240e+1    1.0652590e-21
1.3931682400e+1    1.1525262e-21
1.3945287560e+1    1.1625132e-21
1.3958892720e+1    1.1684844e-21
1.3972497870e+1    1.1590856e-21
1.3986103030e+1    1.0938641e-21
1.3999708190e+1    1.1779423e-21
1.4013313350e+1    1.2493216e-21
1.4026918510e+1    1.1988607e-21
1.4040523670e+1    1.2865320e-21
1.4054128830e+1    1.2061599e-21
1.4067733980e+1    1.3998598e-21
1.4081339140e+1    1.3626661e-21
1.4094944300e+1    1.4789624e-21
1.4108549460e+1    1.2600263e-21
1.4122154620e+1    1.2238382e-21
1.4135759780e+1    1.2315633e-21
1.4149364940e+1    1.2379658e-21
1.4162970090e+1    1.1868441e-21
1.4176575250e+1    1.1630591e-21
1.4190180410e+1    1.1236756e-21
1.4203785570e+1    1.0938127e-21
1.4217390730e+1    1.0657727e-21
1.4230995890e+1    1.0293970e-21
1.4244601050e+1    1.0212602e-21
1.4258206200e+1    9.8524661e-22
1.4271811360e+1    9.4479850e-22
1.4285416520e+1    9.3929850e-22
1.4299021680e+1    9.4308796e-22
1.4312626840e+1    9.0248409e-22
1.4326232000e+1    8.9889530e-22
1.4339837160e+1    8.5644402e-22
1.4353442310e+1    9.2926121e-22
1.4367047470e+1    9.7504909e-22
1.4380652630e+1    1.0097081e-21
1.4394257790e+1    1.0375027e-21
1.4407862950e+1    1.0441913e-21
1.4421468110e+1    1.0054285e-21
1.4435073270e+1    1.0128981e-21
1.4448678420e+1    9.6143860e-22
1.4462283580e+1    9.0521600e-22
1.4475888740e+1    9.1092558e-22
1.4489493900e+1    9.2319490e-22
1.4503099060e+1    9.3153209e-22
1.4516704220e+1    9.5989196e-22
1.4530309380e+1    8.9606219e-22
1.4543914530e+1    8.9134975e-22
1.4557519690e+1    9.4100298e-22
1.4571124850e+1    9.9685754e-22
1.4584730010e+1    9.9467693e-22
1.4598335170e+1    9.7131312e-22
1.4611940330e+1    9.3512082e-22
1.4625545490e+1    8.8849910e-22
1.4639150640e+1    8.8870406e-22
1.4652755800e+1    8.4947470e-22
1.4666360960e+1    8.8390870e-22
1.4679966120e+1    9.1634505e-22
1.4693571280e+1    9.3930517e-22
1.4707176440e+1    9.5735905e-22
1.4720781600e+1    9.7747399e-22
1.4734386750e+1    9.5006715e-22
1.4747991910e+1    9.9611192e-22
1.4761597070e+1    9.4876036e-22
1.4775202230e+1    9.5536285e-22
1.4788807390e+1    9.8787809e-22
1.4802412550e+1    9.4375648e-22
1.4816017710e+1    9.5213040e-22
1.4829622860e+1    9.3392361e-22
1.4843228020e+1    9.2591991e-22
1.4856833180e+1    9.3606914e-22
1.4870438340e+1    9.4385588e-22
1.4884043500e+1    9.3701820e-22
1.4897648660e+1    9.2193874e-22
1.4911253820e+1    8.6114345e-22
1.4924858980e+1    9.5778070e-22
1.4938464130e+1    9.4983950e-22
1.4952069290e+1    9.3876605e-22
1.4965674450e+1    1.0063033e-21
1.4979279610e+1    1.0351967e-21
1.4992884770e+1    9.9540283e-22
1.5006489930e+1    9.6405545e-22
1.5020095090e+1    9.3509321e-22
1.5033700240e+1    9.4220352e-22
1.5047305400e+1    9.2541130e-22
1.5060910560e+1    9.4327732e-22
1.5074515720e+1    9.2064846e-22
1.5088120880e+1    9.1317765e-22
1.5101726040e+1    8.7665530e-22
1.5115331200e+1    8.3199419e-22
1.5128936350e+1    8.2985103e-22
1.5142541510e+1    8.4801686e-22
1.5156146670e+1    8.1549177e-22
1.5169751830e+1    8.1317229e-22
1.5183356990e+1    7.8811939e-22
1.5196962150e+1    7.6057029e-22
1.5210567310e+1    7.3802611e-22
1.5224172460e+1    7.3459205e-22
1.5237777620e+1    7.2201909e-22
1.5251382780e+1    7.4031469e-22
1.5264987940e+1    7.0990151e-22
1.5278593100e+1    7.0696960e-22
1.5292198260e+1    6.6585477e-22
1.5305803420e+1    7.2511374e-22
1.5319408570e+1    7.2603848e-22
1.5333013730e+1    7.0510760e-22
1.5346618890e+1    7.3566352e-22
1.5360224050e+1    7.4817860e-22
1.5373829210e+1    7.4657544e-22
1.5387434370e+1    7.3031427e-22
1.5401039530e+1    7.2523382e-22
1.5414644680e+1    7.1804567e-22
1.5428249840e+1    6.9517102e-22
1.5441855000e+1    6.9487748e-22
1.5455460160e+1    6.9086681e-22
1.5469065320e+1    6.9636657e-22
1.5482670480e+1    7.0072849e-22
1.5509880790e+1    6.6546305e-22
1.5523485950e+1    6.5783218e-22
1.5537091110e+1    6.5443265e-22
1.5550696270e+1    6.6000016e-22
1.5564301430e+1    6.6417373e-22
1.5577906590e+1    6.6108180e-22
1.5591511750e+1    6.7533108e-22
1.5605116900e+1    6.7118504e-22
1.5618722060e+1    6.5709460e-22
1.5632327220e+1    7.0222124e-22
1.5645932380e+1    7.0103029e-22
1.5659537540e+1    6.8593005e-22
1.5673142700e+1    6.7623311e-22
1.5686747860e+1    6.8011248e-22
1.5700353010e+1    6.6795519e-22
1.5713958170e+1    6.6190196e-22
1.5727563330e+1    6.5311582e-22
1.5741168490e+1    6.6758924e-22
1.5754773650e+1    6.6888385e-22
1.5768378810e+1    6.8031437e-22
1.5781983970e+1    6.7702087e-22
1.5795589120e+1    6.8181751e-22
1.5809194280e+1    6.8439069e-22
1.5822799440e+1    6.9590497e-22
1.5836404600e+1    7.0098485e-22
1.5850009760e+1    7.1708891e-22
1.5863614920e+1    6.9391611e-22
1.5877220080e+1    6.9021078e-22
1.5890825240e+1    7.1780640e-22
1.5904430390e+1    6.8827851e-22
1.5918035550e+1    6.9189936e-22
1.5931640710e+1    7.0841269e-22
1.5945245870e+1    7.1974322e-22
1.5958851030e+1    7.1812805e-22
1.5972456190e+1    7.2158869e-22
1.5986061350e+1    7.3253951e-22
1.5999666500e+1    7.1442516e-22
1.6013271660e+1    7.3223768e-22
1.6026876820e+1    7.4194648e-22
1.6040481980e+1    8.1039160e-22
1.6054087140e+1    9.4869670e-22
1.6067692300e+1    8.2051366e-22
1.6081297460e+1    7.3334266e-22
1.6094902610e+1    7.0836191e-22
1.6108507770e+1    7.0135919e-22
1.6122112930e+1    7.0087450e-22
1.6135718090e+1    6.7045656e-22
1.6149323250e+1    6.6427851e-22
1.6162928410e+1    6.5358957e-22
1.6176533570e+1    6.4493922e-22
1.6190138720e+1    6.7468460e-22
1.6203743880e+1    6.6411114e-22
1.6217349040e+1    6.5064112e-22
1.6230954200e+1    6.5108582e-22
1.6244559360e+1    6.7474040e-22
1.6258164520e+1    6.8408073e-22
1.6271769680e+1    6.8136371e-22
1.6285374830e+1    7.0236310e-22
1.6298979990e+1    7.3317951e-22
1.6312585150e+1    7.2289750e-22
1.6326190310e+1    7.4648078e-22
1.6339795470e+1    7.4828988e-22
1.6353400630e+1    8.1743825e-22
1.6367005790e+1    8.0266667e-22
1.6394216100e+1    7.5927489e-22
1.6407821260e+1    7.1517405e-22
1.6421426420e+1    6.9798722e-22
1.6435031580e+1    6.5086537e-22
1.6448636740e+1    6.0891583e-22
1.6462241900e+1    5.7937766e-22
1.6475847050e+1    5.6053989e-22
1.6489452210e+1    5.5320785e-22
1.6503057370e+1    5.3825906e-22
1.6516662530e+1    5.2689955e-22
1.6530267690e+1    5.2286228e-22
1.6543872850e+1    5.1327470e-22
1.6557478010e+1    5.2250971e-22
1.6571083160e+1    5.2127019e-22
1.6584688320e+1    5.2649069e-22
1.6598293480e+1    5.1164779e-22
1.6611898640e+1    5.0944040e-22
1.6625503800e+1    5.0611955e-22
1.6639108960e+1    5.3032809e-22
1.6652714120e+1    5.2125573e-22
1.6679924430e+1    5.6315554e-22
1.6693529590e+1    5.5480117e-22
1.6707134750e+1    5.6566881e-22
1.6720739910e+1    5.6150607e-22
1.6734345070e+1    5.6100468e-22
1.6747950230e+1    5.6533784e-22
1.6761555380e+1    5.4179651e-22
1.6775160540e+1    5.4487755e-22
1.6788765700e+1    5.3718176e-22
1.6802370860e+1    5.4356136e-22
1.6815976020e+1    5.4516402e-22
1.6829581180e+1    5.3907483e-22
1.6843186340e+1    5.2954374e-22
1.6856791500e+1    5.6812274e-22
1.6870396650e+1    6.0939367e-22
1.6884001810e+1    6.4413826e-22
1.6897606970e+1    6.1261197e-22
1.6911212130e+1    5.8543764e-22
1.6924817290e+1    5.7287930e-22
1.6938422450e+1    5.7532437e-22
1.6952027610e+1    5.8507722e-22
1.6965632760e+1    5.7365144e-22
1.6979237920e+1    5.7186224e-22
1.6992843080e+1    5.7915506e-22
1.7006448240e+1    5.6439272e-22
1.7020053400e+1    5.7710859e-22
1.7033658560e+1    5.8186758e-22
1.7047263720e+1    5.7470773e-22
1.7060868870e+1    5.8416423e-22
1.7074474030e+1    5.8117118e-22
1.7088079190e+1    5.8223429e-22
1.7101684350e+1    6.0302704e-22
1.7115289510e+1    5.8664428e-22
1.7128894670e+1    5.8915928e-22
1.7142499830e+1    6.0189608e-22
1.7156104980e+1    5.9917677e-22
1.7169710140e+1    5.8406190e-22
1.7183315300e+1    5.9741204e-22
1.7196920460e+1    6.0291106e-22
1.7210525620e+1    6.0789971e-22
1.7224130780e+1    6.1980790e-22
1.7237735940e+1    8.2321820e-22
1.7251341090e+1    7.6034251e-22
1.7264946250e+1    6.2210816e-22
1.7278551410e+1    5.7984337e-22
1.7292156570e+1    5.7440924e-22
1.7305761730e+1    5.7328229e-22
1.7319366890e+1    5.7119739e-22
1.7332972050e+1    5.9634085e-22
1.7346577200e+1    5.8985041e-22
1.7360182360e+1    5.6908245e-22
1.7373787520e+1    5.5608105e-22
1.7387392680e+1    5.1787402e-22
1.7400997840e+1    5.1719703e-22
1.7414603000e+1    5.2710197e-22
1.7428208160e+1    5.1647710e-22
1.7441813310e+1    5.2201550e-22
1.7455418470e+1    5.2069716e-22
1.7469023630e+1    5.0933133e-22
1.7482628790e+1    5.1394931e-22
1.7496233950e+1    5.2425720e-22
1.7509839110e+1    5.5467685e-22
1.7523444270e+1    5.0937717e-22
1.7537049420e+1    4.8213496e-22
1.7550654580e+1    5.1800954e-22
1.7564259740e+1    4.8028443e-22
1.7577864900e+1    4.7042510e-22
1.7591470060e+1    4.6834987e-22
1.7605075220e+1    4.7168176e-22
1.7618680380e+1    4.5900475e-22
1.7632285530e+1    4.6620693e-22
1.7645890690e+1    4.8966687e-22
1.7659495850e+1    5.0558098e-22
1.7673101010e+1    5.3078560e-22
1.7686706170e+1    4.9549405e-22
1.7700311330e+1    4.7693145e-22
1.7713916490e+1    4.6000967e-22
1.7727521640e+1    4.5483339e-22
1.7741126800e+1    4.4379303e-22
1.7754731960e+1    4.4169621e-22
1.7768337120e+1    4.3348413e-22
1.7781942280e+1    4.4416959e-22
1.7795547440e+1    4.3581404e-22
1.7809152600e+1    4.2638095e-22
1.7822757760e+1    4.2542951e-22
1.7836362910e+1    4.1824863e-22
1.7849968070e+1    4.2416086e-22
1.7863573230e+1    4.2453656e-22
1.7877178390e+1    4.2556725e-22
1.7890783550e+1    4.1982755e-22
1.7904388710e+1    4.1442087e-22
1.7917993870e+1    4.0641092e-22
1.7931599020e+1    4.0913419e-22
1.7945204180e+1    3.9933505e-22
1.7958809340e+1    4.0869020e-22
1.7972414500e+1    4.0729155e-22
1.7986019660e+1    4.0701424e-22
1.7999624820e+1    4.1056980e-22
1.8013229980e+1    4.0678416e-22
1.8026835130e+1    4.1605443e-22
1.8040440290e+1    4.0589674e-22
1.8054045450e+1    4.0733038e-22
1.8067650610e+1    4.0524999e-22
1.8081255770e+1    4.0280801e-22
1.8094860930e+1    4.0567521e-22
1.8108466090e+1    4.0794281e-22
1.8122071240e+1    4.0279106e-22
1.8135676400e+1    4.0335225e-22
1.8149281560e+1    4.0422905e-22
1.8162886720e+1    4.1167915e-22
1.8176491880e+1    4.1763350e-22
1.8190097040e+1    4.2545181e-22
1.8203702200e+1    4.3656301e-22
1.8217307350e+1    4.4895106e-22
1.8230912510e+1    4.4358142e-22
1.8244517670e+1    4.7092670e-22
1.8258122830e+1    4.8709397e-22
1.8271727990e+1    5.0637020e-22
1.8285333150e+1    4.9437133e-22
1.8298938310e+1    4.7017033e-22
1.8312543460e+1    4.4472090e-22
1.8326148620e+1    4.5338760e-22
1.8339753780e+1    4.5416348e-22
1.8353358940e+1    4.4992268e-22
1.8366964100e+1    4.5370034e-22
1.8380569260e+1    4.6291181e-22
1.8394174420e+1    4.6223662e-22
1.8407779570e+1    4.6670167e-22
1.8421384730e+1    4.6563887e-22
1.8434989890e+1    4.6725640e-22
1.8448595050e+1    4.7156910e-22
1.8462200210e+1    4.7477946e-22
1.8475805370e+1    4.6843051e-22
1.8489410530e+1    4.5824138e-22
1.8503015680e+1    4.6033521e-22
1.8516620840e+1    4.5999578e-22
1.8530226000e+1    4.5235936e-22
1.8543831160e+1    4.5344535e-22
1.8557436320e+1    4.5365653e-22
1.8571041480e+1    4.4787074e-22
1.8584646640e+1    4.4849237e-22
1.8598251790e+1    4.4851765e-22
1.8611856950e+1    4.5131416e-22
1.8625462110e+1    4.6195441e-22
1.8639067270e+1    4.5577864e-22
1.8652672430e+1    4.5665102e-22
1.8666277590e+1    4.4301085e-22
1.8679882750e+1    4.5033541e-22
1.8693487900e+1    4.7757388e-22
1.8707093060e+1    1.1804179e-21
1.8720698220e+1    4.6435067e-22
1.8734303380e+1    4.5965836e-22
1.8747908540e+1    4.4561517e-22
1.8761513700e+1    4.4441284e-22
1.8775118860e+1    4.4831999e-22
1.8788724020e+1    4.4035182e-22
1.8802329170e+1    4.4354424e-22
1.8815934330e+1    4.4741985e-22
1.8829539490e+1    4.4235887e-22
1.8843144650e+1    4.4074286e-22
1.8856749810e+1    4.3537201e-22
1.8870354970e+1    4.3122587e-22
1.8883960130e+1    4.3790132e-22
1.8897565280e+1    4.3356794e-22
1.8911170440e+1    4.2670026e-22
1.8924775600e+1    4.2990927e-22
1.8938380760e+1    4.2833058e-22
1.8951985920e+1    4.2250589e-22
1.8965591080e+1    4.2662203e-22
1.8979196240e+1    4.2185576e-22
1.8992801390e+1    4.2176856e-22
1.9006406550e+1    4.2179641e-22
1.9020011710e+1    4.1678032e-22
1.9033616870e+1    4.1756359e-22
1.9047222030e+1    4.1723981e-22
1.9060827190e+1    4.1686247e-22
1.9074432350e+1    4.1047627e-22
1.9088037500e+1    4.1094727e-22
1.9101642660e+1    4.1056029e-22
1.9115247820e+1    4.0253660e-22
1.9128852980e+1    3.9327566e-22
1.9142458140e+1    3.9213764e-22
1.9156063300e+1    3.9886422e-22
1.9169668460e+1    3.9263569e-22
1.9183273610e+1    3.8250899e-22
1.9196878770e+1    3.8788362e-22
1.9210483930e+1    3.7657156e-22
1.9224089090e+1    3.6990016e-22
1.9237694250e+1    3.6322074e-22
1.9251299410e+1    3.5598105e-22
1.9264904570e+1    3.5139739e-22
1.9278509720e+1    3.5213020e-22
1.9292114880e+1    3.4511310e-22
1.9305720040e+1    3.4838255e-22
1.9319325200e+1    3.4665328e-22
1.9332930360e+1    3.5615514e-22
1.9346535520e+1    3.5677209e-22
1.9360140680e+1    3.5664642e-22
1.9373745830e+1    3.5300773e-22
1.9387350990e+1    3.4570006e-22
1.9400956150e+1    3.5449218e-22
1.9414561310e+1    3.6544494e-22
1.9428166470e+1    3.5113855e-22
1.9441771630e+1    3.6316517e-22
1.9455376790e+1    3.6148245e-22
1.9468981940e+1    3.6415916e-22
1.9482587100e+1    4.1277477e-22
1.9496192260e+1    3.3880822e-22
1.9509797420e+1    3.3319055e-22
1.9523402580e+1    3.4698887e-22
1.9537007740e+1    3.2150688e-22
1.9550612900e+1    3.1883010e-22
1.9564218050e+1    3.2362154e-22
1.9577823210e+1    3.2316812e-22
1.9591428370e+1    3.2999331e-22
1.9999583130e+1    4.4371675e-22
2.4999478910e+1    2.5690790e-22
2.9999374690e+1    2.1322815e-22
3.4999270480e+1    1.7435441e-22
3.9999166260e+1    1.4629044e-22
4.4999062040e+1    1.2517866e-22
4.9998957820e+1    1.0812250e-22
5.4998853610e+1    9.3955008e-23
5.9998749390e+1    8.2158155e-23
6.4998645170e+1    7.2752681e-23
6.9998540950e+1    6.4886556e-23
7.4998436740e+1    5.8314534e-23
7.9998332520e+1    5.2786280e-23
8.4998228300e+1    4.8104098e-23
8.9998124080e+1    4.4087524e-23
9.4998019870e+1    4.0659243e-23
9.9997915650e+1    3.7689641e-23
1.0499781143e+2    3.5102419e-23
1.0999770721e+2    3.2830282e-23
1.1499760300e+2    3.0819462e-23
1.1999749878e+2    2.9029507e-23
1.2499739456e+2    2.7423177e-23
1.2999729034e+2    2.5972755e-23
1.3499718613e+2    2.4655525e-23
-----------------------------

