EXCITATION
N(2p2_3P_3p_2Po) -> N(2p2_3P_4p_4So)
 1.332000e+1
SPECIES: e / N(2p2_3P_3p_2Po)
PROCESS: E + N(2p2_3P_3p_2Po) -> E + N(2p2_3P_4p_4So), Excitation
PARAM.:  E = 13.32 eV
UPDATED: 2019-01-30 20:10:48
COLUMNS: Energy (eV) | Cross section (m2)
-----------------------------
1.3319944130e+1    0.0000000e+7
1.3333055420e+1    2.9627259e-23
1.3346660580e+1    1.2636228e-22
1.3360265740e+1    3.8644488e-22
1.3373870900e+1    5.7063586e-22
1.3387476050e+1    7.3570566e-22
1.3401081210e+1    1.0800208e-21
1.3414686370e+1    1.3140304e-21
1.3428291530e+1    1.8347105e-21
1.3441896690e+1    2.3320005e-21
1.3455501850e+1    2.5485835e-21
1.3469107010e+1    3.0450271e-21
1.3482712160e+1    3.2688045e-21
1.3496317320e+1    3.4075469e-21
1.3509922480e+1    2.5603195e-21
1.3523527640e+1    2.8432504e-21
1.3537132800e+1    3.0817804e-21
1.3550737960e+1    3.6484651e-21
1.3564343120e+1    3.7909356e-21
1.3577948270e+1    3.6207663e-21
1.3591553430e+1    3.7206295e-21
1.3605158590e+1    4.3612267e-21
1.3618763750e+1    4.4390497e-21
1.3632368910e+1    4.0419970e-21
1.3645974070e+1    3.7430807e-21
1.3659579230e+1    3.1704176e-21
1.3673184380e+1    3.8203105e-21
1.3700394700e+1    3.4609038e-21
1.3713999860e+1    4.0858994e-21
1.3754815340e+1    3.6991260e-21
1.3768420490e+1    4.2720362e-21
1.3782025650e+1    4.0644015e-21
1.3795630810e+1    2.3601267e-21
1.3809235970e+1    2.4028754e-21
1.3822841130e+1    2.4622975e-21
1.3836446290e+1    2.7814522e-21
1.3850051450e+1    2.9058238e-21
1.3863656600e+1    3.0879647e-21
1.3877261760e+1    3.2871476e-21
1.3890866920e+1    3.2950230e-21
1.3904472080e+1    2.7974102e-21
1.3918077240e+1    2.8557176e-21
1.3931682400e+1    3.5310426e-21
1.3945287560e+1    3.4638547e-21
1.3958892720e+1    3.5503875e-21
1.3972497870e+1    3.2111507e-21
1.3986103030e+1    3.2037833e-21
1.3999708190e+1    3.3355449e-21
1.4013313350e+1    2.6642050e-21
1.4026918510e+1    2.6978143e-21
1.4040523670e+1    2.7977306e-21
1.4054128830e+1    3.9629292e-21
1.4067733980e+1    3.8888763e-21
1.4081339140e+1    2.8309584e-21
1.4094944300e+1    2.4874271e-21
1.4108549460e+1    2.5381341e-21
1.4122154620e+1    3.1180295e-21
1.4135759780e+1    3.3659219e-21
1.4149364940e+1    3.1005675e-21
1.4162970090e+1    3.1169319e-21
1.4176575250e+1    2.8577194e-21
1.4190180410e+1    2.5985454e-21
1.4203785570e+1    2.7358691e-21
1.4217390730e+1    2.9126272e-21
1.4230995890e+1    2.8496617e-21
1.4244601050e+1    2.6484196e-21
1.4258206200e+1    2.8688132e-21
1.4271811360e+1    2.9682685e-21
1.4285416520e+1    2.7915018e-21
1.4299021680e+1    3.0637104e-21
1.4312626840e+1    3.2045551e-21
1.4326232000e+1    3.4410610e-21
1.4339837160e+1    3.6158743e-21
1.4353442310e+1    3.4724415e-21
1.4367047470e+1    3.7345447e-21
1.4380652630e+1    4.4166493e-21
1.4394257790e+1    4.2100994e-21
1.4407862950e+1    4.0413195e-21
1.4421468110e+1    3.9273695e-21
1.4435073270e+1    3.7624747e-21
1.4448678420e+1    3.2258899e-21
1.4462283580e+1    2.9203085e-21
1.4475888740e+1    2.9473450e-21
1.4489493900e+1    2.8891076e-21
1.4503099060e+1    2.8969793e-21
1.4516704220e+1    2.6470703e-21
1.4530309380e+1    2.3113365e-21
1.4543914530e+1    2.3010957e-21
1.4557519690e+1    2.3848559e-21
1.4571124850e+1    2.0756379e-21
1.4584730010e+1    2.1414451e-21
1.4598335170e+1    1.9770374e-21
1.4611940330e+1    1.9430993e-21
1.4625545490e+1    2.0457634e-21
1.4639150640e+1    1.9410560e-21
1.4652755800e+1    1.9095747e-21
1.4666360960e+1    1.8322774e-21
1.4679966120e+1    1.9074274e-21
1.4693571280e+1    1.6956814e-21
1.4707176440e+1    1.7503626e-21
1.4720781600e+1    1.8030461e-21
1.4734386750e+1    2.2588424e-21
1.4747991910e+1    1.9429131e-21
1.4761597070e+1    1.8175864e-21
1.4775202230e+1    1.6736710e-21
1.4788807390e+1    1.8742663e-21
1.4802412550e+1    1.6743385e-21
1.4816017710e+1    1.8127154e-21
1.4829622860e+1    1.7534664e-21
1.4843228020e+1    1.6247951e-21
1.4856833180e+1    1.6106494e-21
1.4870438340e+1    1.7715969e-21
1.4884043500e+1    1.8690646e-21
1.4897648660e+1    1.9107861e-21
1.4911253820e+1    1.8856248e-21
1.4924858980e+1    1.6625938e-21
1.4938464130e+1    1.7590846e-21
1.4952069290e+1    1.7002618e-21
1.4965674450e+1    1.6768466e-21
1.4979279610e+1    1.8357036e-21
1.4992884770e+1    1.6888905e-21
1.5006489930e+1    1.7186200e-21
1.5020095090e+1    1.7585683e-21
1.5033700240e+1    1.9137226e-21
1.5047305400e+1    1.8206790e-21
1.5060910560e+1    1.6342841e-21
1.5074515720e+1    1.5884750e-21
1.5088120880e+1    1.5530228e-21
1.5101726040e+1    1.4335613e-21
1.5115331200e+1    1.4726135e-21
1.5128936350e+1    1.5556144e-21
1.5142541510e+1    1.4984146e-21
1.5156146670e+1    1.3219530e-21
1.5169751830e+1    1.3465436e-21
1.5183356990e+1    1.4422890e-21
1.5196962150e+1    1.5403636e-21
1.5210567310e+1    1.5652356e-21
1.5224172460e+1    1.5261429e-21
1.5237777620e+1    1.4467063e-21
1.5251382780e+1    1.3444387e-21
1.5264987940e+1    1.3192837e-21
1.5278593100e+1    1.2660956e-21
1.5292198260e+1    1.3902794e-21
1.5305803420e+1    1.4955863e-21
1.5319408570e+1    1.2950106e-21
1.5333013730e+1    1.1728107e-21
1.5346618890e+1    1.2522339e-21
1.5360224050e+1    1.1680901e-21
1.5373829210e+1    1.1500073e-21
1.5387434370e+1    1.1093268e-21
1.5401039530e+1    1.1105970e-21
1.5414644680e+1    1.0233882e-21
1.5428249840e+1    9.6964663e-22
1.5441855000e+1    9.0393655e-22
1.5455460160e+1    9.2432234e-22
1.5469065320e+1    9.1022956e-22
1.5482670480e+1    8.6143811e-22
1.5509880790e+1    9.3081714e-22
1.5523485950e+1    9.1960036e-22
1.5537091110e+1    8.9093544e-22
1.5550696270e+1    8.1133311e-22
1.5564301430e+1    8.2137248e-22
1.5577906590e+1    8.5141372e-22
1.5591511750e+1    8.1504392e-22
1.5605116900e+1    8.1822843e-22
1.5618722060e+1    7.5501241e-22
1.5632327220e+1    7.8986596e-22
1.5645932380e+1    7.4091188e-22
1.5659537540e+1    8.6568700e-22
1.5673142700e+1    8.0750946e-22
1.5686747860e+1    7.8740570e-22
1.5700353010e+1    7.8481335e-22
1.5713958170e+1    8.4868406e-22
1.5727563330e+1    8.7487707e-22
1.5741168490e+1    8.5613078e-22
1.5754773650e+1    8.5041927e-22
1.5768378810e+1    8.6491401e-22
1.5781983970e+1    7.7410110e-22
1.5795589120e+1    8.2603131e-22
1.5809194280e+1    8.6560429e-22
1.5822799440e+1    9.0341252e-22
1.5836404600e+1    9.0087378e-22
1.5850009760e+1    9.4112353e-22
1.5863614920e+1    8.2766057e-22
1.5877220080e+1    8.4511112e-22
1.5890825240e+1    8.4607302e-22
1.5904430390e+1    8.3776663e-22
1.5918035550e+1    7.5997066e-22
1.5931640710e+1    7.6266981e-22
1.5945245870e+1    7.8814424e-22
1.5958851030e+1    7.6602598e-22
1.5972456190e+1    7.1763072e-22
1.5986061350e+1    7.4701875e-22
1.5999666500e+1    7.5966370e-22
1.6013271660e+1    6.8914750e-22
1.6026876820e+1    7.0886336e-22
1.6040481980e+1    7.5460133e-22
1.6054087140e+1    6.9432299e-22
1.6067692300e+1    6.9497059e-22
1.6081297460e+1    6.7936616e-22
1.6094902610e+1    7.0030563e-22
1.6108507770e+1    6.5315113e-22
1.6122112930e+1    6.1645739e-22
1.6135718090e+1    6.1458033e-22
1.6149323250e+1    6.0461201e-22
1.6162928410e+1    6.0136298e-22
1.6176533570e+1    6.1010199e-22
1.6190138720e+1    5.9092229e-22
1.6203743880e+1    5.6990268e-22
1.6217349040e+1    5.7955540e-22
1.6230954200e+1    5.4085887e-22
1.6244559360e+1    5.7824294e-22
1.6258164520e+1    5.6746431e-22
1.6271769680e+1    5.7857159e-22
1.6285374830e+1    5.7514342e-22
1.6298979990e+1    5.6987102e-22
1.6312585150e+1    5.3698752e-22
1.6326190310e+1    5.6004709e-22
1.6339795470e+1    5.7120578e-22
1.6353400630e+1    5.4971109e-22
1.6367005790e+1    5.9473620e-22
1.6394216100e+1    6.4969852e-22
1.6407821260e+1    6.2662065e-22
1.6421426420e+1    5.9193679e-22
1.6435031580e+1    5.8319885e-22
1.6448636740e+1    6.1503163e-22
1.6462241900e+1    6.1719794e-22
1.6475847050e+1    5.7853286e-22
1.6489452210e+1    6.2086098e-22
1.6503057370e+1    5.5935797e-22
1.6516662530e+1    5.6302842e-22
1.6530267690e+1    5.8271908e-22
1.6543872850e+1    6.1085220e-22
1.6557478010e+1    5.8473881e-22
1.6571083160e+1    5.8095964e-22
1.6584688320e+1    5.7567815e-22
1.6598293480e+1    5.3304498e-22
1.6611898640e+1    5.2177864e-22
1.6625503800e+1    5.4802767e-22
1.6639108960e+1    5.6074184e-22
1.6652714120e+1    5.4877998e-22
1.6679924430e+1    5.5557129e-22
1.6693529590e+1    5.4429469e-22
1.6707134750e+1    5.5058454e-22
1.6720739910e+1    4.9190584e-22
1.6734345070e+1    5.1597900e-22
1.6747950230e+1    5.0573926e-22
1.6761555380e+1    4.8156954e-22
1.6775160540e+1    4.7147735e-22
1.6788765700e+1    4.6342827e-22
1.6802370860e+1    5.3362116e-22
1.6815976020e+1    4.9193532e-22
1.6829581180e+1    4.7289784e-22
1.6843186340e+1    4.8953920e-22
1.6856791500e+1    5.0418222e-22
1.6870396650e+1    4.9927202e-22
1.6884001810e+1    4.5803645e-22
1.6897606970e+1    4.5019180e-22
1.6911212130e+1    4.3503514e-22
1.6924817290e+1    4.3313652e-22
1.6938422450e+1    4.1686713e-22
1.6952027610e+1    4.2501849e-22
1.6965632760e+1    4.3412317e-22
1.6979237920e+1    4.3539489e-22
1.6992843080e+1    4.4139626e-22
1.7006448240e+1    4.1688478e-22
1.7020053400e+1    4.4153379e-22
1.7033658560e+1    4.3110438e-22
1.7047263720e+1    3.9012148e-22
1.7060868870e+1    4.4184864e-22
1.7074474030e+1    4.4754094e-22
1.7088079190e+1    4.2342560e-22
1.7101684350e+1    4.2568873e-22
1.7115289510e+1    4.3059472e-22
1.7128894670e+1    4.5271258e-22
1.7142499830e+1    4.3001052e-22
1.7156104980e+1    4.0915608e-22
1.7169710140e+1    4.4573622e-22
1.7183315300e+1    4.0070634e-22
1.7196920460e+1    4.1092444e-22
1.7210525620e+1    3.8449414e-22
1.7224130780e+1    4.2297860e-22
1.7237735940e+1    3.8962935e-22
1.7251341090e+1    3.6985437e-22
1.7264946250e+1    3.4239660e-22
1.7278551410e+1    3.2302976e-22
1.7292156570e+1    3.5702921e-22
1.7305761730e+1    3.4364168e-22
1.7319366890e+1    3.1552592e-22
1.7332972050e+1    3.0994429e-22
1.7346577200e+1    3.0075982e-22
1.7360182360e+1    3.0372287e-22
1.7373787520e+1    3.0380047e-22
1.7387392680e+1    3.0003123e-22
1.7400997840e+1    2.8894109e-22
1.7414603000e+1    3.0582904e-22
1.7428208160e+1    2.8253901e-22
1.7441813310e+1    2.7514940e-22
1.7455418470e+1    2.0625797e-22
1.7469023630e+1    2.4564919e-22
1.7482628790e+1    2.4848434e-22
1.7496233950e+1    2.5996731e-22
1.7509839110e+1    2.3152985e-22
1.7523444270e+1    2.5347833e-22
1.7537049420e+1    2.5463487e-22
1.7550654580e+1    2.4867930e-22
1.7564259740e+1    2.5327837e-22
1.7577864900e+1    2.4140081e-22
1.7591470060e+1    2.5994281e-22
1.7605075220e+1    2.6875088e-22
1.7618680380e+1    2.5985215e-22
1.7632285530e+1    2.6347233e-22
1.7645890690e+1    2.7102645e-22
1.7659495850e+1    2.5831246e-22
1.7673101010e+1    2.4699018e-22
1.7686706170e+1    2.0944023e-22
1.7700311330e+1    1.9146633e-22
1.7713916490e+1    2.0573803e-22
1.7727521640e+1    2.5612013e-22
1.7741126800e+1    2.7239374e-22
1.7754731960e+1    2.9492180e-22
1.7768337120e+1    2.6691963e-22
1.7781942280e+1    2.2464916e-22
1.7795547440e+1    1.9418751e-22
1.7809152600e+1    1.7718368e-22
1.7822757760e+1    2.0367997e-22
1.7836362910e+1    2.2333092e-22
1.7849968070e+1    2.3816506e-22
1.7863573230e+1    2.5213613e-22
1.7877178390e+1    2.4632803e-22
1.7890783550e+1    2.3618933e-22
1.7904388710e+1    2.2478698e-22
1.7917993870e+1    2.2422919e-22
1.7931599020e+1    2.2702593e-22
1.7945204180e+1    2.1840393e-22
1.7958809340e+1    2.2914782e-22
1.7972414500e+1    2.2276271e-22
1.7986019660e+1    2.3466455e-22
1.7999624820e+1    2.2262190e-22
1.8013229980e+1    2.1915821e-22
1.8026835130e+1    2.1840309e-22
1.8040440290e+1    2.1109973e-22
1.8054045450e+1    2.1261814e-22
1.8067650610e+1    2.1911481e-22
1.8081255770e+1    2.1293286e-22
1.8094860930e+1    2.1636767e-22
1.8108466090e+1    2.2444786e-22
1.8122071240e+1    2.2312268e-22
1.8135676400e+1    2.2414598e-22
1.8149281560e+1    2.1377161e-22
1.8162886720e+1    2.2781823e-22
1.8176491880e+1    2.3385625e-22
1.8190097040e+1    2.0799016e-22
1.8203702200e+1    2.4501669e-22
1.8217307350e+1    2.4274951e-22
1.8230912510e+1    2.4132041e-22
1.8244517670e+1    2.4264035e-22
1.8258122830e+1    2.6988719e-22
1.8271727990e+1    2.6915151e-22
1.8285333150e+1    2.8265716e-22
1.8298938310e+1    2.6410076e-22
1.8312543460e+1    2.4349392e-22
1.8326148620e+1    2.4030610e-22
1.8339753780e+1    2.1639065e-22
1.8353358940e+1    2.3480764e-22
1.8366964100e+1    2.2883676e-22
1.8380569260e+1    2.1564917e-22
1.8394174420e+1    2.2349032e-22
1.8407779570e+1    2.1645593e-22
1.8421384730e+1    2.0397149e-22
1.8434989890e+1    1.9288930e-22
1.8448595050e+1    1.9558030e-22
1.8462200210e+1    1.9535632e-22
1.8475805370e+1    1.9581970e-22
1.8489410530e+1    1.9885673e-22
1.8503015680e+1    1.7862186e-22
1.8516620840e+1    1.8810573e-22
1.8530226000e+1    1.8759657e-22
1.8543831160e+1    1.8008453e-22
1.8557436320e+1    1.9050735e-22
1.8571041480e+1    2.0430924e-22
1.8584646640e+1    1.9290918e-22
1.8598251790e+1    1.9441396e-22
1.8611856950e+1    1.9389447e-22
1.8625462110e+1    1.9215770e-22
1.8639067270e+1    1.8282676e-22
1.8652672430e+1    1.9202543e-22
1.8666277590e+1    1.7453594e-22
1.8679882750e+1    1.9245640e-22
1.8693487900e+1    1.8400786e-22
1.8707093060e+1    1.7943267e-22
1.8720698220e+1    1.7153932e-22
1.8734303380e+1    1.8407577e-22
1.8747908540e+1    1.7634044e-22
1.8761513700e+1    1.8370975e-22
1.8775118860e+1    1.7766529e-22
1.8788724020e+1    1.6296633e-22
1.8802329170e+1    1.6525577e-22
1.8815934330e+1    1.6404649e-22
1.8829539490e+1    1.6716350e-22
1.8843144650e+1    1.5389786e-22
1.8856749810e+1    1.7521131e-22
1.8870354970e+1    1.7066051e-22
1.8883960130e+1    1.5939152e-22
1.8897565280e+1    1.6801693e-22
1.8911170440e+1    1.5267491e-22
1.8924775600e+1    1.4954498e-22
1.8938380760e+1    1.5100428e-22
1.8951985920e+1    1.5072765e-22
1.8965591080e+1    1.5470913e-22
1.8979196240e+1    1.6355610e-22
1.8992801390e+1    1.4702790e-22
1.9006406550e+1    1.3718315e-22
1.9020011710e+1    1.4710375e-22
1.9033616870e+1    1.3891766e-22
1.9047222030e+1    1.5192313e-22
1.9060827190e+1    1.5259245e-22
1.9074432350e+1    1.5155100e-22
1.9088037500e+1    1.4750691e-22
1.9101642660e+1    1.4532286e-22
1.9115247820e+1    1.4106930e-22
1.9128852980e+1    1.3527910e-22
1.9142458140e+1    1.4033211e-22
1.9156063300e+1    1.4020284e-22
1.9169668460e+1    1.3528537e-22
1.9183273610e+1    1.3331181e-22
1.9196878770e+1    1.3522704e-22
1.9210483930e+1    1.2868553e-22
1.9224089090e+1    1.1634645e-22
1.9237694250e+1    1.3008947e-22
1.9251299410e+1    1.1321802e-22
1.9264904570e+1    1.2510879e-22
1.9278509720e+1    1.1588008e-22
1.9292114880e+1    1.2147398e-22
1.9305720040e+1    1.2011201e-22
1.9319325200e+1    1.1444575e-22
1.9332930360e+1    1.1893030e-22
1.9346535520e+1    1.2442451e-22
1.9360140680e+1    1.1934874e-22
1.9373745830e+1    1.1221186e-22
1.9387350990e+1    1.1535266e-22
1.9400956150e+1    1.1177899e-22
1.9414561310e+1    8.6357909e-22
1.9428166470e+1    9.9212537e-23
1.9441771630e+1    1.1645104e-22
1.9455376790e+1    1.1825731e-22
1.9468981940e+1    1.1579785e-22
1.9482587100e+1    1.1147871e-22
1.9496192260e+1    1.1136052e-22
1.9509797420e+1    1.0054965e-22
1.9523402580e+1    1.0106166e-22
1.9537007740e+1    9.9558298e-23
1.9550612900e+1    1.0113342e-22
1.9564218050e+1    1.0536670e-22
1.9577823210e+1    1.0259709e-22
1.9591428370e+1    1.0358854e-22
1.9999583130e+1    7.5277311e-21
2.4999478910e+1    1.6176528e-23
2.9999374690e+1    7.1438361e-24
3.4999270480e+1    3.6576457e-24
3.9999166260e+1    1.8582836e-24
4.4999062040e+1    1.1061612e-24
4.9998957820e+1    7.6087808e-25
5.4998853610e+1    5.6059404e-25
5.9998749390e+1    5.6144239e-25
6.4998645170e+1    4.2205905e-25
6.9998540950e+1    3.4327244e-25
7.4998436740e+1    2.8150019e-25
7.9998332520e+1    2.3266028e-25
8.4998228300e+1    1.9473871e-25
8.9998124080e+1    1.6606709e-25
9.4998019870e+1    1.3992247e-25
9.9997915650e+1    1.1799621e-25
1.0499781143e+2    1.0035120e-25
1.0999770721e+2    8.4945822e-26
1.1499760300e+2    7.2836457e-26
1.1999749878e+2    6.1777855e-26
1.2499739456e+2    5.3411513e-26
1.2999729034e+2    4.6073733e-26
1.3499718613e+2    3.9888830e-26
-----------------------------

