EXCITATION
N(2p3_4So) -> N(2p2_3P_4s_2Pe)
 1.291800e+1
SPECIES: e / N(2p3_4So)
PROCESS: E + N(2p3_4So) -> E + N(2p2_3P_4s_2Pe), Excitation
PARAM.:  E = 12.918 eV
UPDATED: 2019-01-30 20:10:46
COLUMNS: Energy (eV) | Cross section (m2)
-----------------------------
1.2917851560e+1    0.0000000e+7
1.2924900660e+1    1.0945728e-23
1.2938505820e+1    1.2511622e-23
1.2952110980e+1    1.5608112e-23
1.2965716140e+1    1.7194893e-23
1.2979321300e+1    1.3539191e-23
1.2992926460e+1    1.5142613e-23
1.3006531610e+1    2.0144305e-23
1.3020136770e+1    2.0747333e-23
1.3033741930e+1    2.1016395e-23
1.3047347090e+1    2.2785814e-23
1.3060952250e+1    2.3814051e-23
1.3074557410e+1    2.2064966e-23
1.3088162570e+1    2.2934040e-23
1.3101767720e+1    2.3321819e-23
1.3115372880e+1    2.2549814e-23
1.3128978040e+1    2.1674456e-23
1.3142583200e+1    2.3575541e-23
1.3156188360e+1    2.1754933e-23
1.3169793520e+1    2.3988779e-23
1.3183398680e+1    2.4999152e-23
1.3197003830e+1    2.5935342e-23
1.3210608990e+1    2.5554511e-23
1.3224214150e+1    2.7688696e-23
1.3237819310e+1    2.8705995e-23
1.3251424470e+1    3.2833331e-23
1.3265029630e+1    3.2332615e-23
1.3278634790e+1    2.8022783e-23
1.3305845100e+1    2.1906972e-23
1.3319450260e+1    1.8337790e-23
1.3333055420e+1    2.3239969e-23
1.3346660580e+1    2.4709635e-23
1.3360265740e+1    2.1379672e-23
1.3373870900e+1    2.1400144e-23
1.3387476050e+1    2.7047900e-23
1.3401081210e+1    2.7312834e-23
1.3414686370e+1    2.4831394e-23
1.3428291530e+1    2.6908306e-23
1.3441896690e+1    2.6694765e-23
1.3455501850e+1    1.8829680e-23
1.3469107010e+1    2.8590976e-23
1.3482712160e+1    3.3624959e-23
1.3496317320e+1    3.5328040e-23
1.3509922480e+1    3.6946973e-23
1.3523527640e+1    3.6314746e-23
1.3537132800e+1    4.3606939e-23
1.3550737960e+1    4.3949941e-23
1.3564343120e+1    4.5406226e-23
1.3577948270e+1    4.6183537e-23
1.3591553430e+1    4.4981475e-23
1.3605158590e+1    3.9186232e-23
1.3618763750e+1    3.9558950e-23
1.3632368910e+1    3.7520629e-23
1.3645974070e+1    3.8342930e-23
1.3659579230e+1    3.7136512e-23
1.3673184380e+1    4.2154469e-23
1.3700394700e+1    4.8862515e-23
1.3713999860e+1    4.6930840e-23
1.3754815340e+1    4.3831478e-23
1.3768420490e+1    4.4371485e-23
1.3782025650e+1    4.5121618e-23
1.3795630810e+1    4.8898285e-23
1.3809235970e+1    4.5799766e-23
1.3822841130e+1    4.4087647e-23
1.3836446290e+1    4.2373372e-23
1.3850051450e+1    3.9189092e-23
1.3863656600e+1    3.9070131e-23
1.3877261760e+1    3.5512614e-23
1.3890866920e+1    3.2616777e-23
1.3904472080e+1    3.0801327e-23
1.3918077240e+1    3.1025654e-23
1.3931682400e+1    3.0538838e-23
1.3945287560e+1    3.0266292e-23
1.3958892720e+1    2.9432452e-23
1.3972497870e+1    3.2692829e-23
1.3986103030e+1    3.2165257e-23
1.3999708190e+1    3.1801248e-23
1.4013313350e+1    3.2014491e-23
1.4026918510e+1    3.1930134e-23
1.4040523670e+1    3.2707922e-23
1.4054128830e+1    3.1532141e-23
1.4067733980e+1    3.0131910e-23
1.4081339140e+1    3.0808440e-23
1.4094944300e+1    3.1939233e-23
1.4108549460e+1    3.4255569e-23
1.4122154620e+1    3.3110605e-23
1.4135759780e+1    3.3801775e-23
1.4149364940e+1    3.5487374e-23
1.4162970090e+1    2.8723177e-23
1.4176575250e+1    3.6515225e-23
1.4190180410e+1    3.3801252e-23
1.4203785570e+1    3.6261766e-23
1.4217390730e+1    3.4870849e-23
1.4230995890e+1    3.3397770e-23
1.4244601050e+1    3.2410225e-23
1.4258206200e+1    3.1053723e-23
1.4271811360e+1    3.1738177e-23
1.4285416520e+1    3.2238651e-23
1.4299021680e+1    3.2865262e-23
1.4312626840e+1    3.4193538e-23
1.4326232000e+1    3.4873803e-23
1.4339837160e+1    3.8228117e-23
1.4353442310e+1    3.5819391e-23
1.4367047470e+1    3.6482284e-23
1.4380652630e+1    3.7139333e-23
1.4394257790e+1    3.7971274e-23
1.4407862950e+1    3.7736817e-23
1.4421468110e+1    3.7206049e-23
1.4435073270e+1    3.8041800e-23
1.4448678420e+1    3.6920908e-23
1.4462283580e+1    3.5778909e-23
1.4475888740e+1    3.4455967e-23
1.4489493900e+1    3.4473102e-23
1.4503099060e+1    3.2259031e-23
1.4516704220e+1    3.2395107e-23
1.4530309380e+1    3.4724618e-23
1.4543914530e+1    3.4534154e-23
1.4557519690e+1    3.2026356e-23
1.4571124850e+1    3.4036035e-23
1.4584730010e+1    3.2887364e-23
1.4598335170e+1    3.3349262e-23
1.4611940330e+1    3.3752834e-23
1.4625545490e+1    3.4160086e-23
1.4639150640e+1    3.4076738e-23
1.4652755800e+1    3.4021916e-23
1.4666360960e+1    3.3936353e-23
1.4679966120e+1    3.3172874e-23
1.4693571280e+1    3.3749648e-23
1.4707176440e+1    3.1423139e-23
1.4720781600e+1    3.3037982e-23
1.4734386750e+1    3.2129941e-23
1.4747991910e+1    3.1429915e-23
1.4761597070e+1    3.0308430e-23
1.4775202230e+1    2.9293961e-23
1.4788807390e+1    2.8628623e-23
1.4802412550e+1    2.8881452e-23
1.4816017710e+1    2.8070809e-23
1.4829622860e+1    2.7020033e-23
1.4843228020e+1    2.7657010e-23
1.4856833180e+1    2.5474015e-23
1.4870438340e+1    2.5504463e-23
1.4884043500e+1    2.4710016e-23
1.4897648660e+1    2.3996637e-23
1.4911253820e+1    2.3381327e-23
1.4924858980e+1    2.3662473e-23
1.4938464130e+1    2.2904999e-23
1.4952069290e+1    2.2376682e-23
1.4965674450e+1    2.2187629e-23
1.4979279610e+1    2.2662573e-23
1.4992884770e+1    2.2184132e-23
1.5006489930e+1    2.1539493e-23
1.5020095090e+1    2.1055796e-23
1.5033700240e+1    1.9418315e-23
1.5047305400e+1    2.0831492e-23
1.5060910560e+1    2.0105214e-23
1.5074515720e+1    2.0079335e-23
1.5088120880e+1    2.0461303e-23
1.5101726040e+1    2.0397208e-23
1.5115331200e+1    2.0134937e-23
1.5128936350e+1    2.1119427e-23
1.5142541510e+1    2.1352350e-23
1.5156146670e+1    2.2456774e-23
1.5169751830e+1    2.3402105e-23
1.5183356990e+1    2.4157518e-23
1.5196962150e+1    2.5269936e-23
1.5210567310e+1    2.4252554e-23
1.5224172460e+1    2.4444297e-23
1.5237777620e+1    2.3333321e-23
1.5251382780e+1    2.3502181e-23
1.5264987940e+1    2.4681183e-23
1.5278593100e+1    2.5336653e-23
1.5292198260e+1    2.4608243e-23
1.5305803420e+1    2.5174978e-23
1.5319408570e+1    2.5509184e-23
1.5333013730e+1    2.6229229e-23
1.5346618890e+1    2.7349845e-23
1.5360224050e+1    2.5090589e-23
1.5373829210e+1    2.7080392e-23
1.5387434370e+1    3.0089069e-23
1.5401039530e+1    2.5790806e-23
1.5414644680e+1    2.6182922e-23
1.5428249840e+1    2.6359460e-23
1.5441855000e+1    2.6527083e-23
1.5455460160e+1    2.6343646e-23
1.5469065320e+1    2.7021839e-23
1.5482670480e+1    2.7395714e-23
1.5509880790e+1    2.7625555e-23
1.5523485950e+1    2.7344769e-23
1.5537091110e+1    2.6619393e-23
1.5550696270e+1    2.5773376e-23
1.5564301430e+1    2.6185073e-23
1.5577906590e+1    2.6149207e-23
1.5591511750e+1    2.5156823e-23
1.5605116900e+1    2.4668925e-23
1.5618722060e+1    2.5089303e-23
1.5632327220e+1    2.6556862e-23
1.5645932380e+1    2.7517233e-23
1.5659537540e+1    2.7712513e-23
1.5673142700e+1    2.7741473e-23
1.5686747860e+1    2.8086531e-23
1.5700353010e+1    2.7792109e-23
1.5713958170e+1    2.7557092e-23
1.5727563330e+1    2.6392129e-23
1.5741168490e+1    2.5904096e-23
1.5754773650e+1    2.5771377e-23
1.5768378810e+1    2.4982989e-23
1.5781983970e+1    2.6557045e-23
1.5795589120e+1    2.6478130e-23
1.5809194280e+1    2.8843465e-23
1.5822799440e+1    2.6472086e-23
1.5836404600e+1    2.6092905e-23
1.5850009760e+1    2.7431164e-23
1.5863614920e+1    2.8314587e-23
1.5877220080e+1    2.7639241e-23
1.5890825240e+1    2.8172646e-23
1.5904430390e+1    2.8212784e-23
1.5918035550e+1    2.8657100e-23
1.5931640710e+1    2.7534408e-23
1.5945245870e+1    2.9730191e-23
1.5958851030e+1    2.7933213e-23
1.5972456190e+1    2.9101174e-23
1.5986061350e+1    2.8679891e-23
1.5999666500e+1    2.8064621e-23
1.6013271660e+1    2.8465079e-23
1.6026876820e+1    2.8317845e-23
1.6040481980e+1    2.7707648e-23
1.6054087140e+1    2.4089696e-23
1.6067692300e+1    2.6084058e-23
1.6081297460e+1    2.6311795e-23
1.6094902610e+1    2.5531072e-23
1.6108507770e+1    2.4574086e-23
1.6122112930e+1    2.3521730e-23
1.6135718090e+1    2.3699930e-23
1.6149323250e+1    2.3533258e-23
1.6162928410e+1    2.2404655e-23
1.6176533570e+1    2.2040969e-23
1.6190138720e+1    2.2028057e-23
1.6203743880e+1    2.1752848e-23
1.6217349040e+1    2.1992730e-23
1.6230954200e+1    1.9892719e-23
1.6244559360e+1    2.0029422e-23
1.6258164520e+1    1.9046443e-23
1.6271769680e+1    1.8224450e-23
1.6285374830e+1    1.8401649e-23
1.6298979990e+1    1.7274670e-23
1.6312585150e+1    1.7114062e-23
1.6326190310e+1    1.7382395e-23
1.6339795470e+1    1.6162545e-23
1.6353400630e+1    1.5749181e-23
1.6367005790e+1    1.6421341e-23
1.6394216100e+1    1.7041701e-23
1.6407821260e+1    1.7088886e-23
1.6421426420e+1    1.8162713e-23
1.6435031580e+1    1.9565152e-23
1.6448636740e+1    1.9509015e-23
1.6462241900e+1    2.0543088e-23
1.6475847050e+1    2.1157121e-23
1.6489452210e+1    2.2171231e-23
1.6503057370e+1    2.1781749e-23
1.6516662530e+1    2.2619935e-23
1.6530267690e+1    2.2312273e-23
1.6543872850e+1    2.2557446e-23
1.6557478010e+1    2.2576875e-23
1.6571083160e+1    2.3870806e-23
1.6584688320e+1    2.3699017e-23
1.6598293480e+1    2.4319056e-23
1.6611898640e+1    2.4263915e-23
1.6625503800e+1    2.3913385e-23
1.6639108960e+1    2.4470349e-23
1.6652714120e+1    2.3855853e-23
1.6679924430e+1    2.5301477e-23
1.6693529590e+1    2.6259926e-23
1.6707134750e+1    2.6429229e-23
1.6720739910e+1    2.6587311e-23
1.6734345070e+1    2.6024446e-23
1.6747950230e+1    2.6257606e-23
1.6761555380e+1    2.6550182e-23
1.6775160540e+1    2.3872569e-23
1.6788765700e+1    2.6331397e-23
1.6802370860e+1    2.4525294e-23
1.6815976020e+1    2.4711827e-23
1.6829581180e+1    2.4972986e-23
1.6843186340e+1    2.3988976e-23
1.6856791500e+1    2.1648599e-23
1.6870396650e+1    2.3904430e-23
1.6884001810e+1    2.4512094e-23
1.6897606970e+1    2.5799628e-23
1.6911212130e+1    2.5252855e-23
1.6924817290e+1    2.4031288e-23
1.6938422450e+1    2.5109007e-23
1.6952027610e+1    2.4888005e-23
1.6965632760e+1    2.4515837e-23
1.6979237920e+1    2.5708105e-23
1.6992843080e+1    2.3947713e-23
1.7006448240e+1    2.5023668e-23
1.7020053400e+1    2.5110575e-23
1.7033658560e+1    2.4943589e-23
1.7047263720e+1    2.4848079e-23
1.7060868870e+1    2.5201659e-23
1.7074474030e+1    2.4895266e-23
1.7088079190e+1    2.4565787e-23
1.7101684350e+1    2.5016679e-23
1.7115289510e+1    2.5337128e-23
1.7128894670e+1    2.5667968e-23
1.7142499830e+1    2.5413875e-23
1.7156104980e+1    2.5081801e-23
1.7169710140e+1    2.4239960e-23
1.7183315300e+1    2.4180810e-23
1.7196920460e+1    2.3905010e-23
1.7210525620e+1    2.4897637e-23
1.7224130780e+1    2.5029204e-23
1.7237735940e+1    2.4248389e-23
1.7251341090e+1    2.4526522e-23
1.7264946250e+1    2.2556252e-23
1.7278551410e+1    2.3482179e-23
1.7292156570e+1    2.3352120e-23
1.7305761730e+1    2.2910769e-23
1.7319366890e+1    2.3093278e-23
1.7332972050e+1    2.2552293e-23
1.7346577200e+1    2.2848604e-23
1.7360182360e+1    2.2560275e-23
1.7373787520e+1    2.2575266e-23
1.7387392680e+1    2.2960804e-23
1.7400997840e+1    2.1975700e-23
1.7414603000e+1    2.2068729e-23
1.7428208160e+1    2.2514938e-23
1.7441813310e+1    2.3834774e-23
1.7455418470e+1    2.2275135e-23
1.7469023630e+1    2.3008418e-23
1.7482628790e+1    2.2707258e-23
1.7496233950e+1    2.3468354e-23
1.7509839110e+1    2.3437709e-23
1.7523444270e+1    2.4938735e-23
1.7537049420e+1    2.1329021e-23
1.7550654580e+1    2.1572999e-23
1.7564259740e+1    2.1559624e-23
1.7577864900e+1    2.0761610e-23
1.7591470060e+1    2.1158707e-23
1.7605075220e+1    2.0957199e-23
1.7618680380e+1    2.1359827e-23
1.7632285530e+1    2.0596233e-23
1.7645890690e+1    2.1011292e-23
1.7659495850e+1    2.1400214e-23
1.7673101010e+1    2.0791185e-23
1.7686706170e+1    2.0792365e-23
1.7700311330e+1    2.0328632e-23
1.7713916490e+1    2.0054919e-23
1.7727521640e+1    1.9711850e-23
1.7741126800e+1    1.8871668e-23
1.7754731960e+1    1.9390662e-23
1.7768337120e+1    1.9417858e-23
1.7781942280e+1    1.8826965e-23
1.7795547440e+1    1.8750757e-23
1.7809152600e+1    1.9210495e-23
1.7822757760e+1    1.8826692e-23
1.7836362910e+1    1.8546435e-23
1.7849968070e+1    1.8555730e-23
1.7863573230e+1    1.8546208e-23
1.7877178390e+1    1.8759922e-23
1.7890783550e+1    1.8524418e-23
1.7904388710e+1    1.8669798e-23
1.7917993870e+1    1.9532727e-23
1.7931599020e+1    1.9606337e-23
1.7945204180e+1    1.9922097e-23
1.7958809340e+1    2.0203348e-23
1.7972414500e+1    2.0589348e-23
1.7986019660e+1    1.9160562e-23
1.7999624820e+1    2.0554991e-23
1.8013229980e+1    2.1335322e-23
1.8026835130e+1    2.1423061e-23
1.8040440290e+1    2.1961795e-23
1.8054045450e+1    2.2243796e-23
1.8067650610e+1    2.2020145e-23
1.8081255770e+1    2.3094509e-23
1.8094860930e+1    2.3544549e-23
1.8108466090e+1    2.2810607e-23
1.8122071240e+1    2.2240552e-23
1.8135676400e+1    2.3199607e-23
1.8149281560e+1    2.4053816e-23
1.8162886720e+1    2.4364139e-23
1.8176491880e+1    2.3276980e-23
1.8190097040e+1    2.6400643e-23
1.8203702200e+1    2.6237360e-23
1.8217307350e+1    2.5799118e-23
1.8230912510e+1    2.6100669e-23
1.8244517670e+1    2.7375873e-23
1.8258122830e+1    2.8140771e-23
1.8271727990e+1    2.9336170e-23
1.8285333150e+1    2.9345663e-23
1.8298938310e+1    2.7352588e-23
1.8312543460e+1    2.8643832e-23
1.8326148620e+1    2.6775720e-23
1.8339753780e+1    2.6458671e-23
1.8353358940e+1    2.6765513e-23
1.8366964100e+1    2.6515990e-23
1.8380569260e+1    2.6249512e-23
1.8394174420e+1    2.6266880e-23
1.8407779570e+1    2.4526592e-23
1.8421384730e+1    2.3640789e-23
1.8434989890e+1    2.3915515e-23
1.8448595050e+1    2.3551269e-23
1.8462200210e+1    2.3573862e-23
1.8475805370e+1    2.3917034e-23
1.8489410530e+1    2.3301663e-23
1.8503015680e+1    2.3396876e-23
1.8516620840e+1    2.3313416e-23
1.8530226000e+1    2.3506089e-23
1.8543831160e+1    2.3719762e-23
1.8557436320e+1    2.2553630e-23
1.8571041480e+1    2.2100377e-23
1.8584646640e+1    2.2440340e-23
1.8598251790e+1    2.2640559e-23
1.8611856950e+1    2.2152236e-23
1.8625462110e+1    2.2054826e-23
1.8639067270e+1    2.2055831e-23
1.8652672430e+1    2.1427840e-23
1.8666277590e+1    2.2005603e-23
1.8679882750e+1    2.1503921e-23
1.8693487900e+1    2.1704991e-23
1.8707093060e+1    2.0996674e-23
1.8720698220e+1    1.9606944e-23
1.8734303380e+1    2.1721978e-23
1.8747908540e+1    2.2056019e-23
1.8761513700e+1    2.1808032e-23
1.8775118860e+1    2.2694951e-23
1.8788724020e+1    2.2329930e-23
1.8802329170e+1    2.2905990e-23
1.8815934330e+1    2.2828744e-23
1.8829539490e+1    2.3156834e-23
1.8843144650e+1    2.2232661e-23
1.8856749810e+1    2.1554150e-23
1.8870354970e+1    2.2537497e-23
1.8883960130e+1    2.1955718e-23
1.8897565280e+1    2.2346797e-23
1.8911170440e+1    2.2699463e-23
1.8924775600e+1    2.1809910e-23
1.8938380760e+1    2.1717298e-23
1.8951985920e+1    2.1378489e-23
1.8965591080e+1    1.9624533e-23
1.8979196240e+1    1.8757631e-23
1.8992801390e+1    1.9267663e-23
1.9006406550e+1    1.9197253e-23
1.9020011710e+1    1.8910147e-23
1.9033616870e+1    2.0108638e-23
1.9047222030e+1    1.9441925e-23
1.9060827190e+1    1.9591800e-23
1.9074432350e+1    1.9109891e-23
1.9088037500e+1    1.8640006e-23
1.9101642660e+1    1.9120598e-23
1.9115247820e+1    1.9030266e-23
1.9128852980e+1    1.8501897e-23
1.9142458140e+1    1.8113338e-23
1.9156063300e+1    1.8155324e-23
1.9169668460e+1    1.8244497e-23
1.9183273610e+1    1.9427409e-23
1.9196878770e+1    1.9069296e-23
1.9210483930e+1    1.9339088e-23
1.9224089090e+1    1.8621405e-23
1.9237694250e+1    1.9341849e-23
1.9251299410e+1    1.9558486e-23
1.9264904570e+1    1.9283265e-23
1.9278509720e+1    1.9318228e-23
1.9292114880e+1    1.9695970e-23
1.9305720040e+1    1.9538935e-23
1.9319325200e+1    1.9348114e-23
1.9332930360e+1    1.8868943e-23
1.9346535520e+1    2.0630998e-23
1.9360140680e+1    2.0329261e-23
1.9373745830e+1    2.0177831e-23
1.9387350990e+1    1.9997687e-23
1.9400956150e+1    1.9835616e-23
1.9414561310e+1    2.2082403e-23
1.9428166470e+1    2.0367216e-23
1.9441771630e+1    2.0357950e-23
1.9455376790e+1    2.0341662e-23
1.9468981940e+1    2.1082605e-23
1.9482587100e+1    2.0981611e-23
1.9496192260e+1    2.1179409e-23
1.9509797420e+1    2.1451122e-23
1.9523402580e+1    2.1528183e-23
1.9537007740e+1    2.1807529e-23
1.9550612900e+1    2.0938895e-23
1.9564218050e+1    2.2511417e-23
1.9577823210e+1    2.2644245e-23
1.9591428370e+1    2.2547365e-23
1.9999583130e+1    2.4319249e-23
2.4999478910e+1    1.4885236e-23
2.9999374690e+1    1.1648195e-23
3.4999270480e+1    8.7910513e-24
3.9999166260e+1    7.1223649e-24
4.4999062040e+1    5.9318329e-24
4.9998957820e+1    5.1740157e-24
5.4998853610e+1    4.5427467e-24
5.9998749390e+1    4.1997132e-24
6.4998645170e+1    3.6761468e-24
6.9998540950e+1    3.1481202e-24
7.4998436740e+1    2.6481481e-24
7.9998332520e+1    2.2117279e-24
8.4998228300e+1    1.8565127e-24
8.9998124080e+1    1.5652925e-24
9.4998019870e+1    1.3207990e-24
9.9997915650e+1    1.1253642e-24
1.0499781143e+2    9.6388920e-25
1.0999770721e+2    8.3042580e-25
1.1499760300e+2    7.1986748e-25
1.1999749878e+2    6.2680658e-25
1.2499739456e+2    5.4840755e-25
1.2999729034e+2    4.8227741e-25
1.3499718613e+2    4.2551268e-25
-----------------------------

