EXCITATION
N(2p2_3P_3d_4Fe) -> N(2p2_3P_3d_4Pe)
 1.298300e+1
SPECIES: e / N(2p2_3P_3d_4Fe)
PROCESS: E + N(2p2_3P_3d_4Fe) -> E + N(2p2_3P_3d_4Pe), Excitation
PARAM.:  E = 12.983 eV
UPDATED: 2019-01-30 20:10:48
COLUMNS: Energy (eV) | Cross section (m2)
-----------------------------
1.2983464610e+1    0.0000000e+7
1.2992926460e+1    1.3175982e-20
1.3006531610e+1    4.0024072e-20
1.3020136770e+1    1.0942932e-19
1.3033741930e+1    1.9816229e-19
1.3047347090e+1    2.5550333e-19
1.3060952250e+1    2.6489764e-19
1.3074557410e+1    4.2181513e-19
1.3088162570e+1    3.9162417e-19
1.3101767720e+1    3.8628400e-19
1.3115372880e+1    3.8149879e-19
1.3128978040e+1    3.7424645e-19
1.3142583200e+1    3.6709236e-19
1.3156188360e+1    4.0406823e-19
1.3169793520e+1    4.3675214e-19
1.3183398680e+1    4.3451020e-19
1.3197003830e+1    4.3197893e-19
1.3210608990e+1    4.2822165e-19
1.3224214150e+1    4.2511374e-19
1.3237819310e+1    4.1852330e-19
1.3251424470e+1    3.7007782e-19
1.3265029630e+1    3.6234641e-19
1.3278634790e+1    3.8606608e-19
1.3305845100e+1    3.7523368e-19
1.3319450260e+1    3.4944259e-19
1.3333055420e+1    3.5734324e-19
1.3346660580e+1    3.4733685e-19
1.3360265740e+1    3.2899004e-19
1.3373870900e+1    3.3163584e-19
1.3387476050e+1    3.1901677e-19
1.3401081210e+1    2.9978804e-19
1.3414686370e+1    2.9208880e-19
1.3428291530e+1    2.9643820e-19
1.3441896690e+1    2.9594434e-19
1.3455501850e+1    2.9729170e-19
1.3469107010e+1    2.9344337e-19
1.3482712160e+1    2.8892858e-19
1.3496317320e+1    2.8488963e-19
1.3509922480e+1    2.8281831e-19
1.3523527640e+1    2.7510940e-19
1.3537132800e+1    2.6842414e-19
1.3550737960e+1    2.6500619e-19
1.3564343120e+1    2.5937727e-19
1.3577948270e+1    2.5507500e-19
1.3591553430e+1    2.4526902e-19
1.3605158590e+1    2.3360840e-19
1.3618763750e+1    2.2794441e-19
1.3632368910e+1    2.2735755e-19
1.3645974070e+1    2.2324197e-19
1.3659579230e+1    2.1360235e-19
1.3673184380e+1    2.2334349e-19
1.3700394700e+1    2.3028182e-19
1.3713999860e+1    2.6422798e-19
1.3754815340e+1    2.4760971e-19
1.3768420490e+1    2.3178922e-19
1.3782025650e+1    2.1212980e-19
1.3795630810e+1    2.0541943e-19
1.3809235970e+1    2.0059253e-19
1.3822841130e+1    1.9281039e-19
1.3836446290e+1    1.8795443e-19
1.3850051450e+1    1.8180198e-19
1.3863656600e+1    1.7698080e-19
1.3877261760e+1    1.6404535e-19
1.3890866920e+1    1.5764392e-19
1.3904472080e+1    1.5537496e-19
1.3918077240e+1    1.5429319e-19
1.3931682400e+1    1.5159647e-19
1.3945287560e+1    1.4623606e-19
1.3958892720e+1    1.3904877e-19
1.3972497870e+1    1.3698311e-19
1.3986103030e+1    1.2826971e-19
1.3999708190e+1    1.2808576e-19
1.4013313350e+1    1.3079699e-19
1.4026918510e+1    1.3224913e-19
1.4040523670e+1    1.3208095e-19
1.4054128830e+1    1.2814857e-19
1.4067733980e+1    1.2460297e-19
1.4081339140e+1    1.1954787e-19
1.4094944300e+1    1.1629262e-19
1.4108549460e+1    1.1297525e-19
1.4122154620e+1    1.1199812e-19
1.4135759780e+1    1.0680605e-19
1.4149364940e+1    1.0604411e-19
1.4162970090e+1    1.0282201e-19
1.4176575250e+1    1.0122626e-19
1.4190180410e+1    9.7268032e-20
1.4203785570e+1    9.3978765e-20
1.4217390730e+1    8.9217108e-20
1.4230995890e+1    8.7515801e-20
1.4244601050e+1    8.6516425e-20
1.4258206200e+1    8.4244271e-20
1.4271811360e+1    8.2513750e-20
1.4285416520e+1    8.0912992e-20
1.4299021680e+1    7.9611901e-20
1.4312626840e+1    7.9923682e-20
1.4326232000e+1    7.8605864e-20
1.4339837160e+1    7.9683084e-20
1.4353442310e+1    7.5217287e-20
1.4367047470e+1    7.6864414e-20
1.4380652630e+1    7.7389781e-20
1.4394257790e+1    7.9598745e-20
1.4407862950e+1    8.3878676e-20
1.4421468110e+1    8.8152457e-20
1.4435073270e+1    9.0541408e-20
1.4448678420e+1    9.2711198e-20
1.4462283580e+1    9.1220588e-20
1.4475888740e+1    8.7087144e-20
1.4489493900e+1    8.2797442e-20
1.4503099060e+1    7.9782903e-20
1.4516704220e+1    7.7237166e-20
1.4530309380e+1    7.5282372e-20
1.4543914530e+1    7.5332331e-20
1.4557519690e+1    7.7232281e-20
1.4571124850e+1    7.3809144e-20
1.4584730010e+1    7.2058999e-20
1.4598335170e+1    7.3840630e-20
1.4611940330e+1    7.1597193e-20
1.4625545490e+1    6.7937059e-20
1.4639150640e+1    6.7894922e-20
1.4652755800e+1    6.6328233e-20
1.4666360960e+1    6.4625396e-20
1.4679966120e+1    6.3294827e-20
1.4693571280e+1    6.1247505e-20
1.4707176440e+1    6.0751222e-20
1.4720781600e+1    5.8349004e-20
1.4734386750e+1    5.6436414e-20
1.4747991910e+1    5.5451612e-20
1.4761597070e+1    5.4108299e-20
1.4775202230e+1    5.2570148e-20
1.4788807390e+1    5.3136089e-20
1.4802412550e+1    5.3504396e-20
1.4816017710e+1    5.3203012e-20
1.4829622860e+1    5.2081133e-20
1.4843228020e+1    5.1358029e-20
1.4856833180e+1    5.0627446e-20
1.4870438340e+1    4.9420928e-20
1.4884043500e+1    4.8986240e-20
1.4897648660e+1    4.7708969e-20
1.4911253820e+1    4.6749155e-20
1.4924858980e+1    4.4936905e-20
1.4938464130e+1    4.4511162e-20
1.4952069290e+1    4.4608300e-20
1.4965674450e+1    4.4388742e-20
1.4979279610e+1    4.3596697e-20
1.4992884770e+1    4.2726781e-20
1.5006489930e+1    4.1885972e-20
1.5020095090e+1    4.1521884e-20
1.5033700240e+1    4.0909177e-20
1.5047305400e+1    4.0750455e-20
1.5060910560e+1    4.0572483e-20
1.5074515720e+1    4.0566848e-20
1.5088120880e+1    4.0437078e-20
1.5101726040e+1    4.0335317e-20
1.5115331200e+1    4.0566005e-20
1.5128936350e+1    4.0636455e-20
1.5142541510e+1    4.0606717e-20
1.5156146670e+1    4.0336938e-20
1.5169751830e+1    4.0372718e-20
1.5183356990e+1    3.9608266e-20
1.5196962150e+1    3.9365569e-20
1.5210567310e+1    3.9227259e-20
1.5224172460e+1    3.9581277e-20
1.5237777620e+1    3.9375824e-20
1.5251382780e+1    3.9181671e-20
1.5264987940e+1    4.0027514e-20
1.5278593100e+1    3.9974944e-20
1.5292198260e+1    4.0285953e-20
1.5305803420e+1    4.1274512e-20
1.5319408570e+1    4.1305911e-20
1.5333013730e+1    4.1299535e-20
1.5346618890e+1    4.0257858e-20
1.5360224050e+1    4.0276025e-20
1.5373829210e+1    3.9484281e-20
1.5387434370e+1    3.9725003e-20
1.5401039530e+1    3.9114827e-20
1.5414644680e+1    3.8346167e-20
1.5428249840e+1    3.7380139e-20
1.5441855000e+1    3.6853779e-20
1.5455460160e+1    3.4871817e-20
1.5469065320e+1    3.4167350e-20
1.5482670480e+1    3.3614424e-20
1.5509880790e+1    3.2498694e-20
1.5523485950e+1    3.1653787e-20
1.5537091110e+1    3.1474674e-20
1.5550696270e+1    3.1011031e-20
1.5564301430e+1    3.0710369e-20
1.5577906590e+1    3.0930430e-20
1.5591511750e+1    3.0895105e-20
1.5605116900e+1    3.0513747e-20
1.5618722060e+1    2.9616855e-20
1.5632327220e+1    2.9417413e-20
1.5645932380e+1    2.9307868e-20
1.5659537540e+1    2.8698403e-20
1.5673142700e+1    2.8538413e-20
1.5686747860e+1    2.8885341e-20
1.5700353010e+1    2.8266544e-20
1.5713958170e+1    2.7637229e-20
1.5727563330e+1    2.8034242e-20
1.5741168490e+1    2.7715232e-20
1.5754773650e+1    2.7640506e-20
1.5768378810e+1    2.6946370e-20
1.5781983970e+1    2.6617348e-20
1.5795589120e+1    2.6452872e-20
1.5809194280e+1    2.6140077e-20
1.5822799440e+1    2.6335211e-20
1.5836404600e+1    2.6059341e-20
1.5850009760e+1    2.5598836e-20
1.5863614920e+1    2.5412167e-20
1.5877220080e+1    2.5466490e-20
1.5890825240e+1    2.5808924e-20
1.5904430390e+1    2.5190696e-20
1.5918035550e+1    2.4649763e-20
1.5931640710e+1    2.4268226e-20
1.5945245870e+1    2.4540096e-20
1.5958851030e+1    2.4819265e-20
1.5972456190e+1    2.4389991e-20
1.5986061350e+1    2.4952624e-20
1.5999666500e+1    2.4272830e-20
1.6013271660e+1    2.4198321e-20
1.6026876820e+1    2.4165339e-20
1.6040481980e+1    2.3916397e-20
1.6054087140e+1    2.3637647e-20
1.6067692300e+1    2.3559324e-20
1.6081297460e+1    2.3534630e-20
1.6094902610e+1    2.3397038e-20
1.6108507770e+1    2.3542205e-20
1.6122112930e+1    2.3473907e-20
1.6135718090e+1    2.3356542e-20
1.6149323250e+1    2.3048116e-20
1.6162928410e+1    2.3253586e-20
1.6176533570e+1    2.3039597e-20
1.6190138720e+1    2.2705416e-20
1.6203743880e+1    2.2689952e-20
1.6217349040e+1    2.2888927e-20
1.6230954200e+1    2.2723813e-20
1.6244559360e+1    2.2554238e-20
1.6258164520e+1    2.2422310e-20
1.6271769680e+1    2.2234605e-20
1.6285374830e+1    2.2391284e-20
1.6298979990e+1    2.2474329e-20
1.6312585150e+1    2.2908760e-20
1.6326190310e+1    2.2492649e-20
1.6339795470e+1    2.2111571e-20
1.6353400630e+1    2.1818401e-20
1.6367005790e+1    2.1633365e-20
1.6394216100e+1    2.1714423e-20
1.6407821260e+1    2.1635793e-20
1.6421426420e+1    2.1189374e-20
1.6435031580e+1    2.1240536e-20
1.6448636740e+1    2.1137484e-20
1.6462241900e+1    2.1082923e-20
1.6475847050e+1    2.1380609e-20
1.6489452210e+1    2.0886856e-20
1.6503057370e+1    2.1294673e-20
1.6516662530e+1    2.1126756e-20
1.6530267690e+1    2.0811326e-20
1.6543872850e+1    2.0598660e-20
1.6557478010e+1    2.0860190e-20
1.6571083160e+1    2.0541464e-20
1.6584688320e+1    2.0311471e-20
1.6598293480e+1    2.0305547e-20
1.6611898640e+1    2.0264020e-20
1.6625503800e+1    2.0262489e-20
1.6639108960e+1    2.0237400e-20
1.6652714120e+1    2.0312185e-20
1.6679924430e+1    1.9649941e-20
1.6693529590e+1    1.9560939e-20
1.6707134750e+1    1.9123052e-20
1.6720739910e+1    1.8922267e-20
1.6734345070e+1    1.9093959e-20
1.6747950230e+1    1.8882201e-20
1.6761555380e+1    1.9133978e-20
1.6775160540e+1    1.8934710e-20
1.6788765700e+1    1.8862828e-20
1.6802370860e+1    1.8817460e-20
1.6815976020e+1    1.8639328e-20
1.6829581180e+1    1.8591952e-20
1.6843186340e+1    1.8964047e-20
1.6856791500e+1    1.9004207e-20
1.6870396650e+1    1.8905346e-20
1.6884001810e+1    1.8781593e-20
1.6897606970e+1    1.8644865e-20
1.6911212130e+1    1.8650165e-20
1.6924817290e+1    1.8525131e-20
1.6938422450e+1    1.8521837e-20
1.6952027610e+1    1.8489565e-20
1.6965632760e+1    1.8620787e-20
1.6979237920e+1    1.8637472e-20
1.6992843080e+1    1.8367947e-20
1.7006448240e+1    1.8207622e-20
1.7020053400e+1    1.8118274e-20
1.7033658560e+1    1.7686033e-20
1.7047263720e+1    1.8131902e-20
1.7060868870e+1    1.8056670e-20
1.7074474030e+1    1.7967068e-20
1.7088079190e+1    1.7767413e-20
1.7101684350e+1    1.7618980e-20
1.7115289510e+1    1.7601992e-20
1.7128894670e+1    1.7654225e-20
1.7142499830e+1    1.7629191e-20
1.7156104980e+1    1.7750153e-20
1.7169710140e+1    1.7654479e-20
1.7183315300e+1    1.7332931e-20
1.7196920460e+1    1.7447117e-20
1.7210525620e+1    1.7457344e-20
1.7224130780e+1    1.7488725e-20
1.7237735940e+1    1.7221483e-20
1.7251341090e+1    1.7006939e-20
1.7264946250e+1    1.7270520e-20
1.7278551410e+1    1.6912317e-20
1.7292156570e+1    1.6995344e-20
1.7305761730e+1    1.7023413e-20
1.7319366890e+1    1.6917258e-20
1.7332972050e+1    1.6947972e-20
1.7346577200e+1    1.6837044e-20
1.7360182360e+1    1.6685412e-20
1.7373787520e+1    1.6373136e-20
1.7387392680e+1    1.6548439e-20
1.7400997840e+1    1.6792106e-20
1.7414603000e+1    1.6620169e-20
1.7428208160e+1    1.6536623e-20
1.7441813310e+1    1.6868087e-20
1.7455418470e+1    1.6509704e-20
1.7469023630e+1    1.6493269e-20
1.7482628790e+1    1.6319392e-20
1.7496233950e+1    1.6252052e-20
1.7509839110e+1    1.6318909e-20
1.7523444270e+1    1.6336239e-20
1.7537049420e+1    1.5994306e-20
1.7550654580e+1    1.6028441e-20
1.7564259740e+1    1.6044242e-20
1.7577864900e+1    1.6213146e-20
1.7591470060e+1    1.6124630e-20
1.7605075220e+1    1.6147672e-20
1.7618680380e+1    1.5974679e-20
1.7632285530e+1    1.5938524e-20
1.7645890690e+1    1.6201478e-20
1.7659495850e+1    1.5862717e-20
1.7673101010e+1    3.1963347e-20
1.7686706170e+1    1.5728843e-20
1.7700311330e+1    1.5596446e-20
1.7713916490e+1    1.5523055e-20
1.7727521640e+1    1.5410374e-20
1.7741126800e+1    1.5412791e-20
1.7754731960e+1    1.5445163e-20
1.7768337120e+1    1.5576256e-20
1.7781942280e+1    1.5393793e-20
1.7795547440e+1    1.5338812e-20
1.7809152600e+1    1.5181988e-20
1.7822757760e+1    1.5147280e-20
1.7836362910e+1    1.5086305e-20
1.7849968070e+1    1.5185320e-20
1.7863573230e+1    1.5115190e-20
1.7877178390e+1    1.5112913e-20
1.7890783550e+1    1.5099456e-20
1.7904388710e+1    1.4928084e-20
1.7917993870e+1    1.5076265e-20
1.7931599020e+1    1.5010363e-20
1.7945204180e+1    1.4999758e-20
1.7958809340e+1    1.4971718e-20
1.7972414500e+1    1.4968432e-20
1.7986019660e+1    1.4992520e-20
1.7999624820e+1    1.5077193e-20
1.8013229980e+1    1.4833428e-20
1.8026835130e+1    1.4791998e-20
1.8040440290e+1    1.4761575e-20
1.8054045450e+1    1.4796054e-20
1.8067650610e+1    1.4801334e-20
1.8081255770e+1    1.4710657e-20
1.8094860930e+1    1.4639108e-20
1.8108466090e+1    1.4649980e-20
1.8122071240e+1    1.4669123e-20
1.8135676400e+1    1.4617441e-20
1.8149281560e+1    1.4613763e-20
1.8162886720e+1    1.4616148e-20
1.8176491880e+1    1.4671027e-20
1.8190097040e+1    1.4652905e-20
1.8203702200e+1    1.4721625e-20
1.8217307350e+1    1.4760741e-20
1.8230912510e+1    1.4732744e-20
1.8244517670e+1    1.4770163e-20
1.8258122830e+1    1.4725517e-20
1.8271727990e+1    1.4830117e-20
1.8285333150e+1    1.4913068e-20
1.8298938310e+1    1.4949397e-20
1.8312543460e+1    1.5043932e-20
1.8326148620e+1    1.5089696e-20
1.8339753780e+1    1.4981683e-20
1.8353358940e+1    1.5023780e-20
1.8366964100e+1    1.5025764e-20
1.8380569260e+1    1.5067555e-20
1.8394174420e+1    1.5077821e-20
1.8407779570e+1    1.5114674e-20
1.8421384730e+1    1.5118041e-20
1.8434989890e+1    1.5000198e-20
1.8448595050e+1    1.4984175e-20
1.8462200210e+1    1.4970307e-20
1.8475805370e+1    1.4980847e-20
1.8489410530e+1    1.4751928e-20
1.8503015680e+1    1.4873151e-20
1.8516620840e+1    1.4732913e-20
1.8530226000e+1    1.4738350e-20
1.8543831160e+1    1.5091531e-20
1.8557436320e+1    1.4653648e-20
1.8571041480e+1    1.4578968e-20
1.8584646640e+1    1.4520438e-20
1.8598251790e+1    1.4527968e-20
1.8611856950e+1    1.4409583e-20
1.8625462110e+1    1.4407632e-20
1.8639067270e+1    1.4339875e-20
1.8652672430e+1    1.4413097e-20
1.8666277590e+1    1.4497120e-20
1.8679882750e+1    1.4121165e-20
1.8693487900e+1    1.3996541e-20
1.8707093060e+1    1.4348486e-19
1.8720698220e+1    1.4006297e-20
1.8734303380e+1    1.4052476e-20
1.8747908540e+1    1.3865728e-20
1.8761513700e+1    1.3745736e-20
1.8775118860e+1    1.3941358e-20
1.8788724020e+1    1.3872257e-20
1.8802329170e+1    1.3776801e-20
1.8815934330e+1    1.3737366e-20
1.8829539490e+1    1.3730297e-20
1.8843144650e+1    1.3674441e-20
1.8856749810e+1    1.3576488e-20
1.8870354970e+1    1.3587083e-20
1.8883960130e+1    1.3568392e-20
1.8897565280e+1    1.3552874e-20
1.8911170440e+1    1.3565850e-20
1.8924775600e+1    1.3582603e-20
1.8938380760e+1    1.3532021e-20
1.8951985920e+1    1.3516493e-20
1.8965591080e+1    1.3455253e-20
1.8979196240e+1    1.3450871e-20
1.8992801390e+1    1.3419294e-20
1.9006406550e+1    1.3455396e-20
1.9020011710e+1    1.3355563e-20
1.9033616870e+1    1.3370013e-20
1.9047222030e+1    1.3431203e-20
1.9060827190e+1    1.3366665e-20
1.9074432350e+1    1.3356743e-20
1.9088037500e+1    1.3154580e-20
1.9101642660e+1    1.3301213e-20
1.9115247820e+1    1.3330073e-20
1.9128852980e+1    1.3246815e-20
1.9142458140e+1    1.3156558e-20
1.9156063300e+1    1.3029464e-20
1.9169668460e+1    1.3515087e-20
1.9183273610e+1    1.3160737e-20
1.9196878770e+1    1.3058793e-20
1.9210483930e+1    1.3043401e-20
1.9224089090e+1    1.3009110e-20
1.9237694250e+1    1.2936689e-20
1.9251299410e+1    1.2951652e-20
1.9264904570e+1    1.2957106e-20
1.9278509720e+1    1.2956164e-20
1.9292114880e+1    1.2984120e-20
1.9305720040e+1    1.2978459e-20
1.9319325200e+1    1.3014341e-20
1.9332930360e+1    1.2907502e-20
1.9346535520e+1    1.2965732e-20
1.9360140680e+1    1.2973263e-20
1.9373745830e+1    1.2934046e-20
1.9387350990e+1    1.2925101e-20
1.9400956150e+1    1.2905043e-20
1.9414561310e+1    2.1741166e-20
1.9428166470e+1    1.2926678e-20
1.9441771630e+1    1.2882769e-20
1.9455376790e+1    1.2900268e-20
1.9468981940e+1    1.2928182e-20
1.9482587100e+1    1.9007046e-20
1.9496192260e+1    1.2901260e-20
1.9509797420e+1    1.2812203e-20
1.9523402580e+1    1.3183346e-20
1.9537007740e+1    1.2890845e-20
1.9550612900e+1    1.2896681e-20
1.9564218050e+1    1.2779023e-20
1.9577823210e+1    1.2848478e-20
1.9591428370e+1    1.2799611e-20
1.9999583130e+1    2.6572520e-20
2.4999478910e+1    9.7305210e-21
2.9999374690e+1    7.7345012e-21
3.4999270480e+1    6.3604745e-21
3.9999166260e+1    5.2201390e-21
4.4999062040e+1    4.2857198e-21
4.9998957820e+1    3.5581983e-21
5.4998853610e+1    2.9995151e-21
5.9998749390e+1    2.5616922e-21
6.4998645170e+1    2.2110786e-21
6.9998540950e+1    1.9254275e-21
7.4998436740e+1    1.6911906e-21
7.9998332520e+1    1.4963525e-21
8.4998228300e+1    1.3330040e-21
8.9998124080e+1    1.1948442e-21
9.4998019870e+1    1.0772208e-21
9.9997915650e+1    9.7608458e-22
1.0499781143e+2    8.8870683e-22
1.0999770721e+2    8.1274211e-22
1.1499760300e+2    7.4627595e-22
1.1999749878e+2    6.8780576e-22
1.2499739456e+2    6.3614062e-22
1.2999729034e+2    5.9027015e-22
1.3499718613e+2    5.4935524e-22
-----------------------------

