EXCITATION
N(2p2_3P_3d_4Pe) -> N(2p2_3P_3d_4De)
 1.300500e+1
SPECIES: e / N(2p2_3P_3d_4Pe)
PROCESS: E + N(2p2_3P_3d_4Pe) -> E + N(2p2_3P_3d_4De), Excitation
PARAM.:  E = 13.005 eV
UPDATED: 2019-01-30 20:10:48
COLUMNS: Energy (eV) | Cross section (m2)
-----------------------------
1.3004982260e+1    0.0000000e+7
1.3006531610e+1    1.7115021e-20
1.3020136770e+1    2.5225309e-19
1.3033741930e+1    3.7980308e-19
1.3047347090e+1    5.1711516e-19
1.3060952250e+1    7.0072238e-19
1.3074557410e+1    8.3689061e-19
1.3088162570e+1    8.3364962e-19
1.3101767720e+1    9.0744666e-19
1.3115372880e+1    8.4237228e-19
1.3128978040e+1    7.9060798e-19
1.3142583200e+1    7.4881105e-19
1.3156188360e+1    6.8819493e-19
1.3169793520e+1    6.7680351e-19
1.3183398680e+1    6.4844904e-19
1.3197003830e+1    6.9185628e-19
1.3210608990e+1    6.7141507e-19
1.3224214150e+1    6.5476377e-19
1.3237819310e+1    6.4929742e-19
1.3251424470e+1    6.6075934e-19
1.3265029630e+1    6.5690359e-19
1.3278634790e+1    6.5022640e-19
1.3305845100e+1    6.7468785e-19
1.3319450260e+1    7.2710318e-19
1.3333055420e+1    6.8502214e-19
1.3346660580e+1    6.7321802e-19
1.3360265740e+1    6.5312135e-19
1.3373870900e+1    6.3576959e-19
1.3387476050e+1    6.3826665e-19
1.3401081210e+1    6.2310344e-19
1.3414686370e+1    6.0923013e-19
1.3428291530e+1    6.1982286e-19
1.3441896690e+1    6.1464735e-19
1.3455501850e+1    6.3055420e-19
1.3469107010e+1    6.3286754e-19
1.3482712160e+1    6.1775095e-19
1.3496317320e+1    6.0030430e-19
1.3509922480e+1    5.8370225e-19
1.3523527640e+1    5.7127326e-19
1.3537132800e+1    5.5984907e-19
1.3550737960e+1    5.6047804e-19
1.3564343120e+1    5.5121815e-19
1.3577948270e+1    5.5830650e-19
1.3591553430e+1    5.5021184e-19
1.3605158590e+1    5.3901062e-19
1.3618763750e+1    5.3948053e-19
1.3632368910e+1    5.5362898e-19
1.3645974070e+1    5.5959107e-19
1.3659579230e+1    5.6241557e-19
1.3673184380e+1    5.7865728e-19
1.3700394700e+1    5.8169219e-19
1.3713999860e+1    6.4896705e-19
1.3754815340e+1    6.1080260e-19
1.3768420490e+1    5.9390627e-19
1.3782025650e+1    5.6854955e-19
1.3795630810e+1    5.4085233e-19
1.3809235970e+1    5.2110365e-19
1.3822841130e+1    4.8047043e-19
1.3836446290e+1    4.5952600e-19
1.3850051450e+1    4.2903418e-19
1.3863656600e+1    4.1088940e-19
1.3877261760e+1    3.7693574e-19
1.3890866920e+1    3.5417776e-19
1.3904472080e+1    3.4798532e-19
1.3918077240e+1    3.5313338e-19
1.3931682400e+1    3.4945269e-19
1.3945287560e+1    3.2984115e-19
1.3958892720e+1    3.2136650e-19
1.3972497870e+1    3.1771768e-19
1.3986103030e+1    3.0398387e-19
1.3999708190e+1    3.0423638e-19
1.4013313350e+1    3.0840202e-19
1.4026918510e+1    3.2724594e-19
1.4040523670e+1    3.2924553e-19
1.4054128830e+1    3.2583673e-19
1.4067733980e+1    3.1635482e-19
1.4081339140e+1    3.0273523e-19
1.4094944300e+1    2.9008730e-19
1.4108549460e+1    2.7595706e-19
1.4122154620e+1    2.6776771e-19
1.4135759780e+1    2.6247205e-19
1.4149364940e+1    2.5722855e-19
1.4162970090e+1    2.5452435e-19
1.4176575250e+1    2.4897850e-19
1.4190180410e+1    2.4723789e-19
1.4203785570e+1    2.4927590e-19
1.4217390730e+1    2.4370592e-19
1.4230995890e+1    2.4200891e-19
1.4244601050e+1    2.3781009e-19
1.4258206200e+1    2.3435420e-19
1.4271811360e+1    2.3183439e-19
1.4285416520e+1    2.2475639e-19
1.4299021680e+1    2.2320608e-19
1.4312626840e+1    2.2264891e-19
1.4326232000e+1    2.2390234e-19
1.4339837160e+1    2.2513701e-19
1.4353442310e+1    2.2310054e-19
1.4367047470e+1    2.2492298e-19
1.4380652630e+1    2.2789493e-19
1.4394257790e+1    2.3354040e-19
1.4407862950e+1    2.4238686e-19
1.4421468110e+1    2.4072020e-19
1.4435073270e+1    2.4159270e-19
1.4448678420e+1    2.4029263e-19
1.4462283580e+1    2.2949693e-19
1.4475888740e+1    2.2391651e-19
1.4489493900e+1    2.1862560e-19
1.4503099060e+1    2.1230097e-19
1.4516704220e+1    2.1198459e-19
1.4530309380e+1    2.0200119e-19
1.4543914530e+1    1.9578869e-19
1.4557519690e+1    1.9351363e-19
1.4571124850e+1    1.9196265e-19
1.4584730010e+1    1.8615144e-19
1.4598335170e+1    1.8745574e-19
1.4611940330e+1    1.8373889e-19
1.4625545490e+1    1.8426385e-19
1.4639150640e+1    1.7739024e-19
1.4652755800e+1    1.7383855e-19
1.4666360960e+1    1.6771141e-19
1.4679966120e+1    1.6522469e-19
1.4693571280e+1    1.6335590e-19
1.4707176440e+1    1.5953290e-19
1.4720781600e+1    1.5693251e-19
1.4734386750e+1    1.5566683e-19
1.4747991910e+1    1.5429677e-19
1.4761597070e+1    1.5329811e-19
1.4775202230e+1    1.5040698e-19
1.4788807390e+1    1.5030061e-19
1.4802412550e+1    1.5241974e-19
1.4816017710e+1    1.5488939e-19
1.4829622860e+1    1.5443267e-19
1.4843228020e+1    1.5349386e-19
1.4856833180e+1    1.5137617e-19
1.4870438340e+1    1.4966347e-19
1.4884043500e+1    1.5413686e-19
1.4897648660e+1    1.4763278e-19
1.4911253820e+1    1.4788463e-19
1.4924858980e+1    1.4339935e-19
1.4938464130e+1    1.4196108e-19
1.4952069290e+1    1.4404025e-19
1.4965674450e+1    1.4230969e-19
1.4979279610e+1    1.4005491e-19
1.4992884770e+1    1.3681482e-19
1.5006489930e+1    1.3640268e-19
1.5020095090e+1    1.3494836e-19
1.5033700240e+1    1.3338804e-19
1.5047305400e+1    1.3258527e-19
1.5060910560e+1    1.3384834e-19
1.5074515720e+1    1.3161092e-19
1.5088120880e+1    1.3027098e-19
1.5101726040e+1    1.3023635e-19
1.5115331200e+1    1.3119965e-19
1.5128936350e+1    1.3087040e-19
1.5142541510e+1    1.3024439e-19
1.5156146670e+1    1.2784768e-19
1.5169751830e+1    1.2653348e-19
1.5183356990e+1    1.2395551e-19
1.5196962150e+1    1.2455642e-19
1.5210567310e+1    1.2416770e-19
1.5224172460e+1    1.2341263e-19
1.5237777620e+1    1.2419230e-19
1.5251382780e+1    1.2392259e-19
1.5264987940e+1    1.2275210e-19
1.5278593100e+1    1.2170573e-19
1.5292198260e+1    1.2109767e-19
1.5305803420e+1    1.2086087e-19
1.5319408570e+1    1.2024645e-19
1.5333013730e+1    1.2102322e-19
1.5346618890e+1    1.1872413e-19
1.5360224050e+1    1.1776704e-19
1.5373829210e+1    1.1807464e-19
1.5387434370e+1    1.1766857e-19
1.5401039530e+1    1.1624990e-19
1.5414644680e+1    1.1511999e-19
1.5428249840e+1    1.1480708e-19
1.5441855000e+1    1.1375944e-19
1.5455460160e+1    1.1245626e-19
1.5469065320e+1    1.1123506e-19
1.5482670480e+1    1.1059625e-19
1.5509880790e+1    1.0923289e-19
1.5523485950e+1    1.0798216e-19
1.5537091110e+1    1.0854643e-19
1.5550696270e+1    1.0705906e-19
1.5564301430e+1    1.0733180e-19
1.5577906590e+1    1.0607250e-19
1.5591511750e+1    1.0502206e-19
1.5605116900e+1    1.0528885e-19
1.5618722060e+1    1.0498194e-19
1.5632327220e+1    1.0367954e-19
1.5645932380e+1    1.0202433e-19
1.5659537540e+1    1.0069963e-19
1.5673142700e+1    9.9413662e-20
1.5686747860e+1    9.8552840e-20
1.5700353010e+1    9.7565401e-20
1.5713958170e+1    9.7169903e-20
1.5727563330e+1    9.8124341e-20
1.5741168490e+1    9.8565446e-20
1.5754773650e+1    9.6803421e-20
1.5768378810e+1    9.6753908e-20
1.5781983970e+1    9.6150475e-20
1.5795589120e+1    9.5486956e-20
1.5809194280e+1    9.5754160e-20
1.5822799440e+1    9.4974157e-20
1.5836404600e+1    9.4868958e-20
1.5850009760e+1    9.5230082e-20
1.5863614920e+1    9.3709909e-20
1.5877220080e+1    9.4134571e-20
1.5890825240e+1    9.2595781e-20
1.5904430390e+1    9.3097151e-20
1.5918035550e+1    9.1975581e-20
1.5931640710e+1    9.2454623e-20
1.5945245870e+1    9.2276641e-20
1.5958851030e+1    9.0924725e-20
1.5972456190e+1    8.8206902e-20
1.5986061350e+1    9.0403671e-20
1.5999666500e+1    8.9724897e-20
1.6013271660e+1    9.0822720e-20
1.6026876820e+1    9.0705486e-20
1.6040481980e+1    9.0715754e-20
1.6054087140e+1    9.1005366e-20
1.6067692300e+1    8.9529515e-20
1.6081297460e+1    8.9039190e-20
1.6094902610e+1    8.8550938e-20
1.6108507770e+1    8.8269811e-20
1.6122112930e+1    8.7640448e-20
1.6135718090e+1    8.7769871e-20
1.6149323250e+1    8.7642666e-20
1.6162928410e+1    8.7021192e-20
1.6176533570e+1    8.6622352e-20
1.6190138720e+1    8.5417615e-20
1.6203743880e+1    8.6231539e-20
1.6217349040e+1    8.4823850e-20
1.6230954200e+1    8.5097185e-20
1.6244559360e+1    8.5035513e-20
1.6258164520e+1    8.4389588e-20
1.6271769680e+1    8.3179772e-20
1.6285374830e+1    8.4081491e-20
1.6298979990e+1    8.4520649e-20
1.6312585150e+1    8.5313603e-20
1.6326190310e+1    8.6287212e-20
1.6339795470e+1    8.4205577e-20
1.6353400630e+1    8.2734324e-20
1.6367005790e+1    8.2302264e-20
1.6394216100e+1    8.2288224e-20
1.6407821260e+1    8.1948339e-20
1.6421426420e+1    8.2031145e-20
1.6435031580e+1    8.0681658e-20
1.6448636740e+1    8.1054795e-20
1.6462241900e+1    8.0212321e-20
1.6475847050e+1    8.0349920e-20
1.6489452210e+1    8.0253422e-20
1.6503057370e+1    7.9900316e-20
1.6516662530e+1    7.9950147e-20
1.6530267690e+1    7.9535452e-20
1.6543872850e+1    7.9667691e-20
1.6557478010e+1    7.9734137e-20
1.6571083160e+1    7.9430511e-20
1.6584688320e+1    7.8006591e-20
1.6598293480e+1    7.8463634e-20
1.6611898640e+1    7.8465136e-20
1.6625503800e+1    7.8626689e-20
1.6639108960e+1    7.8631248e-20
1.6652714120e+1    7.9299195e-20
1.6679924430e+1    7.8131810e-20
1.6693529590e+1    7.7885899e-20
1.6707134750e+1    7.8491585e-20
1.6720739910e+1    7.8511768e-20
1.6734345070e+1    7.8349684e-20
1.6747950230e+1    7.8696420e-20
1.6761555380e+1    7.7539520e-20
1.6775160540e+1    7.7915799e-20
1.6788765700e+1    7.7485140e-20
1.6802370860e+1    7.7226224e-20
1.6815976020e+1    7.6733959e-20
1.6829581180e+1    7.6628722e-20
1.6843186340e+1    7.5771441e-20
1.6856791500e+1    7.5697347e-20
1.6870396650e+1    7.5697652e-20
1.6884001810e+1    7.5097652e-20
1.6897606970e+1    7.5352692e-20
1.6911212130e+1    7.5225381e-20
1.6924817290e+1    7.4967165e-20
1.6938422450e+1    7.4346314e-20
1.6952027610e+1    7.4577601e-20
1.6965632760e+1    7.4154271e-20
1.6979237920e+1    7.3354622e-20
1.6992843080e+1    7.3329146e-20
1.7006448240e+1    7.2598835e-20
1.7020053400e+1    7.2700853e-20
1.7033658560e+1    7.1667867e-20
1.7047263720e+1    7.2563170e-20
1.7060868870e+1    7.2156373e-20
1.7074474030e+1    7.1973625e-20
1.7088079190e+1    7.1923074e-20
1.7101684350e+1    7.1901960e-20
1.7115289510e+1    7.1428785e-20
1.7128894670e+1    7.1685775e-20
1.7142499830e+1    7.1459366e-20
1.7156104980e+1    7.1417799e-20
1.7169710140e+1    7.1392179e-20
1.7183315300e+1    7.1004822e-20
1.7196920460e+1    7.0698181e-20
1.7210525620e+1    7.0029982e-20
1.7224130780e+1    7.0932374e-20
1.7237735940e+1    7.0599704e-20
1.7251341090e+1    7.2132822e-20
1.7264946250e+1    7.0814476e-20
1.7278551410e+1    7.0802791e-20
1.7292156570e+1    7.0010660e-20
1.7305761730e+1    6.9352276e-20
1.7319366890e+1    6.9026913e-20
1.7332972050e+1    6.9346558e-20
1.7346577200e+1    6.9346164e-20
1.7360182360e+1    6.8967021e-20
1.7373787520e+1    6.8839816e-20
1.7387392680e+1    6.8172165e-20
1.7400997840e+1    6.8382786e-20
1.7414603000e+1    6.8959305e-20
1.7428208160e+1    6.9213361e-20
1.7441813310e+1    6.8739574e-20
1.7455418470e+1    6.8003127e-20
1.7469023630e+1    6.7643075e-20
1.7482628790e+1    6.7628206e-20
1.7496233950e+1    6.7891231e-20
1.7509839110e+1    6.7673406e-20
1.7523444270e+1    6.7594394e-20
1.7537049420e+1    6.7647383e-20
1.7550654580e+1    6.6601266e-20
1.7564259740e+1    6.6284943e-20
1.7577864900e+1    6.6091524e-20
1.7591470060e+1    6.5841132e-20
1.7605075220e+1    6.5897713e-20
1.7618680380e+1    6.5637532e-20
1.7632285530e+1    6.5732647e-20
1.7645890690e+1    6.5176859e-20
1.7659495850e+1    6.4820224e-20
1.7673101010e+1    2.6277982e-19
1.7686706170e+1    6.5574861e-20
1.7700311330e+1    6.5923295e-20
1.7713916490e+1    6.5248190e-20
1.7727521640e+1    6.5073509e-20
1.7741126800e+1    6.5214630e-20
1.7754731960e+1    6.5143445e-20
1.7768337120e+1    6.5137726e-20
1.7781942280e+1    6.4640686e-20
1.7795547440e+1    6.4766523e-20
1.7809152600e+1    6.4519562e-20
1.7822757760e+1    6.4101534e-20
1.7836362910e+1    6.3777281e-20
1.7849968070e+1    6.3670824e-20
1.7863573230e+1    6.3739422e-20
1.7877178390e+1    6.3784938e-20
1.7890783550e+1    6.3686768e-20
1.7904388710e+1    6.3734055e-20
1.7917993870e+1    6.3869680e-20
1.7931599020e+1    6.3769972e-20
1.7945204180e+1    6.3821320e-20
1.7958809340e+1    6.3776919e-20
1.7972414500e+1    6.3817512e-20
1.7986019660e+1    6.3901476e-20
1.7999624820e+1    6.3671228e-20
1.8013229980e+1    6.3663044e-20
1.8026835130e+1    6.3669253e-20
1.8040440290e+1    6.3384483e-20
1.8054045450e+1    6.3559314e-20
1.8067650610e+1    6.3276588e-20
1.8081255770e+1    6.3180010e-20
1.8094860930e+1    6.2912684e-20
1.8108466090e+1    6.2906444e-20
1.8122071240e+1    6.3000147e-20
1.8135676400e+1    6.2808371e-20
1.8149281560e+1    6.2752291e-20
1.8162886720e+1    6.2740518e-20
1.8176491880e+1    6.2704662e-20
1.8190097040e+1    6.2863149e-20
1.8203702200e+1    6.2284422e-20
1.8217307350e+1    6.2470083e-20
1.8230912510e+1    6.2218185e-20
1.8244517670e+1    6.2678036e-20
1.8258122830e+1    6.2526530e-20
1.8271727990e+1    6.2674765e-20
1.8285333150e+1    6.2563103e-20
1.8298938310e+1    6.2707868e-20
1.8312543460e+1    6.2717907e-20
1.8326148620e+1    6.2406506e-20
1.8339753780e+1    6.2505879e-20
1.8353358940e+1    6.2471042e-20
1.8366964100e+1    6.2395955e-20
1.8380569260e+1    6.2209139e-20
1.8394174420e+1    6.1807011e-20
1.8407779570e+1    6.1925643e-20
1.8421384730e+1    6.1347423e-20
1.8434989890e+1    6.1179469e-20
1.8448595050e+1    6.1079275e-20
1.8462200210e+1    6.1204581e-20
1.8475805370e+1    6.1286986e-20
1.8489410530e+1    6.1124360e-20
1.8503015680e+1    6.1233555e-20
1.8516620840e+1    6.0785449e-20
1.8530226000e+1    6.0964243e-20
1.8543831160e+1    6.0097416e-20
1.8557436320e+1    6.0355094e-20
1.8571041480e+1    6.0377299e-20
1.8584646640e+1    6.0469652e-20
1.8598251790e+1    6.0373435e-20
1.8611856950e+1    6.0232051e-20
1.8625462110e+1    6.0180773e-20
1.8639067270e+1    6.0188492e-20
1.8652672430e+1    6.0111796e-20
1.8666277590e+1    5.9834820e-20
1.8679882750e+1    5.9985671e-20
1.8693487900e+1    5.9926973e-20
1.8707093060e+1    2.0301167e-19
1.8720698220e+1    5.9563572e-20
1.8734303380e+1    5.9463350e-20
1.8747908540e+1    5.9253009e-20
1.8761513700e+1    5.9387244e-20
1.8775118860e+1    5.8763570e-20
1.8788724020e+1    5.9689010e-20
1.8802329170e+1    5.9198403e-20
1.8815934330e+1    5.9144875e-20
1.8829539490e+1    5.8865395e-20
1.8843144650e+1    5.8726376e-20
1.8856749810e+1    5.8695872e-20
1.8870354970e+1    5.8456252e-20
1.8883960130e+1    5.8386471e-20
1.8897565280e+1    5.8231853e-20
1.8911170440e+1    5.8401846e-20
1.8924775600e+1    5.8257003e-20
1.8938380760e+1    5.8053624e-20
1.8951985920e+1    5.7965971e-20
1.8965591080e+1    5.8021952e-20
1.8979196240e+1    5.7964772e-20
1.8992801390e+1    5.7917565e-20
1.9006406550e+1    5.7948950e-20
1.9020011710e+1    5.7905338e-20
1.9033616870e+1    5.7676907e-20
1.9047222030e+1    5.8236915e-20
1.9060827190e+1    5.7981929e-20
1.9074432350e+1    5.7891215e-20
1.9088037500e+1    5.7680550e-20
1.9101642660e+1    5.7871732e-20
1.9115247820e+1    5.7842069e-20
1.9128852980e+1    5.7979261e-20
1.9142458140e+1    5.7823209e-20
1.9156063300e+1    5.7609701e-20
1.9169668460e+1    5.7509771e-20
1.9183273610e+1    5.7528527e-20
1.9196878770e+1    5.7354028e-20
1.9210483930e+1    5.7381426e-20
1.9224089090e+1    5.7332574e-20
1.9237694250e+1    5.7131312e-20
1.9251299410e+1    5.7100020e-20
1.9264904570e+1    5.6974239e-20
1.9278509720e+1    5.6938383e-20
1.9292114880e+1    5.6970467e-20
1.9305720040e+1    5.6768734e-20
1.9319325200e+1    5.6853462e-20
1.9332930360e+1    5.6877266e-20
1.9346535520e+1    5.6635630e-20
1.9360140680e+1    5.7162445e-20
1.9373745830e+1    5.6854853e-20
1.9387350990e+1    5.6551989e-20
1.9400956150e+1    5.6761042e-20
1.9414561310e+1    6.0425918e-20
1.9428166470e+1    5.6543608e-20
1.9441771630e+1    5.6317294e-20
1.9455376790e+1    5.6231378e-20
1.9468981940e+1    5.6087511e-20
1.9482587100e+1    5.9593319e-20
1.9496192260e+1    5.5929471e-20
1.9509797420e+1    5.5901451e-20
1.9523402580e+1    5.7079450e-20
1.9537007740e+1    5.5906606e-20
1.9550612900e+1    5.5764842e-20
1.9564218050e+1    5.5754919e-20
1.9577823210e+1    5.5730817e-20
1.9591428370e+1    5.5402715e-20
1.9999583130e+1    3.1732734e-19
2.4999478910e+1    3.9363568e-20
2.9999374690e+1    3.0031605e-20
3.4999270480e+1    2.3921360e-20
3.9999166260e+1    1.9506844e-20
4.4999062040e+1    1.6026651e-20
4.9998957820e+1    1.3314907e-20
5.4998853610e+1    1.1247389e-20
5.9998749390e+1    9.6178632e-21
6.4998645170e+1    8.3190306e-21
6.9998540950e+1    7.2630368e-21
7.4998436740e+1    6.3957021e-21
7.9998332520e+1    5.6739582e-21
8.4998228300e+1    5.0681764e-21
8.9998124080e+1    4.5551199e-21
9.4998019870e+1    4.1171552e-21
9.9997915650e+1    3.7403841e-21
1.0499781143e+2    3.4137920e-21
1.0999770721e+2    3.1294754e-21
1.1499760300e+2    2.8801423e-21
1.1999749878e+2    2.6602932e-21
1.2499739456e+2    2.4657526e-21
1.2999729034e+2    2.2926077e-21
1.3499718613e+2    2.1378114e-21
-----------------------------

